0 11 19 24 1 17 14 17 9 12 13 34 16 7 20 25 9 17 6 18 8 13 29 10 21 17 8 10 24 12 24 9 12 3 31 19 5 30 14 7 14 18 10 25 11 11 20 34 13 1 22 24 9 26 13 25 7 19 7 32 17 9 7 10 4 3 9 9 11 10 10 9 11 12 9 12 10 8 10 9 4 5 3 0 12 12 9 9 9 11 12 13 14 13 12 11 12 14 14 14 15
11 0 26 31 10 28 13 28 7 14 24 42 16 11 27 31 18 24 6 20 16 24 30 8 28 25 4 9 30 11 31 8 23 9 32 26 12 32 21 5 24 25 6 31 21 9 27 42 14 10 30 32 20 28 12 32 9 26 14 34 24 7 12 19 14 12 15 14 12 13 9 7 10 11 18 19 17 17 18 13 10 11 10 11 22 22 18 19 19 21 18 18 17 16 14 13 13 15 15 15 16
19 26 0 10 19 12 15 12 20 19 21 21 11 25 14 11 19 4 22 12 25 14 19 19 15 12 22 20 10 19 10 20 19 22 21 0 20 21 5 22 18 5 22 11 19 19 14 21 16 19 13 15 18 18 20 11 26 0 20 23 2 20 21 16 23 22 19 19 17 17 19 20 17 16 17 17 17 17 16 19 21 22 21 19 18 18 16 15 12 10 13 13 13 14 16 16 15 13 13 13 13
24 31 10 0 24 15 20 15 25 24 26 26 15 29 18 4 24 9 27 17 30 17 13 24 19 16 27 24 1 23 0 24 23 27 16 10 25 15 10 26 21 10 27 4 24 23 18 26 20 24 17 18 23 11 24 5 31 10 25 17 9 25 25 21 28 27 23 24 21 21 23 25 22 21 22 22 22 22 21 23 26 27 26 24 23 23 21 20 17 15 17 17 17 18 20 21 19 18 17 18 18
1 10 19 24 0 18 15 18 9 12 14 34 16 7 20 25 9 17 6 18 7 14 28 10 21 17 7 11 23 12 24 10 13 3 30 19 6 30 14 7 14 18 9 25 11 11 20 34 13 0 21 23 10 26 12 25 7 19 7 32 17 9 6 9 5 4 9 8 11 10 11 9 12 12 8 12 10 7 10 8 4 5 4 1 12 12 8 9 9 11 12 13 14 14 12 11 13 14 15 15 15
17 28 12 15 18 0 20 2 21 20 16 26 15 24 19 16 19 11 23 16 25 11 24 21 20 16 24 22 15 19 15 21 12 20 26 12 20 26 11 23 10 12 25 16 17 22 19 26 16 18 9 11 18 22 20 16 24 12 20 28 10 22 20 17 21 20 18 20 17 17 20 21 18 17 17 17 17 17 16 19 20 21 19 17 15 16 15 13 12 11 12 12 12 13 15 16 17 17 16 15 14
14 13 15 20 15 20 0 21 7 9 23 31 5 13 17 21 15 14 9 9 22 18 20 5 18 14 9 6 20 9 20 7 21 12 21 15 15 21 11 8 22 15 9 21 21 5 17 31 9 15 22 24 21 17 10 21 13 15 13 23 14 7 11 15 17 15 12 9 6 7 6 7 5 5 15 15 13 14 14 9 13 13 13 14 20 20 19 16 14 12 11 11 9 9 8 7 6 5 5 6 7
17 28 12 15 18 2 21 0 22 21 15 26 16 24 20 16 20 11 23 17 25 11 24 21 21 17 25 23 15 20 15 21 13 20 26 12 20 26 11 24 11 12 25 16 18 23 20 26 17 18 9 11 18 22 21 16 24 12 20 28 10 23 20 17 21 20 19 21 18 18 21 22 19 18 18 18 17 18 17 20 20 21 20 17 15 16 15 14 12 12 13 13 13 14 16 17 18 17 17 16 15
9 7 20 25 9 21 7 22 0 7 22 35 10 8 21 25 14 18 3 14 16 19 24 2 22 19 3 2 24 5 25 2 21 6 26 20 9 26 15 2 22 19 4 25 20 3 21 35 8 9 23 25 18 22 5 26 7 20 11 28 18 2 9 14 11 9 10 8 5 6 2 1 3 4 14 14 12 13 13 8 7 8 7 9 20 20 17 18 16 14 11 11 10 9 7 6 6 8 8 8 9
12 14 19 24 12 20 9 21 7 0 22 35 9 10 20 24 11 17 10 13 19 18 23 8 21 18 10 9 23 3 24 6 20 9 25 19 12 25 14 9 21 18 10 24 18 9 20 35 5 12 22 24 18 21 3 25 13 19 8 27 17 8 7 11 14 12 7 5 4 3 7 7 6 5 11 12 9 10 10 5 9 8 10 12 19 19 16 16 15 13 10 9 8 7 5 4 6 8 8 8 9
13 24 21 26 14 16 23 15 22 22 0 37 19 20 22 27 16 19 19 20 21 16 31 23 23 20 21 23 26 21 26 22 9 16 33 21 16 33 16 20 7 20 23 27 8 24 22 37 19 14 21 22 10 29 22 27 20 21 16 35 19 22 16 16 17 16 15 18 20 20 23 22 21 20 15 17 16 14 17 18 16 17 15 13 6 7 9 9 10 12 14 15 15 16 18 19 20 18 18 18 17
34 42 21 26 34 26 31 26 35 35 37 0 26 40 29 26 34 21 38 28 41 28 35 35 30 27 38 35 25 33 26 35 34 37 36 21 35 36 21 37 32 21 38 26 35 34 29 0 30 34 28 29 34 34 34 27 41 21 35 38 20 36 36 32 38 37 34 35 32 32 34 36 33 32 33 32 32 32 32 34 37 38 37 34 33 33 32 31 27 26 28 28 28 29 31 32 30 29 28 29 29
16 16 11 15 16 15 5 16 10 9 19 26 0 14 12 16 13 9 12 4 23 13 15 9 13 9 12 9 15 8 15 9 16 14 16 11 15 16 6 11 17 10 12 16 17 8 12 26 6 16 17 19 16 12 9 16 16 11 12 18 9 10 10 11 18 16 11 9 6 6 8 10 7 6 12 12 11 11 10 8 13 12 14 16 16 15 14 13 10 8 7 7 5 5 5 6 4 3 2 3 3
7 11 25 29 7 24 13 24 8 10 20 40 14 0 26 30 13 23 5 18 14 20 29 9 27 23 7 9 29 10 29 8 19 4 30 25 7 30 20 6 20 24 9 30 17 10 26 40 11 7 27 29 15 26 10 30 6 25 7 32 23 8 4 13 9 7 9 6 9 8 9 8 9 10 12 14 10 11 12 6 5 4 5 7 18 18 15 15 15 17 15 14 13 12 10 9 11 13 13 13 14
20 27 14 18 20 19 17 20 21 20 22 29 12 26 0 19 20 10 23 13 26 16 24 20 1 10 24 21 18 20 18 21 20 23 26 14 21 26 9 23 21 11 24 19 20 20 0 29 17 20 21 23 20 22 21 20 27 14 21 28 12 21 22 17 24 23 20 20 18 18 20 21 18 18 18 18 18 19 18 20 23 23 22 20 19 19 18 16 13 11 14 14 14 15 17 18 16 14 14 15 14
25 31 11 4 25 16 21 16 25 24 27 26 16 30 19 0 24 10 27 18 31 18 14 25 20 17 28 25 4 23 4 25 24 28 16 11 26 16 11 27 22 11 28 0 25 24 19 26 20 25 18 19 24 12 24 1 31 11 26 18 9 25 26 22 29 28 24 24 22 22 24 25 22 22 23 22 22 22 22 24 27 28 27 25 24 24 22 21 18 16 18 18 18 19 21 22 20 18 18 19 18
9 18 19 24 9 19 15 20 14 11 16 34 13 13 20 24 0 17 13 15 16 15 25 14 21 18 15 16 23 10 24 13 14 12 27 19 10 27 14 14 15 18 17 24 12 16 20 34 9 9 21 23 12 23 11 25 16 19 10 29 17 15 9 4 13 12 5 7 10 9 13 14 12 11 3 7 4 2 5 8 11 10 11 9 13 13 10 10 9 11 9 9 10 10 10 11 13 14 13 13 12
17 24 4 9 17 11 14 11 18 17 19 21 9 23 10 10 17 0 20 10 23 13 18 17 11 8 20 18 9 17 9 18 17 20 20 4 18 20 3 20 17 1 20 10 17 17 10 21 15 17 12 14 16 18 18 11 24 4 18 22 2 18 19 14 21 20 17 17 15 15 17 18 15 14 15 15 15 15 14 17 19 20 19 17 16 16 14 13 10 8 11 11 11 12 14 14 13 11 11 11 11
6 6 22 27 6 23 9 23 3 10 19 38 12 5 23 27 13 20 0 16 13 19 26 4 24 21 2 5 26 7 27 4 18 4 28 22 6 28 17 1 19 21 4 27 17 5 23 38 10 6 26 28 15 24 7 28 4 22 9 30 20 3 6 14 8 6 10 8 8 9 5 3 6 7 14 15 12 13 13 8 4 5 4 6 17 17 14 15 14 17 14 14 13 12 10 9 9 11 11 11 12
18 20 12 17 18 16 9 17 14 13 20 28 4 18 13 18 15 10 16 0 24 14 17 13 14 11 16 13 16 12 17 13 18 18 18 12 19 18 7 15 19 11 16 18 18 12 13 28 10 18 19 20 18 14 13 18 20 12 16 20 10 14 14 13 22 20 14 13 10 10 12 14 11 10 14 13 13 13 12 12 17 16 18 18 17 17 15 14 11 9 9 8 7 8 9 10 8 7 6 7 7
8 16 25 30 7 25 22 25 16 19 21 41 23 14 26 31 16 23 13 24 0 21 35 17 27 24 14 18 30 19 30 17 19 10 37 25 13 37 20 14 21 24 15 31 15 18 26 41 20 7 28 30 12 33 19 31 14 25 13 39 23 16 13 16 12 11 16 15 18 17 18 16 19 19 15 19 16 14 17 15 11 12 11 8 17 15 14 16 16 18 19 20 21 21 19 18 20 21 22 22 22
13 24 14 17 14 11 18 11 19 18 16 28 13 20 16 18 15 13 19 14 21 0 25 19 17 14 21 20 17 17 17 19 11 16 27 14 15 27 10 20 13 14 23 18 14 20 16 28 14 14 13 15 14 23 18 18 20 14 16 29 12 20 16 13 17 16 15 18 15 16 18 20 16 16 14 13 14 13 13 18 16 17 15 13 12 12 11 9 8 8 10 10 11 12 13 14 15 14 13 13 12
29 30 19 13 28 24 20 24 24 23 31 35 15 29 24 14 25 18 26 17 35 25 0 24 25 22 26 24 13 23 13 24 28 29 3 19 30 3 18 26 30 19 26 14 29 23 24 35 21 28 26 27 28 6 24 15 30 19 27 5 17 24 25 23 32 30 24 23 21 21 23 24 21 21 24 24 23 23 23 23 27 27 28 29 28 28 26 25 22 20 19 19 18 18 20 21 19 17 17 17 17
10 8 19 24 10 21 5 21 2 8 23 35 9 9 20 25 14 17 4 13 17 19 24 0 21 17 4 2 23 6 24 3 22 7 25 19 10 25 14 3 23 18 4 25 21 2 20 35 8 10 23 24 19 21 6 25 8 19 12 27 17 2 10 14 12 10 10 8 5 6 2 2 3 4 14 14 12 13 13 8 8 9 8 10 21 21 18 18 15 13 11 11 9 8 7 6 6 7 8 7 8
21 28 15 19 21 20 18 21 22 21 23 30 13 27 1 20 21 11 24 14 27 17 25 21 0 11 25 22 19 21 19 22 21 24 27 15 22 27 10 24 22 12 25 20 21 21 1 30 18 21 22 24 21 23 22 21 28 15 22 29 13 22 23 18 25 24 21 21 19 19 21 22 19 19 19 19 19 20 19 21 24 24 23 21 20 20 19 17 14 12 15 15 15 16 18 19 17 15 15 16 15
17 25 12 16 17 16 14 17 19 18 20 27 9 23 10 17 18 8 21 11 24 14 22 17 11 0 21 18 16 17 16 18 17 20 24 12 19 24 7 20 18 9 21 17 18 17 10 27 15 17 18 20 17 21 18 17 24 12 18 25 10 19 19 15 21 20 17 18 15 15 17 19 16 15 16 15 16 16 15 17 20 21 20 17 16 16 15 14 10 9 11 11 12 13 14 15 13 12 11 12 12
8 4 22 27 7 24 9 25 3 10 21 38 12 7 24 28 15 20 2 16 14 21 26 4 25 21 0 5 26 7 27 4 20 5 28 22 8 28 17 1 21 21 2 28 18 5 24 38 10 7 26 28 17 24 8 28 5 22 10 30 20 3 8 15 10 8 11 10 8 9 5 3 6 7 15 15 13 14 14 9 6 7 6 8 19 19 15 16 16 17 14 14 13 12 10 9 9 11 11 11 12
10 9 20 24 11 22 6 23 2 9 23 35 9 9 21 25 16 18 5 13 18 20 24 2 22 18 5 0 24 7 24 4 22 8 25 20 11 25 15 4 24 19 5 25 21 2 21 35 10 11 25 26 19 21 7 25 9 20 13 27 18 3 11 16 13 11 12 10 7 7 4 3 5 6 15 16 14 14 15 9 9 10 9 10 22 22 19 19 17 15 13 13 11 10 9 8 7 9 9 9 10
24 30 10 1 23 15 20 15 24 23 26 25 15 29 18 4 23 9 26 16 30 17 13 23 19 16 26 24 0 22 1 24 23 26 15 10 25 15 10 26 21 10 26 4 24 23 18 25 19 23 16 18 23 11 23 4 30 10 25 17 8 24 25 21 28 27 23 23 21 21 23 24 21 21 22 21 21 21 20 23 26 27 26 24 23 23 21 20 17 15 17 17 17 18 20 21 19 17 17 17 17
12 11 19 23 12 19 9 20 5 3 21 33 8 10 20 23 10 17 7 12 19 17 23 6 21 17 7 7 22 0 23 4 19 10 24 19 10 24 14 7 20 18 8 23 17 8 20 33 5 12 21 23 17 20 1 24 11 19 8 26 17 6 6 10 13 11 6 4 3 2 5 5 4 4 10 11 8 9 9 4 8 7 9 12 18 18 14 15 14 12 9 8 7 6 4 3 5 7 7 7 8
24 31 10 0 24 15 20 15 25 24 26 26 15 29 18 4 24 9 27 17 30 17 13 24 19 16 27 24 1 23 0 24 23 27 16 10 25 15 10 26 21 10 27 4 24 23 18 26 20 24 17 18 23 11 24 5 31 10 25 17 9 25 25 21 28 27 23 24 21 21 23 25 22 21 22 22 22 22 21 23 26 27 26 24 23 23 21 20 17 15 17 17 17 18 20 21 19 18 17 18 18
9 8 20 24 10 21 7 21 2 6 22 35 9 8 21 25 13 18 4 13 17 19 24 3 22 18 4 4 24 4 24 0 21 7 25 20 10 25 15 3 23 19 5 25 20 5 21 35 7 10 23 25 18 21 4 25 8 20 11 27 18 3 9 13 12 10 8 7 5 5 2 1 3 4 12 13 10 11 11 7 8 9 8 9 21 21 17 18 15 14 11 11 9 8 7 6 6 7 8 7 8
12 23 19 23 13 12 21 13 21 20 9 34 16 19 20 24 14 17 18 18 19 11 28 22 21 17 20 22 23 19 23 21 0 15 30 19 14 30 14 19 7 18 21 24 10 23 20 34 17 13 18 19 10 26 19 24 19 19 14 32 17 21 15 15 16 15 14 17 19 19 22 21 20 19 14 16 15 13 16 17 15 16 15 12 8 9 8 8 9 11 13 14 14 15 17 18 19 17 17 17 16
3 9 22 27 3 20 12 20 6 9 16 37 14 4 23 28 12 20 4 18 10 16 29 7 24 20 5 8 26 10 27 7 15 0 30 22 4 30 17 4 17 21 7 28 14 8 23 37 11 3 24 26 12 26 10 28 4 22 6 32 20 6 4 12 6 4 8 6 9 8 8 6 9 10 11 14 10 10 11 6 2 3 2 3 15 15 11 12 12 14 15 14 13 12 10 9 11 12 13 13 13
31 32 21 16 30 26 21 26 26 25 33 36 16 30 26 16 27 20 28 18 37 27 3 25 27 24 28 25 15 24 16 25 30 30 0 21 31 1 20 27 31 21 28 16 31 24 26 36 22 30 28 29 30 7 25 16 32 21 28 2 19 26 26 25 34 32 26 25 22 22 24 26 23 22 26 26 25 25 24 24 29 28 30 31 29 29 28 27 24 22 21 21 19 20 21 22 20 19 18 19 19
19 26 0 10 19 12 15 12 20 19 21 21 11 25 14 11 19 4 22 12 25 14 19 19 15 12 22 20 10 19 10 20 19 22 21 0 20 21 5 22 18 5 22 11 19 19 14 21 16 19 13 15 18 18 20 11 26 0 20 23 2 20 21 16 23 22 19 19 17 17 19 20 17 16 17 17 17 17 16 19 21 22 21 19 18 18 16 15 12 10 13 13 13 14 16 16 15 13 13 13 13
5 12 20 25 6 20 15 20 9 12 16 35 15 7 21 26 10 18 6 19 13 15 30 10 22 19 8 11 25 10 25 10 14 4 31 20 0 31 15 7 15 19 10 26 12 11 21 35 11 6 23 24 10 27 11 26 7 20 4 33 18 9 5 11 4 4 9 7 10 9 11 9 12 11 10 13 11 9 12 7 3 4 3 5 13 13 9 10 10 12 13 14 14 13 11 10 12 13 14 14 14
30 32 21 15 30 26 21 26 26 25 33 36 16 30 26 16 27 20 28 18 37 27 3 25 27 24 28 25 15 24 15 25 30 30 1 21 31 0 20 27 31 21 28 16 31 24 26 36 22 30 28 29 30 7 25 16 32 21 28 2 19 26 26 25 34 32 26 25 22 22 24 26 23 22 26 25 25 25 24 24 29 28 30 30 29 29 28 27 23 22 21 21 19 20 21 22 20 19 18 19 19
14 21 5 10 14 11 11 11 15 14 16 21 6 20 9 11 14 3 17 7 20 10 18 14 10 7 17 15 10 14 10 15 14 17 20 5 15 20 0 17 15 4 17 11 14 14 9 21 12 14 13 14 13 16 15 11 21 5 15 22 3 15 16 11 18 17 14 14 12 12 14 15 12 11 12 12 12 12 11 14 16 17 16 14 13 13 11 10 7 5 8 8 8 9 11 11 10 8 8 8 8
7 5 22 26 7 23 8 24 2 9 20 37 11 6 23 27 14 20 1 15 14 20 26 3 24 20 1 4 26 7 26 3 19 4 27 22 7 27 17 0 20 21 3 27 18 4 23 37 9 7 25 27 16 23 7 27 5 22 9 29 20 2 7 14 9 7 10 9 7 8 4 2 5 6 14 14 12 13 13 8 5 6 5 7 18 18 15 16 15 16 13 13 12 11 9 8 8 10 10 10 11
14 24 18 21 14 10 22 11 22 21 7 32 17 20 21 22 15 17 19 19 21 13 30 23 22 18 21 24 21 20 21 23 7 17 31 18 15 31 15 20 0 18 22 22 11 24 21 32 18 14 16 17 12 27 20 22 21 18 15 33 16 22 17 16 18 17 15 18 20 20 24 22 22 21 15 18 16 14 17 18 16 17 16 14 9 10 9 10 11 13 14 15 16 17 18 19 20 19 18 18 17
18 25 5 10 18 12 15 12 19 18 20 21 10 24 11 11 18 1 21 11 24 14 19 18 12 9 21 19 10 18 10 19 18 21 21 5 19 21 4 21 18 0 21 11 18 18 11 21 16 18 13 15 17 18 19 12 25 5 19 23 3 19 20 15 22 21 18 18 16 16 18 19 16 15 16 16 16 16 15 18 20 21 20 18 17 17 15 14 11 9 12 12 12 13 15 15 14 12 12 12 12
10 6 22 27 9 25 9 25 4 10 23 38 12 9 24 28 17 20 4 16 15 23 26 4 25 21 2 5 26 8 27 5 21 7 28 22 10 28 17 3 22 21 0 28 20 6 24 38 12 9 27 28 19 24 9 28 7 22 12 30 20 3 10 17 12 10 12 11 9 9 6 4 7 8 16 17 14 15 15 11 8 9 8 10 20 20 17 18 17 17 15 15 13 12 11 10 10 11 12 11 12
25 31 11 4 25 16 21 16 25 24 27 26 16 30 19 0 24 10 27 18 31 18 14 25 20 17 28 25 4 23 4 25 24 28 16 11 26 16 11 27 22 11 28 0 25 24 19 26 20 25 18 19 24 12 24 1 31 11 26 18 9 25 26 22 29 28 24 24 22 22 24 25 22 22 23 22 22 22 22 24 27 28 27 25 24 24 22 21 18 16 18 18 18 19 21 22 20 18 18 19 18
11 21 19 24 11 17 21 18 20 18 8 35 17 17 20 25 12 17 17 18 15 14 29 21 21 18 18 21 24 17 24 20 10 14 31 19 12 31 14 18 11 18 20 25 0 22 20 35 17 11 22 23 5 27 18 25 18 19 12 33 17 20 14 13 15 14 12 15 18 17 21 20 20 19 12 16 13 11 14 15 13 14 13 11 4 2 5 7 9 11 12 13 14 15 17 18 18 17 16 17 16
11 9 19 23 11 22 5 23 3 9 24 34 8 10 20 24 16 17 5 12 18 20 23 2 21 17 5 2 23 8 23 5 23 8 24 19 11 24 14 4 24 18 6 24 22 0 20 34 9 11 24 26 20 20 8 24 9 19 13 26 17 3 11 15 13 11 12 10 6 7 4 4 5 5 15 15 14 14 14 9 9 10 9 11 22 22 19 19 17 15 12 12 11 10 8 7 7 8 8 9 10
20 27 14 18 20 19 17 20 21 20 22 29 12 26 0 19 20 10 23 13 26 16 24 20 1 10 24 21 18 20 18 21 20 23 26 14 21 26 9 23 21 11 24 19 20 20 0 29 17 20 21 23 20 22 21 20 27 14 21 28 12 21 22 17 24 23 20 20 18 18 20 21 18 18 18 18 18 19 18 20 23 23 22 20 19 19 18 16 13 11 14 14 14 15 17 18 16 14 14 15 14
34 42 21 26 34 26 31 26 35 35 37 0 26 40 29 26 34 21 38 28 41 28 35 35 30 27 38 35 25 33 26 35 34 37 36 21 35 36 21 37 32 21 38 26 35 34 29 0 30 34 28 29 34 34 34 27 41 21 35 38 20 36 36 32 38 37 34 35 32 32 34 36 33 32 33 32 32 32 32 34 37 38 37 34 33 33 32 31 27 26 28 28 28 29 31 32 30 29 28 29 29
13 14 16 20 13 16 9 17 8 5 19 30 6 11 17 20 9 15 10 10 20 14 21 8 18 15 10 10 19 5 20 7 17 11 22 16 11 22 12 9 18 16 12 20 17 9 17 30 0 13 18 20 17 18 5 21 14 16 9 24 14 9 7 7 14 12 7 5 3 3 7 8 5 4 8 8 7 7 6 5 9 8 10 13 16 16 15 12 11 9 6 5 4 3 1 2 4 6 5 5 5
1 10 19 24 0 18 15 18 9 12 14 34 16 7 20 25 9 17 6 18 7 14 28 10 21 17 7 11 23 12 24 10 13 3 30 19 6 30 14 7 14 18 9 25 11 11 20 34 13 0 21 23 10 26 12 25 7 19 7 32 17 9 6 9 5 4 9 8 11 10 11 9 12 12 8 12 10 7 10 8 4 5 4 1 12 12 8 9 9 11 12 13 14 14 12 11 13 14 15 15 15
22 30 13 17 21 9 22 9 23 22 21 28 17 27 21 18 21 12 26 19 28 13 26 23 22 18 26 25 16 21 17 23 18 24 28 13 23 28 13 25 16 13 27 18 22 24 21 28 18 21 0 3 21 24 22 18 28 13 23 30 12 24 23 19 26 25 20 22 19 20 22 24 20 20 20 19 19 19 18 22 25 24 24 22 20 21 20 18 15 13 14 14 15 16 17 18 19 19 18 17 16
24 32 15 18 23 11 24 11 25 24 22 29 19 29 23 19 23 14 28 20 30 15 27 24 24 20 28 26 18 23 18 25 19 26 29 15 24 29 14 27 17 15 28 19 23 26 23 29 20 23 3 0 23 25 24 20 30 15 24 31 13 26 25 20 28 27 22 24 21 21 24 25 22 21 21 21 21 21 20 23 26 26 26 24 22 23 21 20 17 15 16 16 16 17 19 20 21 20 20 19 18
9 20 18 23 10 18 21 18 18 18 10 34 16 15 20 24 12 16 15 18 12 14 28 19 21 17 17 19 23 17 23 18 10 12 30 18 10 30 13 16 12 17 19 24 5 20 20 34 17 10 21 23 0 26 17 24 16 18 11 32 16 18 11 12 13 12 12 13 16 15 19 18 18 17 11 15 13 10 13 13 11 12 11 9 6 4 4 7 8 11 12 13 13 14 16 16 18 16 16 16 15
26 28 18 11 26 22 17 22 22 21 29 34 12 26 22 12 23 18 24 14 33 23 6 21 23 21 24 21 11 20 11 21 26 26 7 18 27 7 16 23 27 18 24 12 27 20 22 34 18 26 24 25 26 0 21 13 28 18 24 9 17 22 22 21 30 28 22 21 18 18 20 22 19 18 22 22 21 21 20 20 25 24 26 26 25 25 24 23 19 18 17 17 15 16 17 18 16 15 14 15 15
13 12 20 24 12 20 10 21 5 3 22 34 9 10 21 24 11 18 7 13 19 18 24 6 22 18 8 7 23 1 24 4 19 10 25 20 11 25 15 7 20 19 9 24 18 8 21 34 5 12 22 24 17 21 0 25 11 20 8 27 18 7 6 11 14 12 7 5 4 3 6 5 5 5 10 12 9 9 10 4 9 8 10 13 18 18 15 15 14 13 10 9 8 7 5 4 6 7 8 7 8
25 32 11 5 25 16 21 16 26 25 27 27 16 30 20 1 25 11 28 18 31 18 15 25 21 17 28 25 4 24 5 25 24 28 16 11 26 16 11 27 22 12 28 1 25 24 20 27 21 25 18 20 24 13 25 0 32 11 26 18 10 26 26 22 29 28 24 25 22 22 24 26 23 22 23 23 23 23 22 24 27 28 27 25 24 24 22 21 18 16 18 18 18 19 21 22 20 19 18 19 19
7 9 26 31 7 24 13 24 7 13 20 41 16 6 27 31 16 24 4 20 14 20 30 8 28 24 5 9 30 11 31 8 19 4 32 26 7 32 21 5 21 25 7 31 18 9 27 41 14 7 28 30 16 28 11 32 0 26 10 34 24 7 7 16 9 7 12 9 12 11 9 7 10 11 15 17 13 14 15 9 6 6 6 7 19 19 15 16 16 18 17 17 16 15 13 12 13 15 15 15 16
19 26 0 10 19 12 15 12 20 19 21 21 11 25 14 11 19 4 22 12 25 14 19 19 15 12 22 20 10 19 10 20 19 22 21 0 20 21 5 22 18 5 22 11 19 19 14 21 16 19 13 15 18 18 20 11 26 0 20 23 2 20 21 16 23 22 19 19 17 17 19 20 17 16 17 17 17 17 16 19 21 22 21 19 18 18 16 15 12 10 13 13 13 14 16 16 15 13 13 13 13
7 14 20 25 7 20 13 20 11 8 16 35 12 7 21 26 10 18 9 16 13 16 27 12 22 18 10 13 25 8 25 11 14 6 28 20 4 28 15 9 15 19 12 26 12 13 21 35 9 7 23 24 11 24 8 26 10 20 0 30 18 11 3 11 7 7 7 5 7 6 11 11 9 8 10 13 9 9 10 4 5 4 5 7 13 13 10 10 10 12 13 13 11 10 9 8 10 11 11 11 12
32 34 23 17 32 28 23 28 28 27 35 38 18 32 28 18 29 22 30 20 39 29 5 27 29 25 30 27 17 26 17 27 32 32 2 23 33 2 22 29 33 23 30 18 33 26 28 38 24 32 30 31 32 9 27 18 34 23 30 0 21 28 28 27 36 34 28 27 24 24 26 28 25 24 28 27 27 27 26 26 31 30 32 32 31 31 30 29 25 24 23 23 21 22 23 24 22 21 20 21 21
17 24 2 9 17 10 14 10 18 17 19 20 9 23 12 9 17 2 20 10 23 12 17 17 13 10 20 18 8 17 9 18 17 20 19 2 18 19 3 20 16 3 20 9 17 17 12 20 14 17 12 13 16 17 18 10 24 2 18 21 0 18 19 14 21 20 17 17 15 15 17 18 15 14 15 15 15 15 14 17 19 20 19 17 16 16 14 13 10 8 11 11 11 12 14 14 13 11 11 11 11
9 7 20 25 9 22 7 23 2 8 22 36 10 8 21 25 15 18 3 14 16 20 24 2 22 19 3 3 24 6 25 3 21 6 26 20 9 26 15 2 22 19 3 25 20 3 21 36 9 9 24 26 18 22 7 26 7 20 11 28 18 0 9 15 11 9 11 9 6 7 3 2 5 5 15 15 13 14 14 9 7 8 7 9 20 20 17 18 17 15 13 12 11 10 8 7 7 9 9 9 10
7 12 21 25 6 20 11 20 9 7 16 36 10 4 22 26 9 19 6 14 13 16 25 10 23 19 8 11 25 6 25 9 15 4 26 21 5 26 16 7 17 20 10 26 14 11 22 36 7 6 23 25 11 22 6 26 7 21 3 28 19 9 0 9 8 6 5 2 5 4 9 9 7 6 8 11 6 7 8 2 3 2 4 7 14 14 11 11 11 13 11 10 9 8 6 5 7 9 9 9 10
10 19 16 21 9 17 15 17 14 11 16 32 11 13 17 22 4 14 14 13 16 13 23 14 18 15 15 16 21 10 21 13 15 12 25 16 11 25 11 14 16 15 17 22 13 15 17 32 7 9 19 20 12 21 11 22 16 16 11 27 14 15 9 0 13 13 5 7 9 9 13 14 11 10 1 3 3 2 2 8 12 11 12 10 14 14 10 11 10 8 6 6 7 7 8 8 11 11 10 10 9
4 14 23 28 5 21 17 21 11 14 17 38 18 9 24 29 13 21 8 22 12 17 32 12 25 21 10 13 28 13 28 12 16 6 34 23 4 34 18 9 18 22 12 29 15 13 24 38 14 5 26 28 13 30 14 29 9 23 7 36 21 11 8 13 0 2 13 10 13 12 13 11 14 14 12 16 13 11 14 10 6 7 6 4 15 15 12 13 12 15 16 17 17 16 14 13 15 16 17 17 17
3 12 22 27 4 20 15 20 9 12 16 37 16 7 23 28 12 20 6 20 11 16 30 10 24 20 8 11 27 11 27 10 15 4 32 22 4 32 17 7 17 21 10 28 14 11 23 37 12 4 25 27 12 28 12 28 7 22 7 34 20 9 6 13 2 0 11 8 11 10 11 9 12 12 12 15 12 11 13 8 4 5 5 3 15 15 12 12 12 14 15 16 15 14 12 11 13 14 15 15 15
9 15 19 23 9 18 12 19 10 7 15 34 11 9 20 24 5 17 10 14 16 15 24 10 21 17 11 12 23 6 23 8 14 8 26 19 9 26 14 10 15 18 12 24 12 12 20 34 7 9 20 22 12 22 7 24 12 19 7 28 17 11 5 5 13 11 0 4 7 6 10 9 9 8 5 6 2 4 3 4 8 7 9 9 13 13 10 10 9 10 7 7 7 6 7 7 9 11 10 9 9
9 14 19 24 8 20 9 21 8 5 18 35 9 6 20 24 7 17 8 13 15 18 23 8 21 18 10 10 23 4 24 7 17 6 25 19 7 25 14 9 18 18 11 24 15 10 20 35 5 8 22 24 13 21 5 25 9 19 5 27 17 9 2 7 10 8 4 0 6 5 9 8 7 7 6 9 4 5 6 3 5 4 6 9 14 14 11 11 10 12 9 9 8 7 6 6 8 9 10 9 10
11 12 17 21 11 17 6 18 5 4 20 32 6 9 18 22 10 15 8 10 18 15 21 5 19 15 8 7 21 3 21 5 19 9 22 17 10 22 12 7 20 16 9 22 18 6 18 32 3 11 19 21 16 18 4 22 12 17 7 24 15 6 5 9 13 11 7 6 0 1 5 6 3 2 9 9 8 8 8 3 8 7 9 11 17 17 14 13 12 10 7 6 5 4 2 1 3 4 5 4 5
10 13 17 21 10 17 7 18 6 3 20 32 6 8 18 22 9 15 9 10 17 16 21 6 19 15 9 7 21 2 21 5 19 8 22 17 9 22 12 8 20 16 9 22 17 7 18 32 3 10 20 21 15 18 3 22 11 17 6 24 15 7 4 9 12 10 6 5 1 0 6 6 4 3 8 9 7 7 8 2 7 6 8 10 16 16 13 13 12 10 7 7 5 5 3 2 4 5 6 5 6
10 9 19 23 11 20 6 21 2 7 23 34 8 9 20 24 13 17 5 12 18 18 23 2 21 17 5 4 23 5 23 2 22 8 24 19 11 24 14 4 24 18 6 24 21 4 20 34 7 11 22 24 19 20 6 24 9 19 11 26 17 3 9 13 13 11 10 9 5 6 0 2 2 3 12 13 11 11 11 7 9 9 9 10 21 21 17 17 15 13 10 10 9 8 6 5 5 7 7 7 8
9 7 20 25 9 21 7 22 1 7 22 36 10 8 21 25 14 18 3 14 16 20 24 2 22 19 3 3 24 5 25 1 21 6 26 20 9 26 15 2 22 19 4 25 20 4 21 36 8 9 24 25 18 22 5 26 7 20 11 28 18 2 9 14 11 9 9 8 6 6 2 0 4 4 13 14 11 12 12 8 7 8 7 9 20 20 17 18 16 14 12 11 10 9 7 6 7 8 8 8 9
11 10 17 22 12 18 5 19 3 6 21 33 7 9 18 22 12 15 6 11 19 16 21 3 19 16 6 5 21 4 22 3 20 9 23 17 12 23 12 5 22 16 7 22 20 5 18 33 5 12 20 22 18 19 5 23 10 17 9 25 15 5 7 11 14 12 9 7 3 4 2 4 0 1 11 11 10 10 10 5 10 9 10 11 19 19 16 15 13 11 9 8 7 6 4 3 4 5 6 5 6
12 11 16 21 12 17 5 18 4 5 20 32 6 10 18 22 11 14 7 10 19 16 21 4 19 15 7 6 21 4 21 4 19 10 22 16 11 22 11 6 21 15 8 22 19 5 18 32 4 12 20 21 17 18 5 22 11 16 8 24 14 5 6 10 14 12 8 7 2 3 3 4 1 0 10 10 9 9 9 4 9 8 10 12 18 18 15 14 13 11 8 7 6 5 3 2 3 5 5 5 6
9 18 17 22 8 17 15 18 14 11 15 33 12 12 18 23 3 15 14 14 15 14 24 14 19 16 15 15 22 10 22 12 14 11 26 17 10 26 12 14 15 16 16 23 12 15 18 33 8 8 20 21 11 22 10 23 15 17 10 28 15 15 8 1 12 12 5 6 9 8 12 13 11 10 0 4 4 1 3 7 11 10 11 9 13 13 9 10 9 9 7 6 8 7 9 9 11 12 11 10 9
12 19 17 22 12 17 15 18 14 12 17 32 12 14 18 22 7 15 15 13 19 13 24 14 19 15 15 16 21 11 22 13 16 14 26 17 13 25 12 14 18 16 17 22 16 15 18 32 8 12 19 21 15 22 12 23 17 17 13 27 15 15 11 3 16 15 6 9 9 9 13 14 11 10 4 0 5 5 4 10 14 13 14 12 16 16 12 13 10 8 6 6 7 7 8 8 11 11 11 10 9
10 17 17 22 10 17 13 17 12 9 16 32 11 10 18 22 4 15 12 13 16 14 23 12 19 16 13 14 21 8 22 10 15 10 25 17 11 25 12 12 16 16 14 22 13 14 18 32 7 10 19 21 13 21 9 23 13 17 9 27 15 13 6 3 13 12 2 4 8 7 11 11 10 9 4 5 0 3 2 6 9 8 10 10 14 14 11 11 10 9 6 6 7 6 8 8 10 11 10 9 9
8 17 17 22 7 17 14 18 13 10 14 32 11 11 19 22 2 15 13 13 14 13 23 13 20 16 14 14 21 9 22 11 13 10 25 17 9 25 12 13 14 16 15 22 11 14 19 32 7 7 19 21 10 21 9 23 14 17 9 27 15 14 7 2 11 11 4 5 8 7 11 12 10 9 1 5 3 0 4 6 10 9 10 8 12 12 8 9 8 10 8 7 8 8 8 9 11 12 12 11 10
10 18 16 21 10 16 14 17 13 10 17 32 10 12 18 22 5 14 13 12 17 13 23 13 19 15 14 15 20 9 21 11 16 11 24 16 12 24 11 13 17 15 15 22 14 14 18 32 6 10 18 20 13 20 10 22 15 16 10 26 14 14 8 2 14 13 3 6 8 8 11 12 10 9 3 4 2 4 0 6 10 9 11 10 13 13 10 10 10 8 5 5 6 6 7 7 9 10 9 9 8
9 13 19 23 8 19 9 20 8 5 18 34 8 6 20 24 8 17 8 12 15 18 23 8 21 17 9 9 23 4 23 7 17 6 24 19 7 24 14 8 18 18 11 24 15 9 20 34 5 8 22 23 13 20 4 24 9 19 4 26 17 9 2 8 10 8 4 3 3 2 7 8 5 4 7 10 6 6 6 0 5 4 6 9 14 14 11 11 11 12 9 9 7 7 5 4 6 7 8 7 8
4 10 21 26 4 20 13 20 7 9 16 37 13 5 23 27 11 19 4 17 11 16 27 8 24 20 6 9 26 8 26 8 15 2 29 21 3 29 16 5 16 20 8 27 13 9 23 37 9 4 25 26 11 25 9 27 6 21 5 31 19 7 3 12 6 4 8 5 8 7 9 7 10 9 11 14 9 10 10 5 0 1 1 4 14 14 11 11 11 14 13 12 11 10 8 7 9 10 11 11 11
5 11 22 27 5 21 13 21 8 8 17 38 12 4 23 28 10 20 5 16 12 17 27 9 24 21 7 10 27 7 27 9 16 3 28 22 4 28 17 6 17 21 9 28 14 10 23 38 8 5 24 26 12 24 8 28 6 22 4 30 20 8 2 11 7 5 7 4 7 6 9 8 9 8 10 13 8 9 9 4 1 0 2 5 15 15 11 12 12 14 12 11 10 9 7 6 8 10 10 10 11
3 10 21 26 4 19 13 20 7 10 15 37 14 5 22 27 11 19 4 18 11 15 28 8 23 20 6 9 26 9 26 8 15 2 30 21 3 30 16 5 16 20 8 27 13 9 22 37 10 4 24 26 11 26 10 27 6 21 5 32 19 7 4 12 6 5 9 6 9 8 9 7 10 10 11 14 10 10 11 6 1 2 0 3 14 14 11 11 11 13 14 13 12 11 9 8 10 11 12 12 12
0 11 19 24 1 17 14 17 9 12 13 34 16 7 20 25 9 17 6 18 8 13 29 10 21 17 8 10 24 12 24 9 12 3 31 19 5 30 14 7 14 18 10 25 11 11 20 34 13 1 22 24 9 26 13 25 7 19 7 32 17 9 7 10 4 3 9 9 11 10 10 9 11 12 9 12 10 8 10 9 4 5 3 0 12 12 9 9 9 11 12 13 14 13 12 11 12 14 14 14 15
12 22 18 23 12 15 20 15 20 19 6 33 16 18 19 24 13 16 17 17 17 12 28 21 20 16 19 22 23 18 23 21 8 15 29 18 13 29 13 18 9 17 20 24 4 22 19 33 16 12 20 22 6 25 18 24 19 18 13 31 16 20 14 14 15 15 13 14 17 16 21 20 19 18 13 16 14 12 13 14 14 15 14 12 0 4 8 9 11 13 14 15 16 17 17 18 20 19 18 19 18
12 22 18 23 12 16 20 16 20 19 7 33 15 18 19 24 13 16 17 17 15 12 28 21 20 16 19 22 23 18 23 21 9 15 29 18 13 29 13 18 10 17 20 24 2 22 19 33 16 12 21 23 4 25 18 24 19 18 13 31 16 20 14 14 15 15 13 14 17 16 21 20 19 18 13 16 14 12 13 14 14 15 14 12 4 0 5 5 8 10 11 12 13 14 15 16 17 16 15 15 14
9 18 16 21 8 15 19 15 17 16 9 32 14 15 18 22 10 14 14 15 14 11 26 18 19 15 15 19 21 14 21 17 8 11 28 16 9 28 11 15 9 15 17 22 5 19 18 32 15 8 20 21 4 24 15 22 15 16 10 30 14 17 11 10 12 12 10 11 14 13 17 17 16 15 9 12 11 8 10 11 11 11 11 9 8 5 0 5 6 9 10 11 11 12 14 15 16 14 14 14 13
9 19 15 20 9 13 16 14 18 16 9 31 13 15 16 21 10 13 15 14 16 9 25 18 17 14 16 19 20 15 20 18 8 12 27 15 10 27 10 16 10 14 18 21 7 19 16 31 12 9 18 20 7 23 15 21 16 15 10 29 13 18 11 11 13 12 10 11 13 13 17 18 15 14 10 13 11 9 10 11 11 12 11 9 9 5 5 0 4 6 7 8 9 10 11 12 13 11 11 11 10
9 19 12 17 9 12 14 12 16 15 10 27 10 15 13 18 9 10 14 11 16 8 22 15 14 10 16 17 17 14 17 15 9 12 24 12 10 23 7 15 11 11 17 18 9 17 13 27 11 9 15 17 8 19 14 18 16 12 10 25 10 17 11 10 12 12 9 10 12 12 15 16 13 13 9 10 10 8 10 11 11 12 11 9 11 8 6 4 0 3 6 7 8 9 10 11 12 10 10 10 9
11 21 10 15 11 11 12 12 14 13 12 26 8 17 11 16 11 8 17 9 18 8 20 13 12 9 17 15 15 12 15 14 11 14 22 10 12 22 5 16 13 9 17 16 11 15 11 26 9 11 13 15 11 18 13 16 18 10 12 24 8 15 13 8 15 14 10 12 10 10 13 14 11 11 9 8 9 10 8 12 14 14 13 11 13 10 9 6 3 0 3 4 5 6 8 9 9 8 7 8 7
12 18 13 17 12 12 11 13 11 10 14 28 7 15 14 18 9 11 14 9 19 10 19 11 15 11 14 13 17 9 17 11 13 15 21 13 13 21 8 13 14 12 15 18 12 12 14 28 6 12 14 16 12 17 10 18 17 13 13 23 11 13 11 6 16 15 7 9 7 7 10 12 9 8 7 6 6 8 5 9 13 12 14 12 14 11 10 7 6 3 0 1 2 3 5 6 7 7 6 5 4
13 18 13 17 13 12 11 13 11 9 15 28 7 14 14 18 9 11 14 8 20 10 19 11 15 11 14 13 17 8 17 11 14 14 21 13 14 21 8 13 15 12 15 18 13 12 14 28 5 13 14 16 13 17 9 18 17 13 13 23 11 12 10 6 17 16 7 9 6 7 10 11 8 7 6 6 6 7 5 9 12 11 13 13 15 12 11 8 7 4 1 0 2 3 4 5 7 7 6 5 4
14 17 13 17 14 12 9 13 10 8 15 28 5 13 14 18 10 11 13 7 21 11 18 9 15 12 13 11 17 7 17 9 14 13 19 13 14 19 8 12 16 12 13 18 14 11 14 28 4 14 15 16 13 15 8 18 16 13 11 21 11 11 9 7 17 15 7 8 5 5 9 10 7 6 8 7 7 8 6 7 11 10 12 14 16 13 11 9 8 5 2 2 0 1 3 4 5 5 4 3 2
13 16 14 18 14 13 9 14 9 7 16 29 5 12 15 19 10 12 12 8 21 12 18 8 16 13 12 10 18 6 18 8 15 12 20 14 13 20 9 11 17 13 12 19 15 10 15 29 3 14 16 17 14 16 7 19 15 14 10 22 12 10 8 7 16 14 6 7 4 5 8 9 6 5 7 7 6 8 6 7 10 9 11 13 17 14 12 10 9 6 3 3 1 0 2 3 4 5 4 3 3
12 14 16 20 12 15 8 16 7 5 18 31 5 10 17 21 10 14 10 9 19 13 20 7 18 14 10 9 20 4 20 7 17 10 21 16 11 21 11 9 18 15 11 21 17 8 17 31 1 12 17 19 16 17 5 21 13 16 9 23 14 8 6 8 14 12 7 6 2 3 6 7 4 3 9 8 8 8 7 5 8 7 9 12 17 15 14 11 10 8 5 4 3 2 0 1 4 5 4 4 4
11 13 16 21 11 16 7 17 6 4 19 32 6 9 18 22 11 14 9 10 18 14 21 6 19 15 9 8 21 3 21 6 18 9 22 16 10 22 11 8 19 15 10 22 18 7 18 32 2 11 18 20 16 18 4 22 12 16 8 24 14 7 5 8 13 11 7 6 1 2 5 6 3 2 9 8 8 9 7 4 7 6 8 11 18 16 15 12 11 9 6 5 4 3 1 0 3 4 4 4 5
12 13 15 19 13 17 6 18 6 6 20 30 4 11 16 20 13 13 9 8 20 15 19 6 17 13 9 7 19 5 19 6 19 11 20 15 12 20 10 8 20 14 10 20 18 7 16 30 4 13 19 21 18 16 6 20 13 15 10 22 13 7 7 11 15 13 9 8 3 4 5 7 4 3 11 11 10 11 9 6 9 8 10 12 20 17 16 13 12 9 7 7 5 4 4 3 0 2 2 3 4
14 15 13 18 14 17 5 17 8 8 18 29 3 13 14 18 14 11 11 7 21 14 17 7 15 12 11 9 17 7 18 7 17 12 19 13 13 19 8 10 19 12 11 18 17 8 14 29 6 14 19 20 16 15 7 19 15 13 11 21 11 9 9 11 16 14 11 9 4 5 7 8 5 5 12 11 11 12 10 7 10 10 11 14 19 16 14 11 10 8 7 7 5 5 5 4 2 0 1 2 3
14 15 13 17 15 16 5 17 8 8 18 28 2 13 14 18 13 11 11 6 22 13 17 8 15 11 11 9 17 7 17 8 17 13 18 13 14 18 8 10 18 12 12 18 16 8 14 28 5 15 18 20 16 14 8 18 15 13 11 20 11 9 9 10 17 15 10 10 5 6 7 8 6 5 11 11 10 12 9 8 11 10 12 14 18 15 14 11 10 7 6 6 4 4 4 4 2 1 0 1 2
14 15 13 18 15 15 6 16 8 8 18 29 3 13 15 19 13 11 11 7 22 13 17 7 16 12 11 9 17 7 18 7 17 13 19 13 14 19 8 10 18 12 11 19 17 9 15 29 5 15 17 19 16 15 7 19 15 13 11 21 11 9 9 10 17 15 9 9 4 5 7 8 5 5 10 10 9 11 9 7 11 10 12 14 19 15 14 11 10 8 5 5 3 3 4 4 3 2 1 0 1
15 16 13 18 15 14 7 15 9 9 17 29 3 14 14 18 12 11 12 7 22 12 17 8 15 12 12 10 17 8 18 8 16 13 19 13 14 19 8 11 17 12 12 18 16 10 14 29 5 15 16 18 15 15 8 19 16 13 12 21 11 10 10 9 17 15 9 10 5 6 8 9 6 6 9 9 9 10 8 8 11 11 12 15 18 14 13 10 9 7 4 4 2 3 4 5 4 3 2 1 0