0 14 32 28 5 24 11 13 12 11 17 4 19 13 6 34 10 24 10 17 9 19 10 28 10 22 14 11 10 31 10 22 13 17 1 21 8 17 5 9 11 13 30 29 5 25 10 19 6 31 7 17 5 8 30 16 10 9 26 31 10 9 7 10 4 3 9 9 11 10 10 9 11 12 9 12 10 8 10 9 4 5 3 0 12 12 9 9 9 11 12 13 14 13 12 11 12 14 14 14 15
14 0 23 20 13 21 20 21 11 11 20 15 16 21 11 26 7 21 6 22 9 16 7 20 6 19 21 11 21 23 6 14 21 20 14 19 7 15 11 6 20 4 21 21 11 17 12 10 12 23 15 21 16 12 22 4 21 14 18 23 6 6 9 13 16 14 10 8 5 5 5 6 4 4 13 13 12 12 12 7 12 11 13 14 19 19 18 15 13 11 9 9 8 7 6 5 3 4 4 5 6
32 23 0 16 32 17 32 32 32 32 27 34 23 33 32 9 27 16 27 32 30 24 27 7 25 26 33 32 33 1 25 10 32 28 32 24 28 24 32 26 31 24 2 7 30 9 33 19 33 1 26 30 35 31 2 19 33 28 12 1 25 27 28 26 35 33 27 26 24 24 26 27 24 24 27 27 26 26 26 26 30 30 31 32 31 31 29 28 25 23 22 22 21 21 23 24 22 20 20 20 20
28 20 16 0 28 9 28 25 29 29 19 31 14 29 29 19 25 8 25 24 27 16 25 13 23 17 25 29 29 16 23 7 25 20 29 17 25 20 28 24 28 20 14 13 26 10 30 18 30 16 23 22 31 28 15 17 29 25 11 16 23 24 25 23 32 30 24 23 21 21 23 24 21 20 24 23 23 23 22 23 27 26 28 28 27 27 26 24 21 19 19 19 17 18 20 20 18 17 16 17 17
5 13 32 28 0 24 11 13 13 12 19 7 19 13 5 34 11 24 10 16 10 19 11 28 11 22 14 11 10 31 11 22 13 19 6 21 9 17 6 10 12 11 30 29 4 25 11 19 7 31 8 18 4 7 30 14 10 9 26 31 11 10 4 9 5 4 9 6 9 8 12 10 11 10 8 12 9 7 10 6 3 4 3 5 12 11 8 9 9 11 12 13 13 12 10 9 11 13 13 13 14
24 21 17 9 24 0 25 22 30 30 16 27 11 25 29 19 25 1 25 20 27 12 25 13 23 14 21 29 25 16 23 7 22 16 25 13 26 17 29 24 24 21 15 14 27 10 31 17 30 16 19 18 28 28 15 17 25 24 11 16 23 25 25 22 28 27 23 24 22 21 23 25 22 21 23 22 22 22 21 23 27 27 27 24 23 23 22 21 17 16 17 17 18 19 20 21 19 18 17 18 18
11 20 32 28 11 25 0 11 22 21 18 15 19 5 16 34 21 24 21 13 20 19 21 28 21 22 11 20 7 31 21 22 10 18 12 22 19 18 16 20 5 19 30 29 14 25 20 19 16 31 10 17 15 16 30 19 7 12 26 31 21 20 14 13 15 14 12 15 18 17 21 20 20 19 12 16 13 11 14 15 13 14 13 11 4 2 5 7 9 11 12 13 14 15 17 18 18 17 16 17 16
13 21 32 25 13 22 11 0 24 23 10 17 18 9 18 35 23 21 23 6 22 19 23 29 23 20 3 23 12 32 23 23 3 10 14 20 21 18 18 22 7 20 30 29 16 25 22 19 18 32 12 10 17 18 31 19 12 14 27 32 23 22 16 15 17 16 15 18 20 19 23 22 21 20 14 17 15 13 16 17 16 16 15 13 8 9 9 9 10 12 13 14 15 16 18 19 19 18 17 18 17
12 11 32 29 13 30 22 24 0 6 28 13 25 25 10 35 8 29 7 27 8 25 8 29 8 28 25 6 22 32 8 23 24 28 12 27 4 23 9 7 23 10 30 29 12 25 6 19 8 32 19 29 14 12 31 13 22 19 27 32 8 6 12 19 14 12 15 14 11 12 8 7 10 10 19 20 17 18 18 13 11 11 11 12 23 23 19 20 20 20 18 17 16 15 13 12 12 14 14 14 15
11 11 32 29 12 30 21 23 6 0 28 11 25 24 9 35 8 29 7 26 9 25 8 29 8 28 24 1 21 32 8 23 23 28 11 28 4 24 7 7 22 11 30 29 11 26 4 19 7 32 18 28 14 13 31 13 21 18 27 32 8 6 13 20 15 13 15 14 11 12 8 7 10 10 19 20 17 18 18 14 11 12 11 11 22 22 18 19 19 20 18 17 16 15 13 12 13 14 15 14 15
17 20 27 19 19 16 18 10 28 28 0 21 12 16 23 30 23 15 23 10 26 13 23 24 22 14 11 28 18 27 22 18 10 2 18 14 24 17 22 22 14 18 25 24 21 21 27 18 23 27 14 7 22 23 26 18 18 20 22 27 22 23 20 17 21 20 19 21 18 18 21 22 19 18 18 18 17 18 17 20 20 21 20 17 15 16 15 14 12 12 13 13 13 14 16 17 18 17 17 16 15
4 15 34 31 7 27 15 17 13 11 21 0 22 17 6 37 11 26 10 20 11 21 11 31 11 24 18 12 14 34 11 25 17 21 5 24 10 20 6 10 15 13 32 31 6 28 10 21 7 34 11 21 8 9 33 17 14 12 29 34 11 10 7 14 8 6 12 9 12 11 13 11 14 13 13 16 13 12 14 9 5 6 6 4 16 16 13 13 13 15 16 17 16 15 13 12 14 15 16 16 16
19 16 23 14 19 11 19 18 25 25 12 22 0 20 24 25 20 10 20 16 23 7 20 19 18 4 18 25 20 22 18 13 18 12 20 6 21 12 24 19 19 17 21 20 22 16 26 13 24 22 14 15 23 24 21 12 20 19 17 22 18 20 21 16 23 22 19 19 17 17 19 20 17 17 17 17 17 17 17 19 22 22 21 19 18 18 16 15 12 10 13 13 13 14 16 17 15 13 13 13 13
13 21 33 29 13 25 5 9 25 24 16 17 20 0 18 35 23 25 23 10 22 20 23 29 23 22 9 23 8 32 23 23 8 16 14 22 21 18 18 22 4 20 31 30 17 26 22 19 18 32 12 15 17 19 31 20 8 15 27 32 23 22 16 16 17 16 15 18 20 20 23 22 21 20 15 17 16 14 16 18 16 17 15 13 5 5 8 9 10 12 14 15 15 16 18 19 20 18 18 18 17
6 11 32 29 5 29 16 18 10 9 23 6 24 18 0 34 7 28 7 21 8 23 7 28 7 26 19 8 15 31 7 22 18 23 6 26 6 22 2 6 17 10 30 29 4 25 10 18 5 31 13 23 8 6 30 13 15 14 26 31 7 7 6 14 8 6 10 8 11 10 9 8 10 11 13 16 12 12 13 8 5 5 5 6 17 16 13 14 14 16 16 16 14 13 12 11 12 14 14 14 15
34 26 9 19 34 19 34 35 35 35 30 37 25 35 34 0 30 19 30 34 32 26 30 9 28 28 35 34 35 9 28 12 35 30 35 27 31 27 34 29 34 26 7 9 32 12 36 23 36 9 29 32 37 33 8 22 35 31 15 9 28 30 30 29 38 36 30 29 27 26 28 30 27 26 30 29 29 29 28 28 33 32 34 34 33 33 32 30 27 25 25 24 23 24 25 26 24 23 22 23 23
10 7 27 25 11 25 21 23 8 8 23 11 20 23 7 30 0 24 2 25 5 20 0 24 2 23 24 8 20 27 2 18 23 23 11 22 4 18 7 1 21 6 25 24 10 21 9 13 9 27 17 24 13 11 26 8 20 16 22 27 2 3 11 16 13 11 12 10 7 7 4 3 5 6 15 16 14 14 15 9 9 10 9 10 22 22 19 19 17 15 13 13 11 10 9 8 7 9 9 9 10
24 21 16 8 24 1 24 21 29 29 15 26 10 25 28 19 24 0 25 19 27 11 24 13 23 13 21 29 25 16 23 7 21 15 24 12 25 16 29 24 23 21 14 13 27 9 30 17 29 16 18 18 28 28 15 17 25 23 11 16 23 24 25 21 28 27 23 23 21 21 23 24 21 21 22 21 21 21 20 23 26 27 26 24 23 23 21 20 17 15 17 17 17 18 20 21 19 17 17 17 17
10 6 27 25 10 25 21 23 7 7 23 10 20 23 7 30 2 25 0 25 5 20 2 24 2 23 24 7 20 27 2 18 23 23 10 23 3 18 7 1 21 5 25 25 9 21 8 13 8 27 17 24 12 10 26 8 20 16 22 27 2 2 10 15 12 10 12 10 6 7 4 3 5 6 15 15 14 14 14 9 9 9 9 10 22 21 18 19 17 15 12 12 11 10 8 7 7 9 9 9 10
17 22 32 24 16 20 13 6 27 26 10 20 16 10 21 34 25 19 25 0 25 17 25 28 25 19 6 25 16 31 25 22 7 9 17 19 24 19 21 24 9 20 30 29 19 25 24 20 21 31 13 9 20 21 30 20 16 17 26 31 25 25 20 19 21 20 19 22 22 22 24 25 22 21 18 19 19 17 19 21 19 20 19 17 12 13 13 13 12 14 16 17 17 18 20 21 21 20 19 20 19
9 9 30 27 10 27 20 22 8 9 26 11 23 22 8 32 5 27 5 25 0 22 5 26 5 25 23 9 19 29 5 20 22 26 10 25 5 21 6 4 20 8 28 27 9 23 10 16 9 29 15 26 12 8 28 11 19 13 24 29 5 4 10 14 12 10 9 10 9 9 6 5 7 8 13 14 11 12 12 9 8 9 8 9 21 21 17 18 17 17 14 14 13 12 11 10 10 12 12 12 13
19 16 24 16 19 12 19 19 25 25 13 21 7 20 23 26 20 11 20 17 22 0 20 20 18 9 18 25 20 23 18 14 18 13 19 9 21 10 24 19 18 16 22 21 22 17 26 13 24 23 13 15 23 24 22 13 20 19 18 23 18 20 21 16 23 22 18 19 17 17 19 20 17 16 17 16 17 17 16 19 21 22 21 19 18 18 16 15 12 10 12 12 13 14 15 16 14 13 12 13 13
10 7 27 25 11 25 21 23 8 8 23 11 20 23 7 30 0 24 2 25 5 20 0 24 2 23 24 8 20 27 2 18 23 23 11 22 4 18 7 1 21 6 25 24 10 21 9 13 9 27 17 24 13 11 26 8 20 16 22 27 2 3 11 16 13 11 12 10 7 7 4 3 5 6 15 16 14 14 15 9 9 10 9 10 22 22 19 19 17 15 13 13 11 10 9 8 7 9 9 9 10
28 20 7 13 28 13 28 29 29 29 24 31 19 29 28 9 24 13 24 28 26 20 24 0 22 22 29 28 29 7 22 6 29 24 29 21 25 21 28 23 28 20 5 1 26 6 30 17 30 7 23 26 31 27 6 16 29 25 9 7 22 24 24 23 32 30 24 23 21 20 22 24 21 20 24 23 23 23 22 22 27 26 28 28 27 27 26 24 21 19 19 18 17 18 19 20 18 17 16 17 17
10 6 25 23 11 23 21 23 8 8 22 11 18 23 7 28 2 23 2 25 5 18 2 22 0 21 24 8 20 25 0 16 23 23 11 21 4 17 7 1 21 6 23 23 10 19 9 12 9 25 17 24 13 11 24 6 20 15 20 25 0 3 11 15 13 11 12 9 6 7 4 3 5 5 15 15 13 14 14 9 9 10 9 10 22 22 19 19 16 14 12 12 10 9 8 7 7 8 8 8 9
22 19 26 17 22 14 22 20 28 28 14 24 4 22 26 28 23 13 23 19 25 9 23 22 21 0 20 28 23 25 21 16 20 15 22 9 24 14 27 22 21 19 24 23 25 19 29 16 27 25 16 17 26 27 24 15 23 22 20 25 21 23 24 19 26 25 21 22 20 20 22 23 20 19 20 19 20 20 19 22 24 25 24 22 21 20 19 18 15 13 15 15 16 17 18 19 17 16 15 16 16
14 21 33 25 14 21 11 3 25 24 11 18 18 9 19 35 24 21 24 6 23 18 24 29 24 20 0 23 13 32 24 23 1 11 15 20 22 18 19 23 7 20 31 30 17 26 22 20 18 32 13 10 18 19 31 20 13 15 27 32 24 23 17 16 18 17 15 18 20 20 24 23 22 21 15 18 16 14 17 18 16 17 16 14 9 10 9 10 11 13 14 15 16 17 18 19 20 19 18 18 17
11 11 32 29 11 29 20 23 6 1 28 12 25 23 8 34 8 29 7 25 9 25 8 28 8 28 23 0 20 31 8 22 23 28 11 27 5 23 6 7 22 10 30 29 11 25 4 19 6 31 18 28 14 12 30 13 20 17 26 31 8 7 12 19 14 12 16 14 12 13 9 8 11 11 18 21 18 17 19 14 10 11 10 11 21 21 18 18 18 20 18 18 16 15 14 13 12 14 14 14 15
10 21 33 29 10 25 7 12 22 21 18 14 20 8 15 35 20 25 20 16 19 20 20 29 20 23 13 20 0 32 20 23 12 18 11 22 18 18 15 19 9 19 31 30 13 26 19 20 15 32 11 18 14 15 31 19 0 13 27 32 20 18 12 13 13 13 13 14 17 16 20 18 19 18 12 16 13 11 14 14 12 13 11 10 8 6 5 8 9 11 13 14 14 15 17 17 19 17 17 17 16
31 23 1 16 31 16 31 32 32 32 27 34 22 32 31 9 27 16 27 31 29 23 27 7 25 25 32 31 32 0 25 9 32 27 32 24 28 24 31 26 31 23 2 7 29 9 33 20 33 0 26 29 34 30 1 19 32 28 12 0 25 27 27 26 35 33 27 26 24 23 25 27 24 23 27 26 26 26 25 25 30 29 31 31 30 30 29 27 24 22 22 21 20 21 22 23 21 20 19 20 20
10 6 25 23 11 23 21 23 8 8 22 11 18 23 7 28 2 23 2 25 5 18 2 22 0 21 24 8 20 25 0 16 23 23 11 21 4 17 7 1 21 6 23 23 10 19 9 12 9 25 17 24 13 11 24 6 20 15 20 25 0 3 11 15 13 11 12 9 6 7 4 3 5 5 15 15 13 14 14 9 9 10 9 10 22 22 19 19 16 14 12 12 10 9 8 7 7 8 8 8 9
22 14 10 7 22 7 22 23 23 23 18 25 13 23 22 12 18 7 18 22 20 14 18 6 16 16 23 22 23 9 16 0 23 18 23 15 19 15 22 17 22 14 8 7 20 3 24 11 24 9 17 20 25 21 8 10 23 19 4 9 16 18 18 17 26 24 18 17 15 14 16 18 15 14 18 17 17 17 16 16 21 20 22 22 21 21 20 18 15 13 13 12 11 12 13 14 12 11 10 11 11
13 21 32 25 13 22 10 3 24 23 10 17 18 8 18 35 23 21 23 7 22 18 23 29 23 20 1 23 12 32 23 23 0 10 14 20 21 18 18 22 6 19 30 29 16 25 22 19 18 32 12 9 17 18 31 19 12 14 27 32 23 22 16 15 17 16 15 18 20 20 23 22 21 20 14 17 16 13 16 18 16 17 15 13 8 9 9 9 10 12 13 14 15 16 18 19 20 18 18 18 17
17 20 28 20 19 16 18 10 28 28 2 21 12 16 23 30 23 15 23 9 26 13 23 24 23 15 11 28 18 27 23 18 10 0 18 14 24 17 22 22 14 18 26 25 21 21 27 18 23 27 14 7 22 23 26 18 18 19 22 27 23 22 20 17 21 20 19 20 18 18 21 22 19 18 18 18 17 17 16 20 20 21 19 17 15 16 15 13 12 12 13 13 13 14 16 17 17 17 16 15 14
1 14 32 29 6 25 12 14 12 11 18 5 20 14 6 35 11 24 10 17 10 19 11 29 11 22 15 11 11 32 11 23 14 18 0 22 9 18 6 10 12 13 30 29 5 26 10 19 6 32 8 18 6 8 31 16 11 10 27 32 11 9 6 11 5 4 10 8 11 10 11 10 12 12 10 13 11 9 11 8 4 5 4 1 13 13 9 10 10 12 13 14 15 14 12 11 13 14 15 15 15
21 19 24 17 21 13 22 20 27 28 14 24 6 22 26 27 22 12 23 19 25 9 22 21 21 9 20 27 22 24 21 15 20 14 22 0 24 14 26 22 21 19 22 22 25 18 29 15 26 24 16 17 25 26 23 15 22 22 19 24 21 22 23 19 25 24 21 22 19 19 21 22 20 19 19 19 20 20 19 21 24 25 23 21 20 20 19 17 14 12 15 15 15 16 18 19 17 16 15 16 16
8 7 28 25 9 26 19 21 4 4 24 10 21 21 6 31 4 25 3 24 5 21 4 25 4 24 22 5 18 28 4 19 21 24 9 24 0 20 5 3 19 7 26 25 8 22 5 15 5 28 15 25 11 9 27 9 18 16 23 28 4 2 9 16 11 9 11 10 7 8 4 3 6 6 15 16 13 14 14 10 7 8 7 8 20 20 16 17 17 16 14 13 12 11 9 8 9 10 11 10 11
17 15 24 20 17 17 18 18 23 24 17 20 12 18 22 27 18 16 18 19 21 10 18 21 17 14 18 23 18 24 17 15 18 17 18 14 20 0 22 17 17 15 22 21 21 17 25 11 22 24 12 18 21 22 23 11 18 18 19 24 17 18 19 15 21 20 17 18 15 15 17 18 16 15 15 15 16 16 15 17 20 21 19 17 16 16 15 13 10 8 11 11 11 12 14 15 13 12 11 12 12
5 11 32 28 6 29 16 18 9 7 22 6 24 18 2 34 7 29 7 21 6 24 7 28 7 27 19 6 15 31 7 22 18 22 6 26 5 22 0 6 16 10 30 29 5 25 8 18 3 31 12 22 8 6 30 13 15 14 26 31 7 6 6 15 8 6 10 8 11 10 8 6 9 10 14 15 12 13 13 8 4 5 4 5 17 17 14 14 14 16 16 15 15 14 12 11 12 14 14 14 15
9 6 26 24 10 24 20 22 7 7 22 10 19 22 6 29 1 24 1 24 4 19 1 23 1 22 23 7 19 26 1 17 22 22 10 22 3 17 6 0 20 5 24 24 9 20 8 12 8 26 16 23 12 10 25 7 19 15 21 26 1 2 10 15 12 10 11 9 6 6 3 2 4 5 14 15 13 13 14 8 8 9 8 9 21 21 18 18 16 14 12 12 10 9 8 7 6 8 8 8 9
11 20 31 28 12 24 5 7 23 22 14 15 19 4 17 34 21 23 21 9 20 18 21 28 21 21 7 22 9 31 21 22 6 14 12 21 19 17 16 20 0 19 29 28 15 25 21 18 17 31 10 13 16 17 30 18 9 13 26 31 21 20 14 13 15 14 13 16 18 18 21 20 19 18 12 15 14 11 14 16 14 15 13 11 3 4 7 7 8 10 11 12 13 14 16 17 18 16 16 16 15
13 4 24 20 11 21 19 20 10 11 18 13 17 20 10 26 6 21 5 20 8 16 6 20 6 19 20 10 19 23 6 14 19 18 13 19 7 15 10 5 19 0 22 21 9 17 12 10 12 23 13 19 14 10 22 6 19 11 18 23 6 5 7 11 14 12 7 5 2 3 4 5 2 1 11 11 9 10 10 5 10 9 11 13 18 18 16 15 12 10 8 8 6 5 4 3 2 4 4 4 5
30 21 2 14 30 15 30 30 30 30 25 32 21 31 30 7 25 14 25 30 28 22 25 5 23 24 31 30 31 2 23 8 30 26 30 22 26 22 30 24 29 22 0 5 28 7 31 19 31 2 24 28 33 29 1 17 31 26 10 2 23 25 26 24 33 31 25 24 22 22 24 25 22 22 25 25 24 24 24 24 28 28 29 30 29 29 27 26 23 21 20 20 19 19 21 22 20 18 18 18 18
29 21 7 13 29 14 29 29 29 29 24 31 20 30 29 9 24 13 25 29 27 21 24 1 23 23 30 29 30 7 23 7 29 25 29 22 25 21 29 24 28 21 5 0 27 6 30 16 30 7 23 27 32 28 6 17 30 25 9 7 23 24 25 23 32 30 24 23 21 21 23 24 21 21 24 24 23 23 23 23 27 27 28 29 28 28 26 25 22 20 19 19 18 18 20 21 19 17 17 17 17
5 11 30 26 4 27 14 16 12 11 21 6 22 17 4 32 10 27 9 19 9 22 10 26 10 25 17 11 13 29 10 20 16 21 5 25 8 21 5 9 15 9 28 27 0 23 10 17 6 29 11 20 5 3 28 12 13 10 24 29 10 8 2 11 6 4 6 4 7 6 10 8 8 8 10 12 8 9 9 4 1 1 2 5 15 15 11 12 12 14 12 12 10 9 8 7 9 10 11 10 11
25 17 9 10 25 10 25 25 25 26 21 28 16 26 25 12 21 9 21 25 23 17 21 6 19 19 26 25 26 9 19 3 25 21 26 18 22 17 25 20 25 17 7 6 23 0 27 14 26 9 20 23 28 24 8 13 26 21 6 9 19 20 21 19 28 26 20 19 17 17 19 20 18 17 20 20 20 20 19 19 23 23 24 25 24 24 22 21 18 16 15 15 14 15 16 17 15 13 13 14 13
10 12 33 30 11 31 20 22 6 4 27 10 26 22 10 36 9 30 8 24 10 26 9 30 9 29 22 4 19 33 9 24 22 27 10 29 5 25 8 8 21 12 31 30 10 27 0 20 7 33 17 27 13 12 32 14 19 17 28 33 9 7 11 18 13 11 16 13 12 13 9 8 11 11 17 21 17 16 19 13 9 10 9 10 20 20 17 17 17 19 19 18 17 16 14 13 14 15 16 15 16
19 10 19 18 19 17 19 19 19 19 18 21 13 19 18 23 13 17 13 20 16 13 13 17 12 16 20 19 20 20 12 11 19 18 19 15 15 11 18 12 18 10 19 16 17 14 20 0 20 20 13 19 22 18 19 7 20 15 15 20 12 14 15 14 23 21 14 14 11 11 13 14 12 11 14 14 14 14 13 13 17 17 18 19 18 18 16 15 12 10 9 9 8 9 10 11 9 7 7 8 7
6 12 33 30 7 30 16 18 8 7 23 7 24 18 5 36 9 29 8 21 9 24 9 30 9 27 18 6 15 33 9 24 18 23 6 26 5 22 3 8 17 12 31 30 6 26 7 20 0 33 12 23 8 8 32 14 15 14 28 33 9 7 6 14 8 6 11 8 11 10 9 8 11 11 13 17 12 12 14 8 5 5 5 6 16 16 13 14 13 16 17 16 15 14 12 11 13 15 15 15 16
31 23 1 16 31 16 31 32 32 32 27 34 22 32 31 9 27 16 27 31 29 23 27 7 25 25 32 31 32 0 25 9 32 27 32 24 28 24 31 26 31 23 2 7 29 9 33 20 33 0 26 29 34 30 1 19 32 28 12 0 25 27 27 26 35 33 27 26 24 23 25 27 24 23 27 26 26 26 25 25 30 29 31 31 30 30 29 27 24 22 22 21 20 21 22 23 21 20 19 20 20
7 15 26 23 8 19 10 12 19 18 14 11 14 12 13 29 17 18 17 13 15 13 17 23 17 16 13 18 11 26 17 17 12 14 8 16 15 12 12 16 10 13 24 23 11 20 17 13 12 26 0 13 12 13 25 14 11 7 21 26 17 16 10 8 11 10 7 10 13 12 16 16 14 14 7 10 8 6 8 10 10 10 9 7 11 10 7 6 2 5 7 8 9 10 11 12 13 12 11 11 10
17 21 30 22 18 18 17 10 29 28 7 21 15 15 23 32 24 18 24 9 26 15 24 26 24 17 10 28 18 29 24 20 9 7 18 17 25 18 22 23 13 19 28 27 20 23 27 19 23 29 13 0 22 23 28 19 18 19 24 29 24 24 20 17 21 20 18 21 19 20 23 24 21 20 18 17 18 17 17 21 19 20 19 17 14 15 14 13 11 12 13 14 15 16 17 18 19 18 17 17 16
5 16 35 31 4 28 15 17 14 14 22 8 23 17 8 37 13 28 12 20 12 23 13 31 13 26 18 14 14 34 13 25 17 22 6 25 11 21 8 12 16 14 33 32 5 28 13 22 8 34 12 22 0 8 33 17 14 13 29 34 13 11 7 13 1 2 11 9 12 11 14 13 13 13 12 16 13 11 14 9 6 6 6 5 16 15 12 13 13 15 16 17 15 14 13 12 14 15 16 15 16
8 12 31 28 7 28 16 18 12 13 23 9 24 19 6 33 11 28 10 21 8 24 11 27 11 27 19 12 15 30 11 21 18 23 8 26 9 22 6 10 17 10 29 28 3 24 12 18 8 30 13 23 8 0 29 13 15 12 25 30 11 10 3 12 9 7 8 5 8 7 10 10 10 9 11 14 9 10 11 5 4 3 5 8 17 17 13 14 14 16 14 13 12 11 9 8 10 12 12 12 13
30 22 2 15 30 15 30 31 31 31 26 33 21 31 30 8 26 15 26 30 28 22 26 6 24 24 31 30 31 1 24 8 31 26 31 23 27 23 30 25 30 22 1 6 28 8 32 19 32 1 25 28 33 29 0 18 31 27 11 1 24 26 26 25 34 32 26 25 23 22 24 26 23 22 26 25 25 25 24 24 29 28 30 30 29 29 28 26 23 21 21 20 19 20 21 22 20 19 18 19 19
16 4 19 17 14 17 19 19 13 13 18 17 12 20 13 22 8 17 8 20 11 13 8 16 6 15 20 13 19 19 6 10 19 18 16 15 9 11 13 7 18 6 17 17 12 13 14 7 14 19 14 19 17 13 18 0 19 15 14 19 6 8 10 13 18 16 11 9 6 7 7 8 6 6 14 13 13 13 12 8 12 12 13 16 18 18 16 13 12 10 9 9 7 7 7 6 4 2 3 4 5
10 21 33 29 10 25 7 12 22 21 18 14 20 8 15 35 20 25 20 16 19 20 20 29 20 23 13 20 0 32 20 23 12 18 11 22 18 18 15 19 9 19 31 30 13 26 19 20 15 32 11 18 14 15 31 19 0 13 27 32 20 18 12 13 13 13 13 14 17 16 20 18 19 18 12 16 13 11 14 14 12 13 11 10 8 6 5 8 9 11 13 14 14 15 17 17 19 17 17 17 16
9 14 28 25 9 24 12 14 19 18 20 12 19 15 14 31 16 23 16 17 13 19 16 25 15 22 15 17 13 28 15 19 14 19 10 22 16 18 14 15 13 11 26 25 10 21 17 15 14 28 7 19 13 12 27 15 13 0 23 28 15 15 9 4 13 12 5 7 10 9 13 14 12 11 3 7 4 2 5 8 11 10 11 9 13 13 10 10 9 11 9 9 10 10 11 11 13 14 13 13 12
26 18 12 11 26 11 26 27 27 27 22 29 17 27 26 15 22 11 22 26 24 18 22 9 20 20 27 26 27 12 20 4 27 22 27 19 23 19 26 21 26 18 10 9 24 6 28 15 28 12 21 24 29 25 11 14 27 23 0 12 20 22 22 21 30 28 22 21 19 18 20 22 19 18 22 21 21 21 20 20 25 24 26 26 25 25 24 22 19 17 17 16 15 16 17 18 16 15 14 15 15
31 23 1 16 31 16 31 32 32 32 27 34 22 32 31 9 27 16 27 31 29 23 27 7 25 25 32 31 32 0 25 9 32 27 32 24 28 24 31 26 31 23 2 7 29 9 33 20 33 0 26 29 34 30 1 19 32 28 12 0 25 27 27 26 35 33 27 26 24 23 25 27 24 23 27 26 26 26 25 25 30 29 31 31 30 30 29 27 24 22 22 21 20 21 22 23 21 20 19 20 20
10 6 25 23 11 23 21 23 8 8 22 11 18 23 7 28 2 23 2 25 5 18 2 22 0 21 24 8 20 25 0 16 23 23 11 21 4 17 7 1 21 6 23 23 10 19 9 12 9 25 17 24 13 11 24 6 20 15 20 25 0 3 11 15 13 11 12 9 6 7 4 3 5 5 15 15 13 14 14 9 9 10 9 10 22 22 19 19 16 14 12 12 10 9 8 7 7 8 8 8 9
9 6 27 24 10 25 20 22 6 6 23 10 20 22 7 30 3 24 2 25 4 20 3 24 3 23 23 7 18 27 3 18 22 22 9 22 2 18 6 2 20 5 25 24 8 20 7 14 7 27 16 24 11 10 26 8 18 15 22 27 3 0 9 15 11 9 11 9 6 7 3 2 5 5 15 15 13 14 14 9 7 8 8 9 20 20 17 18 17 15 13 12 11 10 8 7 7 9 9 9 10
7 9 28 25 4 25 14 16 12 13 20 7 21 16 6 30 11 25 10 20 10 21 11 24 11 24 17 12 12 27 11 18 16 20 6 23 9 19 6 10 14 7 26 25 2 21 11 15 6 27 10 20 7 3 26 10 12 9 22 27 11 9 0 9 8 6 5 2 5 4 9 9 7 6 8 11 6 7 8 2 3 2 4 7 14 14 11 11 11 13 11 10 9 8 6 5 7 9 9 9 10
10 13 26 23 9 22 13 15 19 20 17 14 16 16 14 29 16 21 15 19 14 16 16 23 15 19 16 19 13 26 15 17 15 17 11 19 16 15 15 15 13 11 24 23 11 19 18 14 14 26 8 17 13 12 25 13 13 4 21 26 15 15 9 0 13 13 5 7 9 9 13 14 11 10 1 3 3 2 2 8 12 11 12 10 14 14 10 11 10 8 6 6 7 7 8 8 11 11 10 10 9
4 16 35 32 5 28 15 17 14 15 21 8 23 17 8 38 13 28 12 21 12 23 13 32 13 26 18 14 13 35 13 26 17 21 5 25 11 21 8 12 15 14 33 32 6 28 13 23 8 35 11 21 1 9 34 18 13 13 30 35 13 11 8 13 0 2 12 10 13 12 14 13 14 14 12 16 13 11 14 10 6 7 6 4 15 15 12 13 12 15 16 17 16 15 14 13 15 16 17 16 17
3 14 33 30 4 27 14 16 12 13 20 6 22 16 6 36 11 27 10 20 10 22 11 30 11 25 17 12 13 33 11 24 16 20 4 24 9 20 6 10 14 12 31 30 4 26 11 21 6 33 10 20 2 7 32 16 13 12 28 33 11 9 6 13 2 0 10 8 11 10 12 11 12 12 12 15 12 11 13 8 4 5 5 3 15 15 12 12 12 14 15 16 14 13 12 11 13 14 15 14 15
9 10 27 24 9 23 12 15 15 15 19 12 19 15 10 30 12 23 12 19 9 18 12 24 12 21 15 16 13 27 12 18 15 19 10 21 11 17 10 11 13 7 25 24 6 20 16 14 11 27 7 18 11 8 26 11 13 5 22 27 12 11 5 5 12 10 0 4 7 6 10 9 9 8 5 6 2 4 3 4 7 7 8 9 13 13 10 10 9 10 7 7 7 6 7 7 9 11 10 9 9
9 8 26 23 6 24 15 18 14 14 21 9 19 18 8 29 10 23 10 22 10 19 10 23 9 22 18 14 14 26 9 17 18 20 8 22 10 18 8 9 16 5 24 23 4 19 13 14 8 26 10 21 9 5 25 9 14 7 21 26 9 9 2 7 10 8 4 0 6 5 9 10 7 6 6 9 4 5 6 3 5 4 6 9 14 14 11 11 10 12 9 9 8 7 7 6 7 9 9 9 10
11 5 24 21 9 22 18 20 11 11 18 12 17 20 11 27 7 21 6 22 9 17 7 21 6 20 20 12 17 24 6 15 20 18 11 19 7 15 11 6 18 2 22 21 7 17 12 11 11 24 13 19 12 8 23 6 17 10 19 24 6 6 5 9 13 11 7 6 0 1 5 6 3 2 9 9 8 8 8 3 8 7 9 11 17 17 14 13 12 10 7 6 5 4 2 1 3 4 5 4 5
10 5 24 21 8 21 17 19 12 12 18 11 17 20 10 26 7 21 7 22 9 17 7 20 7 20 20 13 16 23 7 14 20 18 10 19 8 15 10 6 18 3 22 21 6 17 13 11 10 23 12 20 11 7 22 7 16 9 18 23 7 7 4 9 12 10 6 5 1 0 6 6 4 3 8 9 7 7 8 2 7 6 8 10 16 16 13 13 12 10 7 7 5 5 3 2 4 5 6 5 6
10 5 26 23 12 23 21 23 8 8 21 13 19 23 9 28 4 23 4 24 6 19 4 22 4 22 24 9 20 25 4 16 23 21 11 21 4 17 8 3 21 4 24 23 10 19 9 13 9 25 16 23 14 10 24 7 20 13 20 25 4 3 9 13 14 12 10 9 5 6 0 2 2 3 12 13 11 11 11 7 9 9 9 10 21 21 17 17 15 13 10 10 9 8 6 5 5 7 7 7 8
9 6 27 24 10 25 20 22 7 7 22 11 20 22 8 30 3 24 3 25 5 20 3 24 3 23 23 8 18 27 3 18 22 22 10 22 3 18 6 2 20 5 25 24 8 20 8 14 8 27 16 24 13 10 26 8 18 14 22 27 3 2 9 14 13 11 9 10 6 6 2 0 4 4 14 14 11 13 12 8 7 8 7 9 20 20 17 18 16 14 12 11 10 9 7 6 7 8 8 8 9
11 4 24 21 11 22 20 21 10 10 19 14 17 21 10 27 5 21 5 22 7 17 5 21 5 20 22 11 19 24 5 15 21 19 12 20 6 16 9 4 19 2 22 21 8 18 11 12 11 24 14 21 13 10 23 6 19 12 19 24 5 5 7 11 14 12 9 7 3 4 2 4 0 1 11 11 10 10 10 5 9 9 10 11 19 19 16 15 13 11 9 8 7 6 4 3 4 5 6 5 6
12 4 24 20 10 21 19 20 10 10 18 13 17 20 11 26 6 21 6 21 8 16 6 20 5 19 21 11 18 23 5 14 20 18 12 19 6 15 10 5 18 1 22 21 8 17 11 11 11 23 14 20 13 9 22 6 18 11 18 23 5 5 6 10 14 12 8 6 2 3 3 4 1 0 10 10 9 9 9 4 9 8 10 12 18 18 15 14 13 11 8 7 6 5 3 2 3 5 5 5 6
9 13 27 24 8 23 12 14 19 19 18 13 17 15 13 30 15 22 15 18 13 17 15 24 15 20 15 18 12 27 15 18 14 18 10 19 15 15 14 14 12 11 25 24 10 20 17 14 13 27 7 18 12 11 26 14 12 3 22 27 15 15 8 1 12 12 5 6 9 8 12 14 11 10 0 4 4 1 3 7 11 10 11 9 13 13 9 10 9 9 7 6 8 7 9 9 11 12 11 10 9
12 13 27 23 12 22 16 17 20 20 18 16 17 17 16 29 16 21 15 19 14 16 16 23 15 19 18 21 16 26 15 17 17 18 13 19 16 15 15 15 15 11 25 24 12 20 21 14 17 26 10 17 16 14 25 13 16 7 21 26 15 15 11 3 16 15 6 9 9 9 13 14 11 10 4 0 5 5 4 10 13 13 14 12 16 16 12 13 10 8 6 6 7 7 8 8 11 11 11 10 9
10 12 26 23 9 22 13 15 17 17 17 13 17 16 12 29 14 21 14 19 11 17 14 23 13 20 16 18 13 26 13 17 16 17 11 20 13 16 12 13 14 9 24 23 8 20 17 14 12 26 8 18 13 9 25 13 13 4 21 26 13 13 6 3 13 12 2 4 8 7 11 11 10 9 4 5 0 3 2 6 9 8 10 10 14 14 11 11 10 9 6 6 7 6 8 8 10 11 10 9 9
8 12 26 23 7 22 11 13 18 18 18 12 17 14 12 29 14 21 14 17 12 17 14 23 14 20 14 17 11 26 14 17 13 17 9 20 14 16 13 13 11 10 24 23 9 20 16 14 12 26 6 17 11 10 25 13 11 2 21 26 14 14 7 2 11 11 4 5 8 7 11 13 10 9 1 5 3 0 4 6 10 9 10 8 12 12 8 9 8 10 8 7 8 8 9 9 11 12 12 11 10
10 12 26 22 10 21 14 16 18 18 17 14 17 16 13 28 15 20 14 19 12 16 15 22 14 19 17 19 14 25 14 16 16 16 11 19 14 15 13 14 14 10 24 23 9 19 19 13 14 25 8 17 14 11 24 12 14 5 20 25 14 14 8 2 14 13 3 6 8 8 11 12 10 9 3 4 2 4 0 6 10 9 11 10 13 13 10 10 10 8 5 5 6 6 7 7 9 10 9 9 8
9 7 26 23 6 23 15 17 13 14 20 9 19 18 8 28 9 23 9 21 9 19 9 22 9 22 18 14 14 25 9 16 18 20 8 21 10 17 8 8 16 5 24 23 4 19 13 13 8 25 10 21 9 5 24 8 14 8 20 25 9 9 2 8 10 8 4 3 3 2 7 8 5 4 7 10 6 6 6 0 5 4 6 9 14 14 11 11 11 12 9 9 7 7 5 4 6 7 8 7 8
4 12 30 27 3 27 13 16 11 11 20 5 22 16 5 33 9 26 9 19 8 21 9 27 9 24 16 10 12 30 9 21 16 20 4 24 7 20 4 8 14 10 28 27 1 23 9 17 5 30 10 19 6 4 29 12 12 11 25 30 9 7 3 12 6 4 7 5 8 7 9 7 9 9 11 13 9 10 10 5 0 1 1 4 14 14 11 11 11 14 13 12 11 10 8 7 9 10 11 11 11
5 11 30 26 4 27 14 16 11 12 21 6 22 17 5 32 10 27 9 20 9 22 10 26 10 25 17 11 13 29 10 20 17 21 5 25 8 21 5 9 15 9 28 27 1 23 10 17 5 29 10 20 6 3 28 12 13 10 24 29 10 8 2 11 7 5 7 4 7 6 9 8 9 8 10 13 8 9 9 4 1 0 2 5 15 15 11 12 12 14 12 11 10 9 7 6 8 10 10 10 11
3 13 31 28 3 27 13 15 11 11 20 6 21 15 5 34 9 26 9 19 8 21 9 28 9 24 16 10 11 31 9 22 15 19 4 23 7 19 4 8 13 11 29 28 2 24 9 18 5 31 9 19 6 5 30 13 11 11 26 31 9 8 4 12 6 5 8 6 9 8 9 7 10 10 11 14 10 10 11 6 1 2 0 3 14 14 11 11 11 13 14 13 12 11 9 8 10 11 12 12 12
0 14 32 28 5 24 11 13 12 11 17 4 19 13 6 34 10 24 10 17 9 19 10 28 10 22 14 11 10 31 10 22 13 17 1 21 8 17 5 9 11 13 30 29 5 25 10 19 6 31 7 17 5 8 30 16 10 9 26 31 10 9 7 10 4 3 9 9 11 10 10 9 11 12 9 12 10 8 10 9 4 5 3 0 12 12 9 9 9 11 12 13 14 13 12 11 12 14 14 14 15
12 19 31 27 12 23 4 8 23 22 15 16 18 5 17 33 22 23 22 12 21 18 22 27 22 21 9 21 8 30 22 21 8 15 13 20 20 16 17 21 3 18 29 28 15 24 20 18 16 30 11 14 16 17 29 18 8 13 25 30 22 20 14 14 15 15 13 14 17 16 21 20 19 18 13 16 14 12 13 14 14 15 14 12 0 4 8 9 11 13 14 15 16 17 19 18 20 19 18 19 18
12 19 31 27 11 23 2 9 23 22 16 16 18 5 16 33 22 23 21 13 21 18 22 27 22 20 10 21 6 30 22 21 9 16 13 20 20 16 17 21 4 18 29 28 15 24 20 18 16 30 10 15 15 17 29 18 6 13 25 30 22 20 14 14 15 15 13 14 17 16 21 20 19 18 13 16 14 12 13 14 14 15 14 12 4 0 5 5 8 10 11 12 13 14 15 16 17 16 15 15 14
9 18 29 26 8 22 5 9 19 18 15 13 16 8 13 32 19 21 18 13 17 16 19 26 19 19 9 18 5 29 19 20 9 15 9 19 16 15 14 18 7 16 27 26 11 22 17 16 13 29 7 14 12 13 28 16 5 10 24 29 19 17 11 10 12 12 10 11 14 13 17 17 16 15 9 12 11 8 10 11 11 11 11 9 8 5 0 5 6 9 10 11 11 12 14 15 16 14 14 14 13
9 15 28 24 9 21 7 9 20 19 14 13 15 9 14 30 19 20 19 13 18 15 19 24 19 18 10 18 8 27 19 18 9 13 10 17 17 13 14 18 7 15 26 25 12 21 17 15 14 27 6 13 13 14 26 13 8 10 22 27 19 18 11 11 13 12 10 11 13 13 17 18 15 14 10 13 11 9 10 11 11 12 11 9 9 5 5 0 4 6 7 8 9 10 11 12 13 11 11 11 10
9 13 25 21 9 17 9 10 20 19 12 13 12 10 14 27 17 17 17 12 17 12 17 21 16 15 11 18 9 24 16 15 10 12 10 14 17 10 14 16 8 12 23 22 12 18 17 12 13 24 2 11 13 14 23 12 9 9 19 24 16 17 11 10 12 12 9 10 12 12 15 16 13 13 9 10 10 8 10 11 11 12 11 9 11 8 6 4 0 3 6 7 8 9 10 11 12 10 10 10 9
11 11 23 19 11 16 11 12 20 20 12 15 10 12 16 25 15 15 15 14 17 10 15 19 14 13 13 20 11 22 14 13 12 12 12 12 16 8 16 14 10 10 21 20 14 16 19 10 16 22 5 12 15 16 21 10 11 11 17 22 14 15 13 8 15 14 10 12 10 10 13 14 11 11 9 8 9 10 8 12 14 14 13 11 13 10 9 6 3 0 3 4 5 6 8 9 9 8 7 8 7
12 9 22 19 12 17 12 13 18 18 13 16 13 14 16 25 13 17 12 16 14 12 13 19 12 15 14 18 13 22 12 13 13 13 13 15 14 11 16 12 11 8 20 19 12 15 19 9 17 22 7 13 16 14 21 9 13 9 17 22 12 13 11 6 16 15 7 9 7 7 10 12 9 8 7 6 6 8 5 9 13 12 14 12 14 11 10 7 6 3 0 1 2 3 5 6 7 7 6 5 4
13 9 22 19 13 17 13 14 17 17 13 17 13 15 16 24 13 17 12 17 14 12 13 18 12 15 15 18 14 21 12 12 14 13 14 15 13 11 15 12 12 8 20 19 12 15 18 9 16 21 8 14 17 13 20 9 14 9 16 21 12 12 10 6 17 16 7 9 6 7 10 11 8 7 6 6 6 7 5 9 12 11 13 13 15 12 11 8 7 4 1 0 2 3 4 5 7 7 6 5 4
14 8 21 17 13 18 14 15 16 16 13 16 13 15 14 23 11 17 11 17 13 13 11 17 10 16 16 16 14 20 10 11 15 13 15 15 12 11 15 10 13 6 19 18 10 14 17 8 15 20 9 15 15 12 19 7 14 10 15 20 10 11 9 7 16 14 7 8 5 5 9 10 7 6 8 7 7 8 6 7 11 10 12 14 16 13 11 9 8 5 2 2 0 1 3 4 5 5 4 3 2
13 7 21 18 12 19 15 16 15 15 14 15 14 16 13 24 10 18 10 18 12 14 10 18 9 17 17 15 15 21 9 12 16 14 14 16 11 12 14 9 14 5 19 18 9 15 16 9 14 21 10 16 14 11 20 7 15 10 16 21 9 10 8 7 15 13 6 7 4 5 8 9 6 5 7 7 6 8 6 7 10 9 11 13 17 14 12 10 9 6 3 3 1 0 2 3 4 5 4 3 3
12 6 23 20 10 20 17 18 13 13 16 13 16 18 12 25 9 20 8 20 11 15 9 19 8 18 18 14 17 22 8 13 18 16 12 18 9 14 12 8 16 4 21 20 8 16 14 10 12 22 11 17 13 9 21 7 17 11 17 22 8 8 6 8 14 12 7 7 2 3 6 7 4 3 9 8 8 9 7 5 8 7 9 12 19 15 14 11 10 8 5 4 3 2 0 1 4 5 4 4 4
11 5 24 20 9 21 18 19 12 12 17 12 17 19 11 26 8 21 7 21 10 16 8 20 7 19 19 13 17 23 7 14 19 17 11 19 8 15 11 7 17 3 22 21 7 17 13 11 11 23 12 18 12 8 22 6 17 11 18 23 7 7 5 8 13 11 7 6 1 2 5 6 3 2 9 8 8 9 7 4 7 6 8 11 18 16 15 12 11 9 6 5 4 3 1 0 3 4 4 4 5
12 3 22 18 11 19 18 19 12 13 18 14 15 20 12 24 7 19 7 21 10 14 7 18 7 17 20 12 19 21 7 12 20 17 13 17 9 13 12 6 18 2 20 19 9 15 14 9 13 21 13 19 14 10 20 4 19 13 16 21 7 7 7 11 15 13 9 7 3 4 5 7 4 3 11 11 10 11 9 6 9 8 10 12 20 17 16 13 12 9 7 7 5 4 4 3 0 2 2 3 4
14 4 20 17 13 18 17 18 14 14 17 15 13 18 14 23 9 17 9 20 12 13 9 17 8 16 19 14 17 20 8 11 18 17 14 16 10 12 14 8 16 4 18 17 10 13 15 7 15 20 12 18 15 12 19 2 17 14 15 20 8 9 9 11 16 14 11 9 4 5 7 8 5 5 12 11 11 12 10 7 10 10 11 14 19 16 14 11 10 8 7 7 5 5 5 4 2 0 1 2 3
14 4 20 16 13 17 16 17 14 15 17 16 13 18 14 22 9 17 9 19 12 12 9 16 8 15 18 14 17 19 8 10 18 16 15 15 11 11 14 8 16 4 18 17 11 13 16 7 15 19 11 17 16 12 18 3 17 13 14 19 8 9 9 10 17 15 10 9 5 6 7 8 6 5 11 11 10 12 9 8 11 10 12 14 18 15 14 11 10 7 6 6 4 4 4 4 2 1 0 1 2
14 5 20 17 13 18 17 18 14 14 16 16 13 18 14 23 9 17 9 20 12 13 9 17 8 16 18 14 17 20 8 11 18 15 15 16 10 12 14 8 16 4 18 17 10 14 15 8 15 20 11 17 15 12 19 4 17 13 15 20 8 9 9 10 16 14 9 9 4 5 7 8 5 5 10 10 9 11 9 7 11 10 12 14 19 15 14 11 10 8 5 5 3 3 4 4 3 2 1 0 1
15 6 20 17 14 18 16 17 15 15 15 16 13 17 15 23 10 17 10 19 13 13 10 17 9 16 17 15 16 20 9 11 17 14 15 16 11 12 15 9 15 5 18 17 11 13 16 7 16 20 10 16 16 13 19 5 16 12 15 20 9 10 10 9 17 15 9 10 5 6 8 9 6 6 9 9 9 10 8 8 11 11 12 15 18 14 13 10 9 7 4 4 2 3 4 5 4 3 2 1 0