0 29 10 17 6 14 13 15 8 17 4 29 15 5 19 38 20 16 7 9 23 29 16 30 16 13 12 9 18 25 12 11 32 24 9 11 19 3 25 6 26 20 6 25 5 19 12 18 9 21 11 9 19 1 21 13 22 6 14 19 3 9 7 10 4 3 9 9 11 10 10 9 11 12 9 12 10 8 10 9 4 5 3 0 12 12 9 9 9 11 12 13 14 13 12 11 12 14 14 14 15
29 0 30 18 33 32 20 21 27 20 30 0 20 27 19 39 20 17 28 25 27 2 20 3 20 21 29 25 20 14 21 25 5 14 30 29 19 30 6 33 5 13 29 14 28 20 24 21 25 26 29 25 20 29 20 21 23 29 18 18 30 24 25 23 32 30 24 23 21 21 23 24 21 21 24 24 23 23 23 23 27 27 28 29 28 28 26 25 22 20 19 19 18 18 20 21 19 17 17 17 17
10 30 0 18 7 4 17 16 18 18 14 30 17 13 20 40 21 17 17 13 24 31 17 32 17 21 4 19 19 26 21 15 34 25 19 20 20 9 26 7 27 22 14 26 14 20 18 19 14 22 5 19 21 11 22 19 23 16 15 20 13 19 12 14 14 13 13 14 17 16 20 19 19 18 13 16 14 12 15 14 12 13 12 10 6 5 5 8 10 12 13 14 15 15 17 17 19 17 17 17 16
17 18 18 0 21 20 6 12 15 11 16 18 3 13 14 33 14 11 14 10 18 19 10 20 11 11 17 12 12 19 10 10 21 18 18 17 14 18 14 21 16 16 16 19 16 14 10 13 12 16 17 12 15 17 9 7 17 16 9 7 18 12 12 9 19 17 10 10 8 8 11 12 9 8 10 9 9 9 8 10 14 13 15 17 16 16 14 12 10 8 5 4 3 4 6 7 7 5 5 5 4
6 33 7 21 0 11 18 19 12 21 9 33 20 10 23 43 24 21 12 13 28 34 21 35 20 18 11 14 22 29 18 15 37 29 13 14 23 3 29 1 30 25 11 29 10 23 17 23 14 26 11 14 24 6 25 18 27 12 19 23 7 14 11 15 10 9 14 13 16 15 16 15 17 17 14 17 15 13 16 13 9 10 9 6 13 11 10 13 14 16 17 18 19 19 17 16 18 19 20 20 20
14 32 4 20 11 0 20 18 22 20 18 32 20 17 22 42 23 20 21 16 26 33 20 34 19 25 4 23 21 28 25 18 36 28 23 24 22 13 28 11 29 24 18 28 18 22 22 22 18 25 5 23 23 15 24 23 26 20 18 22 17 22 16 17 17 17 17 18 21 20 24 23 23 22 16 19 17 15 18 18 16 17 16 14 7 5 9 10 12 14 16 17 17 18 20 21 22 20 20 20 19
13 20 17 6 18 20 0 11 11 13 12 20 4 9 15 33 16 12 11 8 18 21 13 22 13 7 17 9 15 19 7 8 24 19 15 14 15 15 16 18 18 17 11 19 12 15 5 15 7 18 17 8 16 13 11 5 18 13 11 9 13 9 7 7 14 12 7 5 3 4 7 8 5 4 7 7 6 6 6 5 9 8 10 13 15 15 14 12 10 8 5 4 3 2 1 2 5 5 4 4 4
15 21 16 12 19 18 11 0 21 11 18 21 11 18 11 29 12 8 20 14 14 22 10 23 9 14 15 19 10 15 14 13 25 14 22 23 11 16 17 19 19 13 19 15 19 11 16 10 18 15 15 18 12 16 13 14 14 21 7 11 16 18 18 12 19 18 14 16 14 15 17 18 15 15 13 12 13 13 12 16 17 18 17 15 14 14 12 11 7 6 9 10 10 11 12 13 13 11 11 11 11
8 27 18 15 12 22 11 21 0 20 9 27 12 8 23 42 23 20 6 13 28 27 20 28 20 8 20 4 21 28 7 17 30 27 4 5 23 9 23 11 24 24 8 28 5 23 7 22 12 25 18 3 23 8 18 8 26 6 18 16 6 4 9 16 11 9 12 11 8 9 6 4 7 7 16 17 14 15 15 10 8 8 8 8 19 19 15 16 16 17 15 14 13 12 10 9 10 11 12 11 12
17 20 18 11 21 20 13 11 20 0 20 20 13 20 11 30 12 8 21 17 19 21 6 22 7 14 17 19 8 16 14 15 24 15 24 23 11 18 16 21 19 13 21 16 21 11 17 9 19 10 17 18 12 18 13 14 14 22 6 10 18 18 19 14 21 20 17 17 15 15 17 18 15 14 15 14 15 15 14 17 19 20 19 17 16 16 14 13 10 8 11 11 11 12 14 14 12 11 10 11 11
4 30 14 16 9 18 12 18 9 20 0 30 14 3 22 41 22 19 7 10 26 30 19 31 19 13 16 9 21 28 12 14 33 27 10 11 22 7 26 9 27 23 4 28 4 22 11 21 7 24 15 8 22 5 22 12 25 6 17 20 4 9 5 13 3 1 9 7 10 9 11 9 11 11 12 15 11 11 12 7 4 4 5 4 15 15 12 13 13 15 15 15 13 12 11 10 12 13 14 13 14
29 0 30 18 33 32 20 21 27 20 30 0 20 27 19 39 20 17 28 25 27 2 20 3 20 21 29 25 20 14 21 25 5 14 30 29 19 30 6 33 5 13 29 14 28 20 24 21 25 26 29 25 20 29 20 21 23 29 18 18 30 24 25 23 32 30 24 23 21 21 23 24 21 21 24 24 23 23 23 23 27 27 28 29 28 28 26 25 22 20 19 19 18 18 20 21 19 17 17 17 17
15 20 17 3 20 20 4 11 12 13 14 20 0 11 14 33 15 12 13 10 18 20 12 21 12 8 16 9 14 19 7 11 23 18 15 14 14 17 15 20 17 16 13 19 13 14 7 15 9 17 16 9 15 15 10 4 18 13 10 8 15 9 9 9 16 14 9 7 5 5 8 9 6 5 10 10 9 9 8 7 12 11 13 15 15 15 14 12 9 7 5 5 4 3 4 5 4 5 4 3 3
5 27 13 13 10 17 9 18 8 20 3 27 11 0 22 42 23 20 6 7 26 27 19 28 19 11 16 8 21 28 11 12 30 27 10 11 22 7 23 10 24 24 3 28 4 22 8 22 4 25 14 8 23 5 19 9 25 6 18 17 5 8 2 11 6 4 6 4 7 6 10 8 8 8 10 12 8 9 9 4 1 1 2 5 15 15 11 12 12 14 12 12 10 9 8 7 9 10 11 10 11
19 19 20 14 23 22 15 11 23 11 22 19 14 22 0 25 7 3 24 19 14 21 8 22 7 16 19 21 5 11 16 18 23 10 26 25 0 20 16 23 17 8 24 11 24 6 20 6 21 15 19 21 6 20 15 17 9 25 7 13 20 20 21 16 23 22 19 19 17 17 19 20 17 17 17 17 17 17 17 19 22 22 21 19 18 18 16 15 12 10 13 13 13 14 16 17 15 13 13 13 13
38 39 40 33 43 42 33 29 42 30 41 39 33 42 25 0 24 23 43 38 33 40 27 41 27 36 39 41 25 31 36 37 43 31 46 44 25 40 35 43 36 27 43 31 43 23 38 25 40 34 39 40 23 39 35 36 21 44 27 32 40 40 40 36 42 41 38 38 36 36 38 40 37 36 37 36 36 36 36 38 41 41 41 38 37 37 36 35 31 30 32 32 32 33 34 35 34 33 32 33 33
20 20 21 14 24 23 16 12 23 12 22 20 15 23 7 24 0 4 24 19 15 22 9 23 8 17 20 22 7 12 17 18 23 11 27 26 7 21 16 24 17 9 24 12 24 2 20 7 22 16 20 21 3 20 15 17 4 25 8 14 21 21 22 17 24 23 19 20 18 18 20 21 18 17 18 17 18 18 17 20 22 23 22 20 19 19 17 16 13 11 13 13 14 15 16 17 15 14 13 14 14
16 17 17 11 21 20 12 8 20 8 19 17 12 20 3 23 4 0 21 16 12 18 5 19 4 14 17 18 3 9 14 15 21 8 23 22 3 18 13 21 14 5 21 9 21 3 17 4 18 12 16 18 4 17 13 14 6 22 5 11 18 17 18 14 20 19 16 17 14 14 16 17 15 14 14 14 15 15 14 16 19 20 18 16 15 15 14 12 9 7 10 10 10 11 13 14 12 10 10 11 11
7 28 17 14 12 21 11 20 6 21 7 28 13 6 24 43 24 21 0 9 28 28 21 29 21 9 19 5 22 29 8 14 31 28 8 9 24 9 24 12 25 25 6 29 3 24 8 23 8 26 18 4 24 7 19 9 27 3 19 17 7 5 7 12 9 7 8 7 9 9 7 5 8 8 12 13 10 11 11 7 6 6 6 7 19 19 15 16 16 16 13 13 12 11 11 10 10 12 12 12 13
9 25 13 10 13 16 8 14 13 17 10 25 10 7 19 38 19 16 9 0 22 26 16 27 16 11 14 12 18 24 10 6 29 23 16 17 19 10 21 13 22 20 9 24 10 19 7 18 6 21 12 10 19 10 17 8 22 12 14 15 10 12 6 5 13 11 1 5 8 7 11 10 10 9 4 7 2 3 4 5 8 8 9 9 12 12 9 10 9 10 8 7 8 7 8 8 10 12 11 10 10
23 27 24 18 28 26 18 14 28 19 26 27 18 26 14 33 15 12 28 22 0 28 17 29 16 23 23 26 14 19 23 21 30 18 31 31 14 25 23 27 24 14 27 19 27 14 23 15 25 23 23 25 15 24 23 21 18 29 16 20 25 25 24 20 27 26 22 23 20 21 24 25 22 21 21 21 20 20 19 23 26 25 25 23 21 22 21 19 16 14 15 16 16 17 18 19 20 20 19 18 17
29 2 31 19 34 33 21 22 27 21 30 2 20 27 21 40 22 18 28 26 28 0 20 1 21 21 30 26 21 15 21 25 3 14 31 30 21 31 6 34 6 15 30 15 29 21 24 22 26 26 30 25 22 30 19 21 24 29 19 18 31 25 26 24 33 31 25 24 22 22 24 25 22 21 25 24 24 24 23 24 28 27 29 29 28 28 27 25 22 20 20 19 18 19 21 21 19 18 17 18 18
16 20 17 10 21 20 13 10 20 6 19 20 12 19 8 27 9 5 21 16 17 20 0 21 4 13 16 18 5 13 13 15 23 13 23 22 8 18 16 20 18 9 21 14 21 8 17 5 18 10 16 18 8 17 12 14 11 22 4 10 17 17 18 13 20 19 16 16 14 14 16 17 14 14 14 14 14 15 14 16 19 19 18 16 15 15 14 12 9 7 10 10 10 11 13 14 12 10 10 10 10
30 3 32 20 35 34 22 23 28 22 31 3 21 28 22 41 23 19 29 27 29 1 21 0 22 22 31 27 22 16 22 26 2 15 32 31 22 32 7 35 7 16 31 16 30 22 25 23 27 27 31 26 23 31 20 22 25 30 20 19 32 26 27 25 34 32 26 25 23 23 25 26 23 22 26 25 25 25 24 25 29 28 30 30 29 29 28 26 23 21 21 20 19 20 22 22 20 19 18 19 19
16 20 17 11 20 19 13 9 20 7 19 20 12 19 7 27 8 4 21 16 16 21 4 22 0 13 16 18 5 13 13 15 24 12 23 22 7 17 16 20 17 9 20 13 20 7 16 5 18 11 16 17 8 17 12 14 10 21 2 10 17 17 18 13 20 19 16 16 14 14 16 17 14 13 14 14 14 14 13 16 18 19 18 16 15 15 13 12 9 7 10 10 10 11 13 13 12 10 10 10 10
13 21 21 11 18 25 7 14 8 14 13 21 8 11 16 36 17 14 9 11 23 21 13 22 13 0 22 5 15 22 1 14 24 21 11 10 16 15 17 18 18 19 12 22 9 16 6 16 9 18 21 6 17 13 12 4 20 10 12 9 13 5 9 13 15 13 10 8 4 5 4 5 3 3 13 13 12 12 12 7 12 11 12 13 21 21 18 17 15 13 10 10 9 8 6 5 5 6 6 7 8
12 29 4 17 11 4 17 15 20 17 16 29 16 16 19 39 20 17 19 14 23 30 16 31 16 22 0 21 18 25 21 15 33 24 21 22 19 13 25 11 26 21 17 25 17 19 20 18 18 21 2 21 20 13 21 19 22 18 14 19 15 21 15 14 16 15 14 16 19 18 22 21 20 19 13 16 14 12 15 16 15 15 14 12 3 2 6 7 9 12 13 14 14 15 17 18 19 17 17 17 16
9 25 19 12 14 23 9 19 4 19 9 25 9 8 21 41 22 18 5 12 26 26 18 27 18 5 21 0 20 26 5 16 29 26 7 6 21 11 21 14 22 23 8 26 5 21 5 20 11 23 20 2 22 9 16 5 24 5 16 14 9 1 9 15 11 9 11 10 6 7 3 2 5 5 15 15 13 14 14 9 7 8 8 9 20 20 17 18 17 15 13 12 11 10 8 7 7 9 9 9 10
18 20 19 12 22 21 15 10 21 8 21 20 14 21 5 25 7 3 22 18 14 21 5 22 5 15 18 20 0 11 15 16 23 10 25 24 5 19 16 22 17 7 22 11 22 6 18 2 20 12 18 19 6 19 14 15 9 23 5 12 19 19 20 15 22 21 18 18 16 16 18 19 16 15 16 15 16 16 15 18 20 21 20 18 17 17 15 14 11 9 12 12 12 13 15 15 13 12 11 12 12
25 14 26 19 29 28 19 15 28 16 28 14 19 28 11 31 12 9 29 24 19 15 13 16 13 22 25 26 11 0 22 24 18 5 31 30 11 26 10 29 12 5 29 5 29 11 24 11 26 20 25 26 12 26 21 22 14 30 13 18 26 25 26 22 29 28 24 24 22 22 24 25 23 22 23 23 22 23 22 24 27 27 27 25 24 24 22 21 18 16 18 18 18 19 20 21 20 18 18 19 18
12 21 21 10 18 25 7 14 7 14 12 21 7 11 16 36 17 14 8 10 23 21 13 22 13 1 21 5 15 22 0 14 24 21 11 10 16 15 16 18 18 19 11 22 9 16 6 16 9 18 21 5 17 13 11 3 20 9 11 9 13 5 9 13 15 13 10 7 4 5 3 5 3 3 13 13 11 12 12 7 11 11 11 12 20 20 18 17 14 12 10 10 8 7 6 5 5 6 6 6 7
11 25 15 10 15 18 8 13 17 15 14 25 11 12 18 37 18 15 14 6 21 25 15 26 15 14 15 16 16 24 14 0 28 23 18 20 18 12 21 15 22 19 14 24 15 18 12 17 10 20 14 15 18 12 17 12 21 17 13 15 12 16 10 3 14 14 6 8 10 10 14 15 12 11 2 4 4 3 3 9 13 12 13 11 15 15 11 12 11 9 7 7 8 8 9 9 12 12 11 11 10
32 5 34 21 37 36 24 25 30 24 33 5 23 30 23 43 23 21 31 29 30 3 23 2 24 24 33 29 23 18 24 28 0 17 34 33 23 34 9 37 9 16 33 18 32 23 27 24 29 29 33 28 23 33 22 24 27 32 22 21 34 28 29 27 36 34 28 27 25 25 27 28 25 24 28 27 27 27 26 27 31 30 32 32 31 31 30 28 25 23 23 22 21 22 24 24 22 21 20 21 21
24 14 25 18 29 28 19 14 27 15 27 14 18 27 10 31 11 8 28 23 18 14 13 15 12 21 24 26 10 5 21 23 17 0 31 29 10 26 10 28 11 4 29 1 29 10 23 11 25 19 24 25 11 25 20 21 13 29 13 17 26 25 25 21 28 27 23 24 22 22 23 25 22 21 22 22 22 22 21 23 27 27 26 24 23 23 22 20 17 15 17 17 17 18 20 21 19 18 17 18 18
9 30 19 18 13 23 15 22 4 24 10 30 15 10 26 46 27 23 8 16 31 31 23 32 23 11 21 7 25 31 11 18 34 31 0 5 26 10 26 12 27 28 10 31 8 26 11 25 13 28 19 7 27 9 22 12 29 8 21 20 6 8 11 18 13 11 15 13 12 13 10 8 11 11 17 20 17 16 18 13 9 10 9 9 20 20 16 17 17 19 19 18 17 16 14 13 14 15 16 15 16
11 29 20 17 14 24 14 23 5 23 11 29 14 11 25 44 26 22 9 17 31 30 22 31 22 10 22 6 24 30 10 20 33 29 5 0 25 11 25 14 26 27 10 30 7 25 10 24 14 27 20 7 25 11 21 10 28 9 20 19 8 7 12 19 14 12 16 14 12 13 9 8 11 11 18 21 18 17 19 14 10 11 10 11 21 21 18 18 18 20 18 18 16 15 14 13 12 14 14 14 15
19 19 20 14 23 22 15 11 23 11 22 19 14 22 0 25 7 3 24 19 14 21 8 22 7 16 19 21 5 11 16 18 23 10 26 25 0 20 16 23 17 8 24 11 24 6 20 6 21 15 19 21 6 20 15 17 9 25 7 13 20 20 21 16 23 22 19 19 17 17 19 20 17 17 17 17 17 17 17 19 22 22 21 19 18 18 16 15 12 10 13 13 13 14 16 17 15 13 13 13 13
3 30 9 18 3 13 15 16 9 18 7 30 17 7 20 40 21 18 9 10 25 31 18 32 17 15 13 11 19 26 15 12 34 26 10 11 20 0 26 3 27 22 8 26 7 20 14 20 11 23 13 11 21 3 22 15 24 9 16 20 4 11 8 12 7 6 11 10 13 12 13 12 14 14 11 14 12 10 13 10 6 7 6 3 14 14 10 11 11 13 14 15 16 16 14 13 15 16 17 17 17
25 6 26 14 29 28 16 17 23 16 26 6 15 23 16 35 16 13 24 21 23 6 16 7 16 17 25 21 16 10 16 21 9 10 26 25 16 26 0 29 3 11 25 10 24 16 20 17 21 22 25 21 16 25 14 17 19 24 14 14 26 20 21 19 28 26 20 19 17 17 19 20 17 17 20 20 19 19 18 19 23 22 24 25 24 23 22 21 18 16 15 15 13 14 16 16 15 13 13 13 13
6 33 7 21 1 11 18 19 11 21 9 33 20 10 23 43 24 21 12 13 27 34 20 35 20 18 11 14 22 29 18 15 37 28 12 14 23 3 29 0 30 25 11 29 10 23 17 22 14 25 11 14 24 6 25 18 26 12 18 23 6 14 11 14 10 9 14 13 16 15 16 15 17 17 13 17 14 12 15 13 9 10 9 6 13 11 10 13 13 16 17 18 19 19 17 16 18 19 20 20 20
26 5 27 16 30 29 18 19 24 19 27 5 17 24 17 36 17 14 25 22 24 6 18 7 17 18 26 22 17 12 18 22 9 11 27 26 17 27 3 30 0 10 26 12 25 17 21 17 22 23 26 22 17 27 17 18 20 26 15 15 27 21 22 20 29 27 21 20 18 18 20 21 19 18 21 21 21 21 20 20 24 24 25 26 25 25 23 22 19 17 16 16 15 16 17 18 16 14 14 15 14
20 13 22 16 25 24 17 13 24 13 23 13 16 24 8 27 9 5 25 20 14 15 9 16 9 19 21 23 7 5 19 19 16 4 28 27 8 22 11 25 10 0 25 5 25 7 21 8 22 17 21 22 8 21 18 18 11 26 9 16 22 22 22 18 24 23 20 21 18 19 20 22 19 18 19 18 18 18 17 20 23 23 23 20 19 19 18 17 13 12 13 13 14 15 16 17 16 15 14 15 15
6 29 14 16 11 18 11 19 8 21 4 29 13 3 24 43 24 21 6 9 27 30 21 31 20 12 17 8 22 29 11 14 33 29 10 10 24 8 25 11 26 25 0 30 3 24 10 23 6 26 15 7 24 6 22 11 27 5 19 19 6 8 4 13 7 5 9 6 9 8 10 8 11 10 12 15 10 11 12 6 2 3 3 6 16 16 13 13 13 16 15 14 13 12 10 9 11 12 13 13 13
25 14 26 19 29 28 19 15 28 16 28 14 19 28 11 31 12 9 29 24 19 15 14 16 13 22 25 26 11 5 22 24 18 1 31 30 11 26 10 29 12 5 30 0 30 11 24 12 26 20 25 26 12 26 21 22 14 30 13 18 26 25 26 22 29 28 24 24 22 22 24 25 23 22 23 23 23 23 22 24 28 27 27 25 24 24 23 21 18 16 18 18 18 19 20 21 20 18 18 19 19
5 28 14 16 10 18 12 19 5 21 4 28 13 4 24 43 24 21 3 10 27 29 21 30 20 9 17 5 22 29 9 15 32 29 8 7 24 7 24 10 25 25 3 30 0 24 9 23 8 26 16 5 24 5 20 9 27 3 19 18 5 5 5 14 7 5 10 7 10 9 8 6 9 9 13 14 11 12 13 7 3 4 3 5 16 16 13 13 13 15 15 14 14 13 11 10 11 13 13 13 14
19 20 20 14 23 22 15 11 23 11 22 20 14 22 6 23 2 3 24 19 14 21 8 22 7 16 19 21 6 11 16 18 23 10 26 25 6 20 16 23 17 7 24 11 24 0 20 7 21 15 19 21 1 20 15 17 6 25 7 13 20 20 21 16 23 22 19 19 17 17 19 20 17 17 17 17 17 17 17 19 22 22 21 19 18 18 16 15 12 10 13 13 13 14 16 17 15 13 13 13 13
12 24 18 10 17 22 5 16 7 17 11 24 7 8 20 38 20 17 8 7 23 24 17 25 16 6 20 5 18 24 6 12 27 23 11 10 20 14 20 17 21 21 10 24 9 20 0 19 6 22 18 4 20 12 15 4 23 9 15 13 12 6 6 11 13 11 7 5 3 3 5 5 3 3 10 11 9 9 10 4 9 8 10 12 18 18 15 15 14 12 9 9 7 7 5 4 5 7 7 7 8
18 21 19 13 23 22 15 10 22 9 21 21 15 22 6 25 7 4 23 18 15 22 5 23 5 16 18 20 2 11 16 17 24 11 25 24 6 20 17 22 17 8 23 12 23 7 19 0 20 13 18 20 7 19 15 16 10 24 6 13 20 19 20 15 22 21 18 18 16 16 18 19 16 16 16 16 16 17 16 18 21 21 20 18 17 17 16 14 11 9 12 12 12 13 15 16 14 12 12 12 12
9 25 14 12 14 18 7 18 12 19 7 25 9 4 21 40 22 18 8 6 25 26 18 27 18 9 18 11 20 26 9 10 29 25 13 14 21 11 21 14 22 22 6 26 8 21 6 20 0 23 16 9 21 9 18 7 24 9 16 15 9 11 3 9 10 8 5 3 5 4 9 10 7 6 8 11 7 7 8 2 5 4 6 9 16 16 13 13 13 14 11 11 9 8 7 6 8 9 9 9 10
21 26 22 16 26 25 18 15 25 10 24 26 17 25 15 34 16 12 26 21 23 26 10 27 11 18 21 23 12 20 18 20 29 19 28 27 15 23 22 25 23 17 26 20 26 15 22 13 23 0 21 23 16 22 16 19 18 27 10 15 23 22 23 19 25 24 21 22 19 19 21 22 20 19 19 19 20 20 19 21 24 25 23 21 20 20 19 17 14 12 15 15 15 16 18 19 17 15 15 16 15
11 29 5 17 11 5 17 15 18 17 15 29 16 14 19 39 20 16 18 12 23 30 16 31 16 21 2 20 18 25 21 14 33 24 19 20 19 13 25 11 26 21 15 25 16 19 18 18 16 21 0 20 20 12 21 19 22 17 14 19 13 20 14 13 15 14 12 15 18 17 21 20 20 19 12 16 13 11 14 15 13 14 13 11 4 2 5 7 9 11 12 13 14 15 17 18 18 17 16 17 16
9 25 19 12 14 23 8 18 3 18 8 25 9 8 21 40 21 18 4 10 25 25 18 26 17 6 21 2 19 26 5 15 28 25 7 7 21 11 21 14 22 22 7 26 5 21 4 20 9 23 20 0 21 9 16 5 24 5 16 14 9 2 9 13 11 9 9 8 5 6 3 1 4 4 13 14 11 12 12 7 7 8 7 9 20 20 17 18 16 14 12 11 10 9 7 6 7 8 9 8 9
19 20 21 15 24 23 16 12 23 12 22 20 15 23 6 23 3 4 24 19 15 22 8 23 8 17 20 22 6 12 17 18 23 11 27 25 6 21 16 24 17 8 24 12 24 1 20 7 21 16 20 21 0 20 15 17 6 25 8 14 21 21 21 17 23 22 19 20 18 18 19 21 18 17 18 17 18 18 17 19 22 23 22 19 18 18 17 16 12 11 13 13 14 15 16 17 15 14 13 14 14
1 29 11 17 6 15 13 16 8 18 5 29 15 5 20 39 20 17 7 10 24 30 17 31 17 13 13 9 19 26 13 12 33 25 9 11 20 3 25 6 27 21 6 26 5 20 12 19 9 22 12 9 20 0 22 13 23 7 15 19 3 9 6 11 5 4 10 8 11 10 11 10 12 12 10 13 11 9 11 8 4 5 4 1 13 13 9 10 10 12 13 14 15 14 12 11 13 14 15 15 15
21 20 22 9 25 24 11 13 18 13 22 20 10 19 15 35 15 13 19 17 23 19 12 20 12 12 21 16 14 21 11 17 22 20 22 21 15 22 14 25 17 18 22 21 20 15 15 15 18 16 21 16 15 22 0 12 18 20 10 3 22 16 18 16 25 23 17 16 14 14 14 16 14 13 17 16 16 16 15 16 20 19 21 21 20 20 18 17 14 12 12 11 10 11 12 13 11 10 9 10 10
13 21 19 7 18 23 5 14 8 14 12 21 4 9 17 36 17 14 9 8 21 21 14 22 14 4 19 5 15 22 3 12 24 21 12 10 17 15 17 18 18 18 11 22 9 17 4 16 7 19 19 5 17 13 12 0 20 10 12 10 13 5 7 11 14 12 7 5 2 3 4 5 2 1 11 11 9 10 10 5 10 9 11 13 18 18 16 15 12 10 8 8 6 5 4 3 2 4 4 4 5
22 23 23 17 27 26 18 14 26 14 25 23 18 25 9 21 4 6 27 22 18 24 11 25 10 20 22 24 9 14 20 21 27 13 29 28 9 24 19 26 20 11 27 14 27 6 23 10 24 18 22 24 6 23 18 20 0 28 10 16 23 23 24 19 26 25 22 22 20 20 22 23 20 20 20 20 20 21 20 22 25 25 24 22 21 21 20 18 15 13 16 16 16 17 19 20 18 16 16 16 16
6 29 16 16 12 20 13 21 6 22 6 29 13 6 25 44 25 22 3 12 29 29 22 30 21 10 18 5 23 30 9 17 32 29 8 9 25 9 24 12 26 26 5 30 3 25 9 24 9 27 17 5 25 7 20 10 28 0 20 18 7 6 7 15 9 7 11 9 10 11 8 6 9 9 15 16 13 14 14 9 5 6 5 6 18 18 15 15 15 17 16 16 15 14 12 11 12 13 14 13 14
14 18 15 9 19 18 11 7 18 6 17 18 10 18 7 27 8 5 19 14 16 19 4 20 2 12 14 16 5 13 11 13 22 13 21 20 7 16 14 18 15 9 19 13 19 7 15 6 16 10 14 16 8 15 10 12 10 20 0 8 16 15 16 11 18 17 14 14 12 12 14 15 12 12 12 12 12 13 12 14 17 17 16 14 13 13 12 10 7 5 8 8 8 9 11 12 10 8 8 8 8
19 18 20 7 23 22 9 11 16 10 20 18 8 17 13 32 14 11 17 15 20 18 10 19 10 9 19 14 12 18 9 15 21 17 20 19 13 20 14 23 15 16 19 18 18 13 13 13 15 15 19 14 14 19 3 10 16 18 8 0 20 14 15 14 23 21 14 14 11 11 12 14 12 11 14 14 14 14 13 13 17 17 18 19 18 18 16 15 12 10 9 9 8 9 10 11 9 7 7 8 7
3 30 13 18 7 17 13 16 6 18 4 30 15 5 20 40 21 18 7 10 25 31 17 32 17 13 15 9 19 26 13 12 34 26 6 8 20 4 26 6 27 22 6 26 5 20 12 20 9 23 13 9 21 3 22 13 23 7 16 20 0 8 6 12 7 5 11 8 11 10 11 9 12 12 11 14 12 10 13 8 4 5 5 3 14 14 10 11 11 13 14 15 15 14 12 11 13 14 15 15 15
9 24 19 12 14 22 9 18 4 18 9 24 9 8 20 40 21 17 5 12 25 25 17 26 17 5 21 1 19 25 5 16 28 25 8 7 20 11 20 14 21 22 8 25 5 20 6 19 11 22 20 2 21 9 16 5 23 6 15 14 8 0 9 15 11 9 11 9 6 7 3 2 5 5 15 15 13 14 14 9 7 8 8 9 20 20 17 18 17 15 13 12 11 10 8 7 7 9 9 9 10
7 25 12 12 11 16 7 18 9 19 5 25 9 2 21 40 22 18 7 6 24 26 18 27 18 9 15 9 20 26 9 10 29 25 11 12 21 8 21 11 22 22 4 26 5 21 6 20 3 23 14 9 21 6 18 7 24 7 16 15 6 9 0 9 8 6 5 2 5 4 9 9 7 6 8 11 6 7 8 2 3 2 4 7 14 14 11 11 11 13 11 10 9 8 6 5 7 9 9 9 10
10 23 14 9 15 17 7 12 16 14 13 23 9 11 16 36 17 14 12 5 20 24 13 25 13 13 14 15 15 22 13 3 27 21 18 19 16 12 19 14 20 18 13 22 14 16 11 15 9 19 13 13 17 11 16 11 19 15 11 14 12 15 9 0 13 13 5 7 9 9 13 14 11 10 1 3 3 2 2 8 12 11 12 10 14 14 10 11 10 8 6 6 7 7 8 8 11 11 10 10 9
4 32 14 19 10 17 14 19 11 21 3 32 16 6 23 42 24 20 9 13 27 33 20 34 20 15 16 11 22 29 15 14 36 28 13 14 23 7 28 10 29 24 7 29 7 23 13 22 10 25 15 11 23 5 25 14 26 9 18 23 7 11 8 13 0 2 12 10 13 12 14 12 14 14 12 16 13 11 14 10 6 7 6 4 15 15 12 13 12 15 16 17 16 15 14 13 15 16 17 16 17
3 30 13 17 9 17 12 18 9 20 1 30 14 4 22 41 23 19 7 11 26 31 19 32 19 13 15 9 21 28 13 14 34 27 11 12 22 6 26 9 27 23 5 28 5 22 11 21 8 24 14 9 22 4 23 12 25 7 17 21 5 9 6 13 2 0 10 8 11 10 12 10 12 12 12 15 12 11 13 8 4 5 5 3 15 15 12 12 12 14 15 16 14 13 12 11 13 14 15 14 15
9 24 13 10 14 17 7 14 12 17 9 24 9 6 19 38 19 16 8 1 22 25 16 26 16 10 14 11 18 24 10 6 28 23 15 16 19 11 20 14 21 20 9 24 10 19 7 18 5 21 12 9 19 10 17 7 22 11 14 14 11 11 5 5 12 10 0 4 7 6 10 9 9 8 5 6 2 4 3 4 7 7 8 9 13 13 10 10 9 10 7 7 7 6 7 7 9 11 10 9 9
9 23 14 10 13 18 5 16 11 17 7 23 7 4 19 38 20 17 7 5 23 24 16 25 16 8 16 10 18 24 7 8 27 24 13 14 19 10 19 13 20 21 6 24 7 19 5 18 3 22 15 8 20 8 16 5 22 9 14 14 8 9 2 7 10 8 4 0 6 5 9 9 7 6 6 9 4 5 6 3 5 4 6 9 14 14 11 11 10 12 9 9 8 7 6 6 7 9 9 9 9
11 21 17 8 16 21 3 14 8 15 10 21 5 7 17 36 18 14 9 8 20 22 14 23 14 4 19 6 16 22 4 10 25 22 12 12 17 13 17 16 18 18 9 22 10 17 3 16 5 19 18 5 18 11 14 2 20 10 12 11 11 6 5 9 13 11 7 6 0 1 5 6 3 2 9 9 8 8 8 3 8 7 9 11 17 17 14 13 12 10 7 6 5 4 2 1 3 4 5 4 5
10 21 16 8 15 20 4 15 9 15 9 21 5 6 17 36 18 14 9 7 21 22 14 23 14 5 18 7 16 22 5 10 25 22 13 13 17 12 17 15 18 19 8 22 9 17 3 16 4 19 17 6 18 10 14 3 20 11 12 11 10 7 4 9 12 10 6 5 1 0 6 6 4 3 8 9 7 7 8 2 7 6 8 10 16 16 13 13 12 10 7 7 5 5 3 2 4 5 6 5 6
10 23 20 11 16 24 7 17 6 17 11 23 8 10 19 38 20 16 7 11 24 24 16 25 16 4 22 3 18 24 3 14 27 23 10 9 19 13 19 16 20 20 10 24 8 19 5 18 9 21 21 3 19 11 14 4 22 8 14 12 11 3 9 13 14 12 10 9 5 6 0 2 2 3 12 13 11 11 11 7 9 9 9 10 21 21 17 17 15 13 10 10 9 8 6 5 5 7 7 7 8
9 24 19 12 15 23 8 18 4 18 9 24 9 8 20 40 21 17 5 10 25 25 17 26 17 5 21 2 19 25 5 15 28 25 8 8 20 12 20 15 21 22 8 25 6 20 5 19 10 22 20 1 21 10 16 5 23 6 15 14 9 2 9 14 12 10 9 9 6 6 2 0 4 4 14 14 11 13 12 8 7 8 7 9 20 20 17 18 16 14 12 11 10 9 7 6 7 8 8 8 9
11 21 19 9 17 23 5 15 7 15 11 21 6 8 17 37 18 15 8 10 22 22 14 23 14 3 20 5 16 23 3 12 25 22 11 11 17 14 17 17 19 19 11 23 9 17 3 16 7 20 20 4 18 12 14 2 20 9 12 12 12 5 7 11 14 12 9 7 3 4 2 4 0 1 11 11 10 10 10 5 9 9 10 11 19 19 16 15 13 11 9 8 7 6 4 3 4 5 6 5 6
12 21 18 8 17 22 4 15 7 14 11 21 5 8 17 36 17 14 8 9 21 21 14 22 13 3 19 5 15 22 3 11 24 21 11 11 17 14 17 17 18 18 10 22 9 17 3 16 6 19 19 4 17 12 13 1 20 9 12 11 12 5 6 10 14 12 8 6 2 3 3 4 1 0 10 10 9 9 9 4 9 8 10 12 18 18 15 14 13 11 8 7 6 5 3 2 3 5 5 5 6
9 24 13 10 14 16 7 13 16 15 12 24 10 10 17 37 18 14 12 4 21 25 14 26 14 13 13 15 16 23 13 2 28 22 17 18 17 11 20 13 21 19 12 23 13 17 10 16 8 19 12 13 18 10 17 11 20 15 12 14 11 15 8 1 12 12 5 6 9 8 12 14 11 10 0 4 4 1 3 7 11 10 11 9 13 13 9 10 9 9 7 6 8 7 8 9 11 12 11 10 9
12 24 16 9 17 19 7 12 17 14 15 24 10 12 17 36 17 14 13 7 21 24 14 25 14 13 16 15 15 23 13 4 27 22 20 21 17 14 20 17 21 18 15 23 14 17 11 16 11 19 16 14 17 13 16 11 20 16 12 14 14 15 11 3 16 15 6 9 9 9 13 14 11 10 4 0 5 5 4 10 13 13 14 12 16 16 12 13 10 8 6 6 7 7 8 8 11 11 11 10 9
10 23 14 9 15 17 6 13 14 15 11 23 9 8 17 36 18 15 10 2 20 24 14 25 14 12 14 13 16 22 11 4 27 22 17 18 17 12 19 14 21 18 10 23 11 17 9 16 7 20 13 11 18 11 16 9 20 13 12 14 12 13 6 3 13 12 2 4 8 7 11 11 10 9 4 5 0 3 2 6 9 8 10 10 14 14 11 11 10 9 6 6 7 6 7 8 10 11 10 9 9
8 23 12 9 13 15 6 13 15 15 11 23 9 9 17 36 18 15 11 3 20 24 15 25 14 12 12 14 16 23 12 3 27 22 16 17 17 10 19 12 21 18 11 23 12 17 9 17 7 20 11 12 18 9 16 10 21 14 13 14 10 14 7 2 11 11 4 5 8 7 11 13 10 9 1 5 3 0 4 6 10 9 10 8 12 12 8 9 8 10 8 7 8 8 7 8 11 11 10 10 10
10 23 15 8 16 18 6 12 15 14 12 23 8 9 17 36 17 14 11 4 19 23 14 24 13 12 15 14 15 22 12 3 26 21 18 19 17 13 18 15 20 17 12 22 13 17 10 16 8 19 14 12 17 11 15 10 20 14 12 13 13 14 8 2 14 13 3 6 8 8 11 12 10 9 3 4 2 4 0 6 10 9 11 10 13 13 10 10 10 8 5 5 6 6 7 7 9 10 9 9 8
9 23 14 10 13 18 5 16 10 17 7 23 7 4 19 38 20 16 7 5 23 24 16 25 16 7 16 9 18 24 7 9 27 23 13 14 19 10 19 13 20 20 6 24 7 19 4 18 2 21 15 7 19 8 16 5 22 9 14 13 8 9 2 8 10 8 4 3 3 2 7 8 5 4 7 10 6 6 6 0 5 4 6 9 14 14 11 11 11 12 9 9 7 7 5 4 6 7 8 7 8
4 27 12 14 9 16 9 17 8 19 4 27 12 1 22 41 22 19 6 8 26 28 19 29 18 12 15 7 20 27 11 13 31 27 9 10 22 6 23 9 24 23 2 28 3 22 9 21 5 24 13 7 22 4 20 10 25 5 17 17 4 7 3 12 6 4 7 5 8 7 9 7 9 9 11 13 9 10 10 5 0 1 1 4 14 14 11 11 11 14 13 12 11 10 8 7 9 10 11 11 11
5 27 13 13 10 17 8 18 8 20 4 27 11 1 22 41 23 20 6 8 25 27 19 28 19 11 15 8 21 27 11 12 30 27 10 11 22 7 22 10 24 23 3 27 4 22 8 21 4 25 14 8 23 5 19 9 25 6 17 17 5 8 2 11 7 5 7 4 7 6 9 8 9 8 10 13 8 9 9 4 1 0 2 5 15 15 11 12 12 14 12 11 10 9 7 6 8 10 10 10 11
3 28 12 15 9 16 10 17 8 19 5 28 13 2 21 41 22 18 6 9 25 29 18 30 18 12 14 8 20 27 11 13 32 26 9 10 21 6 24 9 25 23 3 27 3 21 10 20 6 23 13 7 22 4 21 11 24 5 16 18 5 8 4 12 6 5 8 6 9 8 9 7 10 10 11 14 10 10 11 6 1 2 0 3 14 14 11 11 11 13 14 13 12 11 9 8 10 11 12 12 12
0 29 10 17 6 14 13 15 8 17 4 29 15 5 19 38 20 16 7 9 23 29 16 30 16 13 12 9 18 25 12 11 32 24 9 11 19 3 25 6 26 20 6 25 5 19 12 18 9 21 11 9 19 1 21 13 22 6 14 19 3 9 7 10 4 3 9 9 11 10 10 9 11 12 9 12 10 8 10 9 4 5 3 0 12 12 9 9 9 11 12 13 14 13 12 11 12 14 14 14 15
12 28 6 16 13 7 15 14 19 16 15 28 15 15 18 37 19 15 19 12 21 28 15 29 15 21 3 20 17 24 20 15 31 23 20 21 18 14 24 13 25 19 16 24 16 18 18 17 16 20 4 20 18 13 20 18 21 18 13 18 14 20 14 14 15 15 13 14 17 16 21 20 19 18 13 16 14 12 13 14 14 15 14 12 0 4 8 9 11 13 14 15 16 17 16 17 19 19 18 18 18
12 28 5 16 11 5 15 14 19 16 15 28 15 15 18 37 19 15 19 12 22 28 15 29 15 21 2 20 17 24 20 15 31 23 20 21 18 14 23 11 25 19 16 24 16 18 18 17 16 20 2 20 18 13 20 18 21 18 13 18 14 20 14 14 15 15 13 14 17 16 21 20 19 18 13 16 14 12 13 14 14 15 14 12 4 0 5 5 8 10 11 12 13 14 15 16 17 16 15 15 14
9 26 5 14 10 9 14 12 15 14 12 26 14 11 16 36 17 14 15 9 21 27 14 28 13 18 6 17 15 22 18 11 30 22 16 18 16 10 22 10 23 18 13 23 13 16 15 16 13 19 5 17 17 9 18 16 20 15 12 16 10 17 11 10 12 12 10 11 14 13 17 17 16 15 9 12 11 8 10 11 11 11 11 9 8 5 0 5 6 9 10 11 11 12 14 15 16 14 14 14 13
9 25 8 12 13 10 12 11 16 13 13 25 12 12 15 35 16 12 16 10 19 25 12 26 12 17 7 18 14 21 17 12 28 20 17 18 15 11 21 13 22 17 13 21 13 15 15 14 13 17 7 18 16 10 17 15 18 15 10 15 11 18 11 11 13 12 10 11 13 13 17 18 15 14 10 13 11 9 10 11 11 12 11 9 9 5 5 0 4 6 7 8 9 10 11 12 13 11 11 11 10
9 22 10 10 14 12 10 7 16 10 13 22 9 12 12 31 13 9 16 9 16 22 9 23 9 15 9 17 11 18 14 11 25 17 17 18 12 11 18 13 19 13 13 18 13 12 14 11 13 14 9 16 12 10 14 12 15 15 7 12 11 17 11 10 12 12 9 10 12 12 15 16 13 13 9 10 10 8 10 11 11 12 11 9 11 8 6 4 0 3 6 7 8 9 10 11 12 10 10 10 9
11 20 12 8 16 14 8 6 17 8 15 20 7 14 10 30 11 7 16 10 14 20 7 21 7 13 12 15 9 16 12 9 23 15 19 20 10 13 16 16 17 12 16 16 15 10 12 9 14 12 11 14 11 12 12 10 13 17 5 10 13 15 13 8 15 14 10 12 10 10 13 14 11 11 9 8 9 10 8 12 14 14 13 11 13 10 9 6 3 0 3 4 5 6 8 9 9 8 7 8 7
12 19 13 5 17 16 5 9 15 11 15 19 5 12 13 32 13 10 13 8 15 20 10 21 10 10 13 13 12 18 10 7 23 17 19 18 13 14 15 17 16 13 15 18 15 13 9 12 11 15 12 12 13 13 12 8 16 16 8 9 14 13 11 6 16 15 7 9 7 7 10 12 9 8 7 6 6 8 5 9 13 12 14 12 14 11 10 7 6 3 0 1 2 3 5 6 7 7 6 5 4
13 19 14 4 18 17 4 10 14 11 15 19 5 12 13 32 13 10 13 7 16 19 10 20 10 10 14 12 12 18 10 7 22 17 18 18 13 15 15 18 16 13 14 18 14 13 9 12 11 15 13 11 13 14 11 8 16 16 8 9 15 12 10 6 17 16 7 9 6 7 10 11 8 7 6 6 6 7 5 9 12 11 13 13 15 12 11 8 7 4 1 0 2 3 4 5 7 7 6 5 4
14 18 15 3 19 17 3 10 13 11 13 18 4 10 13 32 14 10 12 8 16 18 10 19 10 9 14 11 12 18 8 8 21 17 17 16 13 16 13 19 15 14 13 18 14 13 7 12 9 15 14 10 14 15 10 6 16 15 8 8 15 11 9 7 16 14 7 8 5 5 9 10 7 6 8 7 7 8 6 7 11 10 12 14 16 13 11 9 8 5 2 2 0 1 3 4 5 5 4 3 2
13 18 15 4 19 18 2 11 12 12 12 18 3 9 14 33 15 11 11 7 17 19 11 20 11 8 15 10 13 19 7 8 22 18 16 15 14 16 14 19 16 15 12 19 13 14 7 13 8 16 15 9 15 14 11 5 17 14 9 9 14 10 8 7 15 13 6 7 4 5 8 9 6 5 7 7 6 8 6 7 10 9 11 13 17 14 12 10 9 6 3 3 1 0 2 3 4 5 4 3 3
12 20 17 6 17 20 1 12 10 14 11 20 4 8 16 34 16 13 11 8 18 21 13 22 13 6 17 8 15 20 6 9 24 20 14 14 16 14 16 17 17 16 10 20 11 16 5 15 7 18 17 7 16 12 12 4 19 12 11 10 12 8 6 8 14 12 7 6 2 3 6 7 4 3 8 8 7 7 7 5 8 7 9 12 16 15 14 11 10 8 5 4 3 2 0 1 4 5 4 4 4
11 21 17 7 16 21 2 13 9 14 10 21 5 7 17 35 17 14 10 8 19 21 14 22 13 5 18 7 15 21 5 9 24 21 13 13 17 13 16 16 18 17 9 21 10 17 4 16 6 19 18 6 17 11 13 3 20 11 12 11 11 7 5 8 13 11 7 6 1 2 5 6 3 2 9 8 8 8 7 4 7 6 8 11 17 16 15 12 11 9 6 5 4 3 1 0 3 4 4 4 5
12 19 19 7 18 22 5 13 10 12 12 19 4 9 15 34 15 12 10 10 20 19 12 20 12 5 19 7 13 20 5 12 22 19 14 12 15 15 15 18 16 16 11 20 11 15 5 14 8 17 18 7 15 13 11 2 18 12 10 9 13 7 7 11 15 13 9 7 3 4 5 7 4 3 11 11 10 11 9 6 9 8 10 12 19 17 16 13 12 9 7 7 5 4 4 3 0 2 2 3 4
14 17 17 5 19 20 5 11 11 11 13 17 5 10 13 33 14 10 12 12 20 18 10 19 10 6 17 9 12 18 6 12 21 18 15 14 13 16 13 19 14 15 12 18 13 13 7 12 9 15 17 8 14 14 10 4 16 13 8 7 14 9 9 11 16 14 11 9 4 5 7 8 5 5 12 11 11 11 10 7 10 10 11 14 19 16 14 11 10 8 7 7 5 5 5 4 2 0 1 2 3
14 17 17 5 20 20 4 11 12 10 14 17 4 11 13 32 13 10 12 11 19 17 10 18 10 6 17 9 11 18 6 11 20 17 16 14 13 17 13 20 14 14 13 18 13 13 7 12 9 15 16 9 13 15 9 4 16 14 8 7 15 9 9 10 17 15 10 9 5 6 7 8 6 5 11 11 10 10 9 8 11 10 12 14 18 15 14 11 10 7 6 6 4 4 4 4 2 1 0 1 2
14 17 17 5 20 20 4 11 11 11 13 17 3 10 13 33 14 11 12 10 18 18 10 19 10 7 17 9 12 19 6 11 21 18 15 14 13 17 13 20 15 15 13 19 13 13 7 12 9 16 17 8 14 15 10 4 16 13 8 8 15 9 9 10 16 14 9 9 4 5 7 8 5 5 10 10 9 10 9 7 11 10 12 14 18 15 14 11 10 8 5 5 3 3 4 4 3 2 1 0 1
15 17 16 4 20 19 4 11 12 11 14 17 3 11 13 33 14 11 13 10 17 18 10 19 10 8 16 10 12 18 7 10 21 18 16 15 13 17 13 20 14 15 13 19 14 13 8 12 10 15 16 9 14 15 10 5 16 14 8 7 15 10 10 9 17 15 9 9 5 6 8 9 6 6 9 9 9 10 8 8 11 11 12 15 18 14 13 10 9 7 4 4 2 3 4 5 4 3 2 1 0