0 11 9 2 25 10 13 13 9 8 13 10 10 12 32 13 21 24 10 30 6 14 8 28 12 8 24 3 24 24 10 9 21 13 9 38 7 12 10 25 6 5 27 7 26 7 19 16 13 21 2 38 10 11 21 11 13 10 25 26 17 9 6 10 4 3 9 8 11 10 10 9 11 12 9 12 10 8 10 8 4 5 3 0 12 12 9 9 9 11 12 13 14 13 12 11 12 14 14 14 15
11 0 20 10 24 2 20 24 3 6 20 21 4 19 26 24 21 26 6 25 13 22 8 24 6 10 24 11 19 25 16 15 20 20 3 38 5 23 6 25 13 8 22 18 21 9 19 8 24 21 12 38 4 22 20 8 24 2 24 23 23 3 11 16 13 11 12 10 7 7 4 4 5 6 15 16 14 14 15 9 10 11 10 11 23 23 20 19 17 15 12 12 11 10 9 8 7 8 9 9 10
9 20 0 11 23 19 11 12 18 16 11 9 19 10 30 12 19 22 18 28 9 13 17 26 16 13 23 12 23 23 18 10 19 11 18 37 16 10 18 24 11 14 25 9 24 16 17 19 11 19 10 37 19 12 19 18 11 19 23 25 16 18 12 11 13 12 11 14 16 15 19 18 17 16 10 14 11 9 12 13 12 12 11 9 9 9 5 8 9 11 13 14 14 15 17 17 18 17 17 17 16
2 10 11 0 27 9 15 15 8 7 15 12 9 14 32 15 23 25 9 30 5 16 8 29 10 6 26 1 25 24 10 11 23 15 8 40 6 14 9 27 4 5 27 9 26 7 21 15 15 23 4 40 9 13 23 11 15 9 27 27 19 8 4 12 3 1 9 6 9 8 10 8 11 10 11 14 10 10 12 6 3 3 3 2 14 14 10 11 11 13 14 14 13 12 10 9 11 13 13 13 14
25 24 23 27 0 25 17 27 26 28 17 26 25 17 17 27 13 19 28 16 25 16 30 9 22 25 5 28 7 18 33 23 20 19 26 31 27 26 28 1 27 30 13 27 12 31 11 20 26 13 25 31 25 25 20 30 22 25 0 12 16 25 26 22 29 28 24 24 22 22 24 25 23 22 23 23 22 23 22 24 27 28 27 25 24 24 22 21 18 16 18 18 18 19 21 22 20 18 18 19 18
10 2 19 9 25 0 20 23 2 4 20 20 3 19 27 23 22 26 5 25 12 22 7 24 5 10 24 10 19 25 14 15 21 20 2 39 3 22 5 25 12 7 22 17 21 8 20 8 23 21 11 39 3 21 21 7 23 0 25 23 23 2 10 15 12 10 12 10 6 7 3 3 5 5 15 15 14 14 14 9 9 9 9 10 22 22 18 19 17 15 12 12 11 10 8 7 7 9 9 9 10
13 20 11 15 17 20 0 15 19 21 0 14 18 2 28 15 15 14 22 26 14 6 21 20 15 18 17 16 18 15 22 14 17 2 19 32 20 13 22 18 16 18 23 15 22 20 13 17 14 15 14 32 18 13 17 23 9 20 17 23 9 20 15 13 17 16 14 17 15 15 18 19 16 15 13 13 14 13 13 17 15 16 15 13 12 12 10 9 7 8 9 10 10 11 13 14 15 13 13 13 12
13 24 12 15 27 23 15 0 22 21 15 10 23 14 34 0 23 22 23 32 15 12 21 30 20 18 27 16 27 21 23 15 23 15 22 41 20 3 23 27 17 18 29 14 28 20 21 22 6 23 15 41 23 7 23 24 9 23 27 29 16 22 16 16 17 16 15 18 20 20 23 22 21 20 15 17 16 14 17 18 16 17 15 13 6 7 9 9 10 12 14 15 15 16 18 19 20 18 18 18 17
9 3 18 8 26 2 19 22 0 3 19 19 1 18 27 22 23 25 4 26 11 21 6 24 4 9 25 9 20 24 13 14 22 19 1 39 2 21 4 26 11 6 23 16 22 7 20 9 22 22 10 39 1 20 22 7 22 2 26 22 22 2 9 14 11 9 10 8 5 6 2 1 3 4 14 14 12 13 13 8 8 8 8 9 21 21 17 18 16 14 11 11 10 9 7 6 6 8 8 8 9
8 6 16 7 28 4 21 21 3 0 21 18 4 20 30 21 25 28 2 28 10 22 5 26 7 9 27 8 22 27 10 15 24 21 3 42 1 20 2 28 10 4 25 15 24 6 23 11 21 24 8 42 4 19 24 5 20 4 28 25 25 3 8 15 10 8 11 10 8 9 5 3 6 7 15 15 13 14 14 9 7 7 7 8 19 19 15 16 16 17 14 14 13 12 10 9 9 11 11 11 12
13 20 11 15 17 20 0 15 19 21 0 14 18 2 28 15 15 14 22 26 14 6 21 20 15 18 17 16 18 15 22 14 17 2 19 32 20 13 22 18 16 18 23 15 22 20 13 17 14 15 14 32 18 13 17 23 9 20 17 23 9 20 15 13 17 16 14 17 15 15 18 19 16 15 13 13 14 13 13 17 15 16 15 13 12 12 10 9 7 8 9 10 10 11 13 14 15 13 13 13 12
10 21 9 12 26 20 14 10 19 18 14 0 20 12 32 10 22 24 19 31 11 15 18 29 18 14 25 13 25 25 19 12 21 13 19 39 17 10 19 26 12 15 28 5 27 17 20 21 10 21 11 39 20 11 21 20 12 20 26 27 18 19 13 14 14 13 13 15 17 16 20 19 19 18 13 16 14 12 15 14 12 13 12 10 8 6 5 8 10 12 13 14 15 16 17 18 19 17 17 17 16
10 4 19 9 25 3 18 23 1 4 18 20 0 17 26 23 22 24 5 25 12 20 7 23 3 8 24 10 19 23 14 13 21 18 2 38 3 21 5 25 12 7 22 17 21 8 19 8 22 21 11 38 0 21 21 8 22 3 25 21 21 3 9 13 12 10 9 7 4 5 1 2 2 3 13 13 11 12 12 7 9 9 9 10 21 21 18 17 15 13 10 10 9 8 6 5 5 7 7 7 8
12 19 10 14 17 19 2 14 18 20 2 12 17 0 27 14 15 14 21 25 13 5 20 20 14 16 17 15 18 13 21 13 16 2 18 31 19 12 21 17 15 17 22 14 21 19 13 16 13 14 13 31 17 11 16 22 9 19 17 22 8 19 15 12 16 15 13 16 14 15 17 18 15 14 12 12 13 12 12 16 14 15 14 12 11 11 9 8 6 7 8 9 10 11 12 13 14 13 12 12 11
32 26 30 32 17 27 28 34 27 30 28 32 26 27 0 34 24 30 30 2 30 28 32 16 24 27 17 33 12 29 40 27 27 28 28 42 29 33 30 17 33 32 5 33 6 33 22 22 33 24 32 42 26 32 27 32 32 27 17 8 28 27 28 26 35 33 27 26 24 24 26 27 24 24 27 27 26 26 26 26 30 30 31 32 31 31 29 28 25 23 22 22 21 21 23 24 22 20 20 20 20
13 24 12 15 27 23 15 0 22 21 15 10 23 14 34 0 23 22 23 32 15 12 21 30 20 18 27 16 27 21 23 15 23 15 22 41 20 3 23 27 17 18 29 14 28 20 21 22 6 23 15 41 23 7 23 24 9 23 27 29 16 22 16 16 17 16 15 18 20 20 23 22 21 20 15 17 16 14 17 18 16 17 15 13 6 7 9 9 10 12 14 15 15 16 18 19 20 18 18 18 17
21 21 19 23 13 22 15 23 23 25 15 22 22 15 24 23 0 17 25 23 22 14 27 16 19 22 14 24 14 16 29 20 17 17 23 20 24 22 25 14 23 26 21 23 19 28 8 17 22 1 21 20 22 22 17 27 20 22 13 20 14 22 23 18 25 24 21 21 19 19 21 22 20 19 19 19 19 20 19 21 24 24 23 21 20 20 19 17 14 12 15 15 15 16 18 19 17 15 15 16 15
24 26 22 25 19 26 14 22 25 28 14 24 24 14 30 22 17 0 28 29 23 11 30 22 21 24 19 26 20 13 31 21 23 15 25 33 27 21 28 20 25 28 26 24 25 30 15 23 22 17 23 33 24 20 23 31 17 26 19 25 11 26 25 20 28 26 22 24 21 21 24 25 22 21 21 21 21 21 20 23 26 26 26 24 22 23 21 20 17 15 16 16 16 17 19 20 21 20 20 19 18
10 6 18 9 28 5 22 23 4 2 22 19 5 21 30 23 25 28 0 28 12 24 7 26 7 11 27 10 22 27 12 16 24 22 3 42 3 22 0 28 12 6 25 16 24 7 22 11 22 24 8 42 5 21 24 5 22 5 28 24 25 3 10 17 12 10 12 11 8 9 6 4 7 7 16 17 14 15 15 11 8 9 8 10 20 20 17 17 17 17 15 14 13 12 10 9 10 11 11 11 12
30 25 28 30 16 25 26 32 26 28 26 31 25 25 2 32 23 29 28 0 29 26 30 15 22 25 15 31 10 28 38 26 26 26 26 41 27 31 28 16 31 30 4 32 4 31 21 20 31 22 30 41 25 30 26 30 30 25 16 7 26 25 26 25 33 31 25 25 22 22 24 25 23 22 25 25 25 25 24 24 28 28 29 30 29 29 27 26 23 21 20 20 19 20 21 22 20 18 18 19 19
6 13 9 5 25 12 14 15 11 10 14 11 12 13 30 15 22 23 12 29 0 16 10 27 9 5 25 5 23 22 14 9 21 14 11 39 9 14 12 26 3 7 26 7 25 9 19 14 14 21 6 39 12 14 21 13 14 12 25 25 19 11 3 10 6 6 7 5 8 7 12 11 10 9 9 13 9 8 10 5 4 4 4 6 12 12 9 9 9 11 12 13 12 11 9 8 10 11 12 12 12
14 22 13 16 16 22 6 12 21 22 6 15 20 5 28 12 14 11 24 26 16 0 22 19 17 19 16 17 17 12 24 16 18 6 21 31 21 11 24 17 18 19 23 16 22 21 12 18 11 14 16 31 20 10 18 25 6 22 16 22 4 22 17 14 18 17 16 19 17 17 20 21 18 17 15 15 15 15 14 19 17 18 16 14 11 12 12 10 9 10 11 12 12 13 15 16 17 15 15 15 14
8 8 17 8 30 7 21 21 6 5 21 18 7 20 32 21 27 30 7 30 10 22 0 29 9 10 29 8 24 29 14 17 26 21 6 44 4 20 7 30 10 5 27 15 26 4 25 13 21 26 9 44 7 19 26 9 21 7 30 27 25 6 9 17 11 9 13 11 10 11 8 6 9 9 17 18 15 16 16 11 7 8 7 8 20 20 16 17 17 19 17 16 15 14 12 11 12 13 13 13 14
28 24 26 29 9 24 20 30 24 26 20 29 23 20 16 30 16 22 26 15 27 19 29 0 20 24 9 29 5 21 36 24 23 22 24 34 26 29 26 9 30 28 12 30 11 29 14 19 29 16 28 34 23 29 23 29 25 24 9 11 20 24 25 23 32 30 24 23 21 21 23 24 21 20 24 23 23 23 22 23 27 26 28 28 27 27 26 24 21 19 19 19 17 18 20 20 18 17 16 17 17
12 6 16 10 22 5 15 20 4 7 15 18 3 14 24 20 19 21 7 22 9 17 9 20 0 5 21 11 16 20 17 10 18 15 4 36 6 19 7 22 11 9 19 15 18 10 17 7 19 18 13 36 3 18 18 10 20 5 22 18 18 5 6 10 13 11 7 5 1 2 3 4 1 0 10 10 9 9 9 4 9 8 10 12 18 18 15 14 12 10 8 7 6 5 3 2 3 4 4 4 5
8 10 13 6 25 10 18 18 9 9 18 14 8 16 27 18 22 24 11 25 5 19 10 24 5 0 25 7 20 23 16 7 21 17 9 39 8 17 11 25 7 8 22 11 21 10 20 11 17 21 9 39 8 16 21 13 17 10 25 22 21 9 3 8 9 7 4 1 4 3 8 8 6 5 7 10 5 6 7 1 5 4 6 8 15 15 12 12 11 13 10 9 8 7 5 4 6 8 8 8 9
24 24 23 26 5 24 17 27 25 27 17 25 24 17 17 27 14 19 27 15 25 16 29 9 21 25 0 27 6 18 32 23 20 18 25 31 27 26 27 5 26 29 12 26 11 30 11 20 25 13 24 31 24 25 20 30 22 24 5 13 16 25 26 22 28 27 23 24 22 22 24 25 22 21 23 22 22 22 21 24 27 27 27 24 23 23 22 21 17 16 17 17 18 19 20 21 19 18 17 18 18
3 11 12 1 28 10 16 16 9 8 16 13 10 15 33 16 24 26 10 31 5 17 8 29 11 7 27 0 25 25 11 12 23 16 8 41 7 15 10 28 5 5 28 10 27 8 22 16 16 23 5 41 10 14 23 11 16 10 28 27 20 9 5 13 3 1 10 7 10 9 11 9 12 11 12 15 11 11 13 7 4 4 4 3 15 15 11 12 12 14 15 15 14 13 11 10 12 14 14 14 15
24 19 23 25 7 19 18 27 20 22 18 25 19 18 12 27 14 20 22 10 23 17 24 5 16 20 6 25 0 19 32 20 20 19 20 31 22 26 22 7 26 24 7 26 6 25 12 15 25 13 24 31 19 25 20 25 23 19 7 7 17 20 21 19 28 26 20 19 17 17 19 20 17 16 20 19 19 19 18 19 23 22 24 24 23 23 22 20 17 15 15 14 13 14 16 16 14 13 12 13 13
24 25 23 24 18 25 15 21 24 27 15 25 23 13 29 21 16 13 27 28 22 12 29 21 20 23 18 25 19 0 30 20 22 14 24 30 26 20 27 18 24 27 25 23 24 29 14 22 23 16 22 30 23 21 22 30 16 25 18 24 12 25 25 21 27 25 23 24 21 22 23 24 21 20 22 22 21 21 21 24 26 26 26 24 23 23 22 21 18 16 17 17 17 18 20 21 22 21 21 20 19
10 16 18 10 33 14 22 23 13 10 22 19 14 21 40 23 29 31 12 38 14 24 14 36 17 16 32 11 32 30 0 17 29 22 13 46 11 22 12 33 14 10 35 16 34 12 27 21 22 29 8 46 14 21 29 12 22 14 33 34 27 13 13 18 13 11 17 15 18 17 15 13 16 17 17 21 18 16 19 15 11 12 11 10 20 20 17 17 17 19 20 21 22 21 19 18 19 21 21 21 22
9 15 10 11 23 15 14 15 14 15 14 12 13 13 27 15 20 21 16 26 9 16 17 24 10 7 23 12 20 20 17 0 20 14 14 37 14 13 16 24 11 14 23 11 22 16 18 15 14 20 9 37 13 12 20 18 14 15 23 22 18 15 8 3 12 12 5 6 9 8 12 14 11 10 2 5 3 1 3 7 11 10 11 9 13 13 9 10 9 9 7 6 7 7 8 9 11 11 11 10 9
21 20 19 23 20 21 17 23 22 24 17 21 21 16 27 23 17 23 24 26 21 18 26 23 18 21 20 23 20 22 29 20 0 17 22 34 23 22 24 21 23 26 23 22 22 27 14 17 21 16 21 34 21 21 0 27 21 21 20 22 20 22 23 18 24 24 20 21 19 19 21 22 19 18 19 18 19 19 18 21 23 24 23 21 20 19 18 17 14 12 14 14 15 16 17 18 16 15 14 15 15
13 20 11 15 19 20 2 15 19 21 2 13 18 2 28 15 17 15 22 26 14 6 21 22 15 17 18 16 19 14 22 14 17 0 19 33 20 13 22 19 16 18 23 15 22 20 14 17 14 16 14 33 18 13 17 23 9 20 19 23 9 20 16 13 17 16 14 17 15 16 18 19 16 15 13 13 14 13 13 17 15 16 15 13 12 12 10 9 7 8 9 10 11 12 13 14 15 14 13 13 12
9 3 18 8 26 2 19 22 1 3 19 19 2 18 28 22 23 25 3 26 11 21 6 24 4 9 25 8 20 24 13 14 22 19 0 40 2 21 3 26 10 6 23 16 22 6 21 9 22 22 10 40 2 20 22 6 22 2 26 22 22 1 9 14 11 9 10 9 5 6 3 1 4 4 14 14 12 13 13 8 7 8 7 9 20 20 17 18 16 14 12 11 10 9 7 6 7 8 8 8 9
38 38 37 40 31 39 32 41 39 42 32 39 38 31 42 41 20 33 42 41 39 31 44 34 36 39 31 41 31 30 46 37 34 33 40 0 41 40 42 32 41 43 38 40 37 45 25 35 39 20 38 0 38 39 34 44 36 39 31 37 31 40 40 36 42 41 38 39 37 36 38 40 37 36 37 36 36 36 36 38 41 42 41 38 37 37 36 35 31 30 32 32 32 33 35 36 34 33 32 33 33
7 5 16 6 27 3 20 20 2 1 20 17 3 19 29 20 24 27 3 27 9 21 4 26 6 8 27 7 22 26 11 14 23 20 2 41 0 19 3 28 9 4 24 14 23 5 22 10 20 24 8 41 3 18 23 5 20 3 27 24 24 2 7 14 9 7 10 9 7 8 4 2 5 6 14 14 12 13 13 8 6 6 6 7 19 19 15 16 16 16 13 13 12 11 9 8 8 10 10 10 11
12 23 10 14 26 22 13 3 21 20 13 10 21 12 33 3 22 21 22 31 14 11 20 29 19 17 26 15 26 20 22 13 22 13 21 40 19 0 22 26 16 17 28 13 27 19 20 20 4 22 14 40 21 5 22 23 8 22 26 28 15 21 15 14 16 15 13 16 18 18 21 21 19 19 13 16 14 12 15 16 14 15 14 12 4 5 7 7 9 11 12 13 14 15 16 17 18 17 16 16 15
10 6 18 9 28 5 22 23 4 2 22 19 5 21 30 23 25 28 0 28 12 24 7 26 7 11 27 10 22 27 12 16 24 22 3 42 3 22 0 28 12 6 25 16 24 7 22 11 22 24 8 42 5 21 24 5 22 5 28 24 25 3 10 17 12 10 12 11 8 9 6 4 7 7 16 17 14 15 15 11 8 9 8 10 20 20 17 17 17 17 15 14 13 12 10 9 10 11 11 11 12
25 25 24 27 1 25 18 27 26 28 18 26 25 17 17 27 14 20 28 16 26 17 30 9 22 25 5 28 7 18 33 24 21 19 26 32 28 26 28 0 27 30 13 27 12 31 12 21 26 14 25 32 25 26 21 30 22 25 1 13 17 26 26 22 29 28 24 25 23 23 24 26 23 22 23 23 23 23 22 24 28 28 27 25 24 24 23 21 18 16 18 18 18 19 21 22 20 19 18 19 19
6 13 11 4 27 12 16 17 11 10 16 12 12 15 33 17 23 25 12 31 3 18 10 30 11 7 26 5 26 24 14 11 23 16 10 41 9 16 12 27 0 7 28 9 27 9 21 17 16 23 8 41 12 15 23 13 15 12 27 28 21 11 5 12 6 5 10 7 10 9 13 11 12 11 11 14 11 10 13 7 4 5 4 6 14 14 10 11 11 13 14 15 14 13 11 10 12 14 14 14 15
5 8 14 5 30 7 18 18 6 4 18 15 7 17 32 18 26 28 6 30 7 19 5 28 9 8 29 5 24 27 10 14 26 18 6 43 4 17 6 30 7 0 27 12 26 3 24 13 18 26 6 43 7 16 26 6 18 7 30 26 22 6 6 15 8 6 10 8 10 10 8 6 9 9 14 15 12 13 13 8 4 5 4 5 17 17 14 14 14 16 16 15 15 14 12 11 12 13 13 13 14
27 22 25 27 13 22 23 29 23 25 23 28 22 22 5 29 21 26 25 4 26 23 27 12 19 22 12 28 7 25 35 23 23 23 23 38 24 28 25 13 28 27 0 29 2 28 18 17 28 20 27 38 22 27 23 27 27 22 13 3 23 22 23 22 30 28 22 22 19 19 21 22 20 19 22 22 22 22 21 21 25 25 26 27 26 26 24 23 20 18 17 17 16 17 18 19 17 15 15 16 16
7 18 9 9 27 17 15 14 16 15 15 5 17 14 33 14 23 24 16 32 7 16 15 30 15 11 26 10 26 23 16 11 22 15 16 40 14 13 16 27 9 12 29 0 28 14 21 21 12 22 8 40 17 13 22 17 13 17 27 28 20 16 9 12 11 10 11 11 14 13 17 16 16 15 11 15 12 10 13 11 9 10 9 7 10 8 6 8 10 12 13 14 15 16 15 14 16 18 17 18 17
26 21 24 26 12 21 22 28 22 24 22 27 21 21 6 28 19 25 24 4 25 22 26 11 18 21 11 27 6 24 34 22 22 22 22 37 23 27 24 12 27 26 2 28 0 27 18 17 27 18 26 37 21 27 22 26 27 21 12 3 22 22 22 21 29 27 22 21 19 19 20 22 19 18 22 21 21 21 20 20 25 24 26 26 25 25 24 22 19 17 17 16 15 16 17 18 16 15 14 15 15
7 9 16 7 31 8 20 20 7 6 20 17 8 19 33 20 28 30 7 31 9 21 4 29 10 10 30 8 25 29 12 16 27 20 6 45 5 19 7 31 9 3 28 14 27 0 26 14 20 27 8 45 8 18 27 9 20 8 31 27 24 7 8 16 10 8 12 10 11 12 9 7 10 10 16 17 14 15 15 10 6 7 6 7 19 19 16 16 16 18 17 17 16 15 13 12 13 14 14 14 15
19 19 17 21 11 20 13 21 20 23 13 20 19 13 22 21 8 15 22 21 19 12 25 14 17 20 11 22 12 14 27 18 14 14 21 25 22 20 22 12 21 24 18 21 18 26 0 15 20 8 19 25 19 19 14 25 18 20 11 18 12 20 21 16 23 22 19 19 17 17 19 20 17 17 17 17 17 17 17 19 22 22 21 19 18 18 16 15 12 10 13 13 13 14 16 17 15 13 13 13 13
16 8 19 15 20 8 17 22 9 11 17 21 8 16 22 22 17 23 11 20 14 18 13 19 7 11 20 16 15 22 21 15 17 17 9 35 10 20 11 21 17 13 17 21 17 14 15 0 21 17 17 35 8 19 17 13 21 8 20 17 20 8 12 14 18 16 12 10 8 8 7 9 7 7 15 15 14 14 13 10 14 13 15 16 19 19 18 15 13 11 10 10 8 8 8 8 5 4 4 5 6
13 24 11 15 26 23 14 6 22 21 14 10 22 13 33 6 22 22 22 31 14 11 21 29 19 17 25 16 25 23 22 14 21 14 22 39 20 4 22 26 16 18 28 12 27 20 20 21 0 21 14 39 22 6 21 23 8 23 26 27 15 22 15 15 16 16 14 17 19 19 22 22 20 19 14 16 15 13 16 17 15 16 15 13 4 5 8 8 10 12 13 14 15 16 17 18 19 17 17 17 16
21 21 19 23 13 21 15 23 22 24 15 21 21 14 24 23 1 17 24 22 21 14 26 16 18 21 13 23 13 16 29 20 16 16 22 20 24 22 24 14 23 26 20 22 18 27 8 17 21 0 21 20 21 21 16 27 19 21 13 20 14 22 23 18 24 24 20 21 19 19 21 22 19 18 19 18 19 19 18 21 23 24 23 21 20 19 18 17 14 12 14 14 15 16 17 18 16 15 14 15 15
2 12 10 4 25 11 14 15 10 8 14 11 11 13 32 15 21 23 8 30 6 16 9 28 13 9 24 5 24 22 8 9 21 14 10 38 8 14 8 25 8 6 27 8 26 8 19 17 14 21 0 38 11 13 21 10 14 11 25 26 19 10 7 10 5 5 9 9 12 11 12 10 13 13 9 13 10 8 11 9 5 6 5 2 12 12 9 9 9 11 12 13 14 15 13 12 14 15 16 16 16
38 38 37 40 31 39 32 41 39 42 32 39 38 31 42 41 20 33 42 41 39 31 44 34 36 39 31 41 31 30 46 37 34 33 40 0 41 40 42 32 41 43 38 40 37 45 25 35 39 20 38 0 38 39 34 44 36 39 31 37 31 40 40 36 42 41 38 39 37 36 38 40 37 36 37 36 36 36 36 38 41 42 41 38 37 37 36 35 31 30 32 32 32 33 35 36 34 33 32 33 33
10 4 19 9 25 3 18 23 1 4 18 20 0 17 26 23 22 24 5 25 12 20 7 23 3 8 24 10 19 23 14 13 21 18 2 38 3 21 5 25 12 7 22 17 21 8 19 8 22 21 11 38 0 21 21 8 22 3 25 21 21 3 9 13 12 10 9 7 4 5 1 2 2 3 13 13 11 12 12 7 9 9 9 10 21 21 18 17 15 13 10 10 9 8 6 5 5 7 7 7 8
11 22 12 13 25 21 13 7 20 19 13 11 21 11 32 7 22 20 21 30 14 10 19 29 18 16 25 14 25 21 21 12 21 13 20 39 18 5 21 26 15 16 27 13 27 18 19 19 6 21 13 39 21 0 21 22 7 21 25 27 13 20 14 13 15 14 13 16 18 17 21 20 19 18 12 15 13 11 14 15 14 14 13 11 5 6 7 7 8 10 11 12 13 14 16 17 17 16 15 15 14
21 20 19 23 20 21 17 23 22 24 17 21 21 16 27 23 17 23 24 26 21 18 26 23 18 21 20 23 20 22 29 20 0 17 22 34 23 22 24 21 23 26 23 22 22 27 14 17 21 16 21 34 21 21 0 27 21 21 20 22 20 22 23 18 24 24 20 21 19 19 21 22 19 18 19 18 19 19 18 21 23 24 23 21 20 19 18 17 14 12 14 14 15 16 17 18 16 15 14 15 15
11 8 18 11 30 7 23 24 7 5 23 20 8 22 32 24 27 31 5 30 13 25 9 29 10 13 30 11 25 30 12 18 27 23 6 44 5 23 5 30 13 6 27 17 26 9 25 13 23 27 10 44 8 22 27 0 23 7 30 27 28 7 12 19 14 12 15 14 11 12 9 7 10 10 18 19 17 17 18 13 10 11 10 11 21 21 18 18 18 20 18 17 16 15 13 12 13 14 14 14 15
13 24 11 15 22 23 9 9 22 20 9 12 22 9 32 9 20 17 22 30 14 6 21 25 20 17 22 16 23 16 22 14 21 9 22 36 20 8 22 22 15 18 27 13 27 20 18 21 8 19 14 36 22 7 21 23 0 23 22 27 10 22 16 15 17 16 15 18 20 19 23 22 21 20 14 17 15 13 16 17 16 16 15 13 8 9 9 9 10 12 13 14 15 16 18 19 19 18 17 18 17
10 2 19 9 25 0 20 23 2 4 20 20 3 19 27 23 22 26 5 25 12 22 7 24 5 10 24 10 19 25 14 15 21 20 2 39 3 22 5 25 12 7 22 17 21 8 20 8 23 21 11 39 3 21 21 7 23 0 25 23 23 2 10 15 12 10 12 10 6 7 3 3 5 5 15 15 14 14 14 9 9 9 9 10 22 22 18 19 17 15 12 12 11 10 8 7 7 9 9 9 10
25 24 23 27 0 25 17 27 26 28 17 26 25 17 17 27 13 19 28 16 25 16 30 9 22 25 5 28 7 18 33 23 20 19 26 31 27 26 28 1 27 30 13 27 12 31 11 20 26 13 25 31 25 25 20 30 22 25 0 12 16 25 26 22 29 28 24 24 22 22 24 25 23 22 23 23 22 23 22 24 27 28 27 25 24 24 22 21 18 16 18 18 18 19 21 22 20 18 18 19 18
26 23 25 27 12 23 23 29 22 25 23 27 21 22 8 29 20 25 24 7 25 22 27 11 18 22 13 27 7 24 34 22 22 23 22 37 24 28 24 13 28 26 3 28 3 27 18 17 27 20 26 37 21 27 22 27 27 23 12 0 22 22 23 21 30 28 22 21 19 19 21 22 19 18 22 22 21 21 20 21 25 24 26 26 25 25 24 23 19 18 17 17 15 16 18 18 16 15 14 15 15
17 23 16 19 16 23 9 16 22 25 9 18 21 8 28 16 14 11 25 26 19 4 25 20 18 21 16 20 17 12 27 18 20 9 22 31 24 15 25 17 21 22 23 20 22 24 12 20 15 14 19 31 21 13 20 28 10 23 16 22 0 22 20 17 21 20 19 20 18 18 21 22 19 18 18 18 17 17 16 20 20 21 19 17 15 16 15 13 12 12 13 13 13 14 16 17 17 17 16 15 14
9 3 18 8 25 2 20 22 2 3 20 19 3 19 27 22 22 26 3 25 11 22 6 24 5 9 25 9 20 25 13 15 22 20 1 40 2 21 3 26 11 6 22 16 22 7 20 8 22 22 10 40 3 20 22 7 22 2 25 22 22 0 9 15 11 9 11 9 6 7 3 2 5 5 15 15 13 14 14 9 7 8 8 9 20 20 17 18 17 15 13 12 11 10 8 7 7 9 9 9 10
6 11 12 4 26 10 15 16 9 8 15 13 9 15 28 16 23 25 10 26 3 17 9 25 6 3 26 5 21 25 13 8 23 16 9 40 7 15 10 26 5 6 23 9 22 8 21 12 15 23 7 40 9 14 23 12 16 10 26 23 20 9 0 9 7 5 5 2 5 4 9 9 7 6 8 11 6 7 8 2 3 2 4 6 14 14 11 11 11 13 11 10 9 8 6 5 7 9 9 9 10
10 16 11 12 22 15 13 16 14 15 13 14 13 12 26 16 18 20 17 25 10 14 17 23 10 8 22 13 19 21 18 3 18 13 14 36 14 14 17 22 12 15 22 12 21 16 16 14 15 18 10 36 13 13 18 19 15 15 22 21 17 15 9 0 13 13 5 7 9 9 13 14 11 10 1 3 3 2 2 8 12 11 12 10 14 14 10 11 10 8 6 6 7 7 8 8 11 11 10 10 9
4 13 13 3 29 12 17 17 11 10 17 14 12 16 35 17 25 28 12 33 6 18 11 32 13 9 28 3 28 27 13 12 24 17 11 42 9 16 12 29 6 8 30 11 29 10 23 18 16 24 5 42 12 15 24 14 17 12 29 30 21 11 7 13 0 2 12 9 12 11 13 11 14 13 12 16 13 11 14 9 6 6 6 4 15 15 12 13 12 15 16 17 16 15 13 12 14 16 16 16 17
3 11 12 1 28 10 16 16 9 8 16 13 10 15 33 16 24 26 10 31 6 17 9 30 11 7 27 1 26 25 11 12 24 16 9 41 7 15 10 28 5 6 28 10 27 8 22 16 16 24 5 41 10 14 24 12 16 10 28 28 20 9 5 13 2 0 10 7 10 9 11 9 12 11 12 15 11 11 13 7 4 4 4 3 15 15 11 12 12 14 15 15 14 13 11 10 12 14 14 14 15
9 12 11 9 24 12 14 15 10 11 14 13 9 13 27 15 21 22 12 25 7 16 13 24 7 4 23 10 20 23 17 5 20 14 10 38 10 13 12 24 10 10 22 11 22 12 19 12 14 20 9 38 9 13 20 15 15 12 24 22 19 11 5 5 12 10 0 4 7 6 10 9 8 7 5 6 2 4 3 4 8 7 9 9 13 13 10 10 9 10 7 7 7 6 7 7 9 11 10 9 9
8 10 14 6 24 10 17 18 8 10 17 15 7 16 26 18 21 24 11 25 5 19 11 23 5 1 24 7 19 24 15 6 21 17 9 39 9 16 11 25 7 8 22 11 21 10 19 10 17 21 9 39 7 16 21 14 18 10 24 21 20 9 2 7 9 7 4 0 5 4 8 9 6 5 6 9 4 5 6 2 5 4 6 8 14 14 11 11 10 12 9 9 8 7 6 5 7 9 9 9 10
11 7 16 9 22 6 15 20 5 8 15 17 4 14 24 20 19 21 8 22 8 17 10 21 1 4 22 10 17 21 18 9 19 15 5 37 7 18 8 23 10 10 19 14 19 11 17 8 19 19 12 37 4 18 19 11 20 6 22 19 18 6 5 9 12 10 7 5 0 1 4 5 2 1 9 9 8 8 8 3 8 7 9 11 17 17 14 13 12 10 7 6 5 4 2 1 3 4 5 4 5
10 7 15 8 22 7 15 20 6 9 15 16 5 15 24 20 19 21 9 22 7 17 11 21 2 3 22 9 17 22 17 8 19 16 6 36 8 18 9 23 9 10 19 13 19 12 17 8 19 19 11 36 5 17 19 12 19 7 22 19 18 7 4 9 11 9 6 4 1 0 5 6 3 2 8 9 7 7 8 2 7 6 8 10 16 16 13 13 12 10 7 7 5 5 3 2 4 5 6 5 6
10 4 19 10 24 3 18 23 2 5 18 20 1 17 26 23 21 24 6 24 12 20 8 23 3 8 24 11 19 23 15 12 21 18 3 38 4 21 6 24 13 8 21 17 20 9 19 7 22 21 12 38 1 21 21 9 23 3 24 21 21 3 9 13 13 11 10 8 4 5 0 2 2 3 12 13 11 11 11 7 9 9 9 10 21 21 17 17 15 13 10 10 9 8 6 5 5 7 7 7 8
9 4 18 8 25 3 19 22 1 3 19 19 2 18 27 22 22 25 4 25 11 21 6 24 4 8 25 9 20 24 13 14 22 19 1 40 2 21 4 26 11 6 22 16 22 7 20 9 22 22 10 40 2 20 22 7 22 3 25 22 22 2 9 14 11 9 9 9 5 6 2 0 4 4 14 14 11 13 12 8 7 8 7 9 20 20 17 18 16 14 12 11 10 9 7 6 7 8 8 8 9
11 5 17 11 23 5 16 21 3 6 16 19 2 15 24 21 20 22 7 23 10 18 9 21 1 6 22 12 17 21 16 11 19 16 4 37 5 19 7 23 12 9 20 16 19 10 17 7 20 19 13 37 2 19 19 10 21 5 23 19 19 5 7 11 14 12 8 6 2 3 2 4 0 1 11 11 10 10 10 5 10 9 10 11 19 19 16 15 13 11 9 8 7 6 4 3 4 5 5 5 6
12 6 16 10 22 5 15 20 4 7 15 18 3 14 24 20 19 21 7 22 9 17 9 20 0 5 21 11 16 20 17 10 18 15 4 36 6 19 7 22 11 9 19 15 18 10 17 7 19 18 13 36 3 18 18 10 20 5 22 18 18 5 6 10 13 11 7 5 1 2 3 4 1 0 10 10 9 9 9 4 9 8 10 12 18 18 15 14 12 10 8 7 6 5 3 2 3 4 4 4 5
9 15 10 11 23 15 13 15 14 15 13 13 13 12 27 15 19 21 16 25 9 15 17 24 10 7 23 12 20 22 17 2 19 13 14 37 14 13 16 23 11 14 22 11 22 16 17 15 14 19 9 37 13 12 19 18 14 15 23 22 18 15 8 1 12 12 5 6 9 8 12 14 11 10 0 4 4 1 3 7 11 10 11 9 13 13 9 10 9 9 7 6 8 7 9 9 11 12 11 10 9
12 16 14 14 23 15 13 17 14 15 13 16 13 12 27 17 19 21 17 25 13 15 18 23 10 10 22 15 19 22 21 5 18 13 14 36 14 16 17 23 14 15 22 15 21 17 17 15 16 18 13 36 13 15 18 19 17 15 23 22 18 15 11 3 16 15 6 9 9 9 13 14 11 10 4 0 5 5 4 10 14 13 14 12 16 16 12 13 10 8 6 6 7 7 8 8 11 11 11 10 9
10 14 11 10 22 14 14 16 12 13 14 14 11 13 26 16 19 21 14 25 9 15 15 23 9 5 22 11 19 21 18 3 19 14 12 36 12 14 14 23 11 12 22 12 21 14 17 14 15 19 10 36 11 13 19 17 15 14 22 21 17 13 6 3 13 11 2 4 8 7 11 11 10 9 4 5 0 3 2 6 9 8 10 10 14 14 11 11 10 9 6 6 7 6 8 8 10 11 10 9 9
8 14 9 10 23 14 13 14 13 14 13 12 12 12 26 14 20 21 15 25 8 15 16 23 9 6 22 11 19 21 16 1 19 13 13 36 13 12 15 23 10 13 22 10 21 15 17 14 13 19 8 36 12 11 19 17 13 14 23 21 17 14 7 2 11 11 4 5 8 7 11 13 10 9 1 5 3 0 4 6 10 9 10 8 12 12 8 9 8 10 8 7 8 8 9 9 11 12 12 11 10
10 15 12 12 22 14 13 17 13 14 13 15 12 12 26 17 19 20 15 24 10 14 16 22 9 7 21 13 18 21 19 3 18 13 13 36 13 15 15 22 13 13 21 13 20 15 17 13 16 18 11 36 12 14 18 18 16 14 22 20 16 14 8 2 14 13 3 6 8 8 11 12 10 9 3 4 2 4 0 6 10 9 11 10 13 13 10 10 10 8 5 5 6 6 7 7 9 10 9 9 8
8 9 13 6 24 9 17 18 8 9 17 14 7 16 26 18 21 23 11 24 5 19 11 23 4 1 24 7 19 24 15 7 21 17 8 38 8 16 11 24 7 8 21 11 20 10 19 10 17 21 9 38 7 15 21 13 17 9 24 21 20 9 2 8 9 7 4 2 3 2 7 8 5 4 7 10 6 6 6 0 5 4 6 8 14 14 11 11 11 12 9 9 7 7 5 4 6 7 8 7 8
4 10 12 3 27 9 15 16 8 7 15 12 9 14 30 16 24 26 8 28 4 17 7 27 9 5 27 4 23 26 11 11 23 15 7 41 6 14 8 28 4 4 25 9 25 6 22 14 15 23 5 41 9 14 23 10 16 9 27 25 20 7 3 12 6 4 8 5 8 7 9 7 10 9 11 14 9 10 10 5 0 1 1 4 14 14 11 11 11 14 13 12 11 10 8 7 9 10 11 11 11
5 11 12 3 28 9 16 17 8 7 16 13 9 15 30 17 24 26 9 28 4 18 8 26 8 4 27 4 22 26 12 10 24 16 8 42 6 15 9 28 5 5 25 10 24 7 22 13 16 24 6 42 9 14 24 11 16 9 28 24 21 8 2 11 6 4 7 4 7 6 9 8 9 8 10 13 8 9 9 4 1 0 2 5 15 15 11 12 12 14 12 11 10 9 7 6 8 10 10 10 11
3 10 11 3 27 9 15 15 8 7 15 12 9 14 31 15 23 26 8 29 4 16 7 28 10 6 27 4 24 26 11 11 23 15 7 41 6 14 8 27 4 4 26 9 26 6 21 15 15 23 5 41 9 13 23 10 15 9 27 26 19 8 4 12 6 4 9 6 9 8 9 7 10 10 11 14 10 10 11 6 1 2 0 3 14 14 11 11 11 13 14 13 12 11 9 8 10 11 12 12 12
0 11 9 2 25 10 13 13 9 8 13 10 10 12 32 13 21 24 10 30 6 14 8 28 12 8 24 3 24 24 10 9 21 13 9 38 7 12 10 25 6 5 27 7 26 7 19 16 13 21 2 38 10 11 21 11 13 10 25 26 17 9 6 10 4 3 9 8 11 10 10 9 11 12 9 12 10 8 10 8 4 5 3 0 12 12 9 9 9 11 12 13 14 13 12 11 12 14 14 14 15
12 23 9 14 24 22 12 6 21 19 12 8 21 11 31 6 20 22 20 29 12 11 20 27 18 15 23 15 23 23 20 13 20 12 20 37 19 4 20 24 14 17 26 10 25 19 18 19 4 20 12 37 21 5 20 21 8 22 24 25 15 20 14 14 15 15 13 14 17 16 21 20 19 18 13 16 14 12 13 14 14 15 14 12 0 4 8 9 11 13 14 15 16 17 19 18 20 19 18 19 18
12 23 9 14 24 22 12 7 21 19 12 6 21 11 31 7 20 23 20 29 12 12 20 27 18 15 23 15 23 23 20 13 19 12 20 37 19 5 20 24 14 17 26 8 25 19 18 19 5 19 12 37 21 6 19 21 9 22 24 25 16 20 14 14 15 15 13 14 17 16 21 20 19 18 13 16 14 12 13 14 14 15 14 12 4 0 5 5 8 10 11 12 13 14 15 16 17 16 15 15 14
9 20 5 10 22 18 10 9 17 15 10 5 18 9 29 9 19 21 17 27 9 12 16 26 15 12 22 11 22 22 17 9 18 10 17 36 15 7 17 23 10 14 24 6 24 16 16 18 8 18 9 36 18 7 18 18 9 18 22 24 15 17 11 10 12 11 10 11 14 13 17 17 16 15 9 12 11 8 10 11 11 11 11 9 8 5 0 5 6 9 10 11 11 12 14 15 16 14 14 14 13
9 19 8 11 21 19 9 9 18 16 9 8 17 8 28 9 17 20 17 26 9 10 17 24 14 12 21 12 20 21 17 10 17 9 18 35 16 7 17 21 11 14 23 8 22 16 15 15 8 17 9 35 17 7 17 18 9 19 21 23 13 18 11 11 13 12 10 11 13 13 17 18 15 14 10 13 11 9 10 11 11 12 11 9 9 5 5 0 4 6 7 8 9 10 11 12 13 11 11 11 10
9 17 9 11 18 17 7 10 16 16 7 10 15 6 25 10 14 17 17 23 9 9 17 21 12 11 17 12 17 18 17 9 14 7 16 31 16 9 17 18 11 14 20 10 19 16 12 13 10 14 9 31 15 8 14 18 10 17 18 19 12 17 11 10 12 12 9 10 12 12 15 16 13 12 9 10 10 8 10 11 11 12 11 9 11 8 6 4 0 3 6 7 8 9 10 11 12 10 10 10 9
11 15 11 13 16 15 8 12 14 17 8 12 13 7 23 12 12 15 17 21 11 10 19 19 10 13 16 14 15 16 19 9 12 8 14 30 16 11 17 16 13 16 18 12 17 18 10 11 12 12 11 30 13 10 12 20 12 15 16 18 12 15 13 8 15 14 10 12 10 10 13 14 11 10 9 8 9 10 8 12 14 14 13 11 13 10 9 6 3 0 3 4 5 6 8 9 9 8 7 8 7
12 12 13 14 18 12 9 14 11 14 9 13 10 8 22 14 15 16 15 20 12 11 17 19 8 10 17 15 15 17 20 7 14 9 12 32 13 12 15 18 14 16 17 13 17 17 13 10 13 14 12 32 10 11 14 18 13 12 18 17 13 13 11 6 16 15 7 9 7 7 10 12 9 8 7 6 6 8 5 9 13 12 14 12 14 11 10 7 6 3 0 1 2 3 5 6 7 7 6 5 4
13 12 14 14 18 12 10 15 11 14 10 14 10 9 22 15 15 16 14 20 13 12 16 19 7 9 17 15 14 17 21 6 14 10 11 32 13 13 14 18 15 15 17 14 16 17 13 10 14 14 13 32 10 12 14 17 14 12 18 17 13 12 10 6 17 15 7 9 6 7 10 11 8 7 6 6 6 7 5 9 12 11 13 13 15 12 11 8 7 4 1 0 2 3 4 5 7 7 6 5 4
14 11 14 13 18 11 10 15 10 13 10 15 9 10 21 15 15 16 13 19 12 12 15 17 6 8 18 14 13 17 22 7 15 11 10 32 12 14 13 18 14 15 16 15 15 16 13 8 15 15 14 32 9 13 15 16 15 11 18 15 13 11 9 7 16 14 7 8 5 5 9 10 7 6 8 7 7 8 6 7 11 10 12 14 16 13 11 9 8 5 2 2 0 1 3 4 5 5 4 3 2
13 10 15 12 19 10 11 16 9 12 11 16 8 11 21 16 16 17 12 20 11 13 14 18 5 7 19 13 14 18 21 7 16 12 9 33 11 15 12 19 13 14 17 16 16 15 14 8 16 16 15 33 8 14 16 15 16 10 19 16 14 10 8 7 15 13 6 7 4 5 8 9 6 5 7 7 6 8 6 7 10 9 11 13 17 14 12 10 9 6 3 3 1 0 2 3 4 5 4 3 3
12 9 17 10 21 8 13 18 7 10 13 17 6 12 23 18 18 19 10 21 9 15 12 20 3 5 20 11 16 20 19 8 17 13 7 35 9 16 10 21 11 12 18 15 17 13 16 8 17 17 13 35 6 16 17 13 18 8 21 18 16 8 6 8 13 11 7 6 2 3 6 7 4 3 9 8 8 9 7 5 8 7 9 12 19 15 14 11 10 8 5 4 3 2 0 1 4 5 4 4 4
11 8 17 9 22 7 14 19 6 9 14 18 5 13 24 19 19 20 9 22 8 16 11 20 2 4 21 10 16 21 18 9 18 14 6 36 8 17 9 22 10 11 19 14 18 12 17 8 18 18 12 36 5 17 18 12 19 7 22 18 17 7 5 8 12 10 7 5 1 2 5 6 3 2 9 8 8 9 7 4 7 6 8 11 18 16 15 12 11 9 6 5 4 3 1 0 3 4 4 4 5
12 7 18 11 20 7 15 20 6 9 15 19 5 14 22 20 17 21 10 20 10 17 12 18 3 6 19 12 14 22 19 11 16 15 7 34 8 18 10 20 12 12 17 16 16 13 15 5 19 16 14 34 5 17 16 13 19 7 20 16 17 7 7 11 14 12 9 7 3 4 5 7 4 3 11 11 10 11 9 6 9 8 10 12 20 17 16 13 12 9 7 7 5 4 4 3 0 2 2 3 4
14 8 17 13 18 9 13 18 8 11 13 17 7 13 20 18 15 20 11 18 11 15 13 17 4 8 18 14 13 21 21 11 15 14 8 33 10 17 11 19 14 13 15 18 15 14 13 4 17 15 15 33 7 16 15 14 18 9 18 15 17 9 9 11 16 14 11 9 4 5 7 8 5 4 12 11 11 12 10 7 10 10 11 14 19 16 14 11 10 8 7 7 5 5 5 4 2 0 1 2 3
14 9 17 13 18 9 13 18 8 11 13 17 7 12 20 18 15 20 11 18 12 15 13 16 4 8 17 14 12 21 21 11 14 13 8 32 10 16 11 18 14 13 15 17 14 14 13 4 17 14 16 32 7 15 14 14 17 9 18 14 16 9 9 10 16 14 10 9 5 6 7 8 5 4 11 11 10 12 9 8 11 10 12 14 18 15 14 11 10 7 6 6 4 4 4 4 2 1 0 1 2
14 9 17 13 19 9 13 18 8 11 13 17 7 12 20 18 16 19 11 19 12 15 13 17 4 8 18 14 13 20 21 10 15 13 8 33 10 16 11 19 14 13 16 18 15 14 13 5 17 15 16 33 7 15 15 14 18 9 19 15 15 9 9 10 16 14 9 9 4 5 7 8 5 4 10 10 9 11 9 7 11 10 12 14 19 15 14 11 10 8 5 5 3 3 4 4 3 2 1 0 1
15 10 16 14 18 10 12 17 9 12 12 16 8 11 20 17 15 18 12 19 12 14 14 17 5 9 18 15 13 19 22 9 15 12 9 33 11 15 12 19 15 14 16 17 15 15 13 6 16 15 16 33 8 14 15 15 17 10 18 15 14 10 10 9 17 15 9 10 5 6 8 9 6 5 9 9 9 10 8 8 11 11 12 15 18 14 13 10 9 7 4 4 2 3 4 5 4 3 2 1 0