0 3 19 25 8 30 1 10 29 11 8 24 12 13 24 10 10 31 6 25 8 13 26 31 19 14 14 32 13 5 19 29 12 12 30 13 14 31 34 12 24 5 21 32 12 24 13 7 17 23 11 16 3 8 24 7 20 7 34 8 18 9 6 10 4 3 9 8 11 10 10 9 11 12 9 12 10 8 10 8 4 5 3 0 12 12 9 9 9 11 12 13 14 13 12 11 12 14 14 14 15
3 0 22 27 11 31 2 8 30 14 10 26 10 11 26 9 13 32 4 25 10 15 27 31 22 11 16 32 12 4 22 29 13 13 31 11 17 32 37 10 27 6 24 32 10 27 10 5 20 24 14 19 4 11 27 5 22 10 35 6 21 6 4 13 6 4 8 6 9 8 9 7 10 10 12 14 10 11 11 6 2 3 2 3 15 15 11 12 12 14 15 14 13 12 10 9 11 12 13 13 13
19 22 0 11 17 22 20 20 21 20 26 15 17 16 10 25 15 23 24 16 23 12 18 23 7 17 18 24 15 21 1 20 14 15 22 16 18 23 22 19 11 23 15 24 18 11 17 26 5 14 18 14 22 17 11 26 7 14 25 25 5 21 21 17 23 22 19 20 18 17 19 21 18 17 18 17 18 18 17 19 22 23 22 19 18 18 17 16 12 11 13 13 14 14 16 17 15 14 13 14 14
25 27 11 0 22 16 26 25 15 25 31 19 21 21 1 29 21 17 28 11 28 16 12 16 11 21 23 17 18 26 11 14 19 19 16 21 22 17 26 24 1 29 20 17 23 1 22 31 9 17 23 18 28 22 1 31 12 19 20 30 10 25 26 22 29 28 24 24 22 22 24 25 22 22 23 22 22 22 21 24 27 27 27 25 24 24 22 21 18 16 18 18 18 19 20 21 20 18 18 18 18
8 11 17 22 0 28 9 18 27 7 14 21 14 16 21 17 5 29 14 22 8 11 24 28 17 18 9 29 13 9 16 26 7 12 28 16 9 29 32 16 22 12 19 29 12 22 18 15 15 19 5 14 11 2 22 15 17 7 32 16 15 17 11 10 12 11 10 13 15 14 18 17 16 16 9 13 10 8 11 12 11 11 10 8 6 6 2 4 6 8 9 10 11 12 13 14 15 13 13 13 12
30 31 22 16 28 0 31 26 1 31 37 29 23 21 15 30 26 1 29 10 34 21 7 1 21 22 29 2 21 31 21 6 25 22 0 21 31 1 36 24 15 34 27 2 24 15 22 31 19 27 29 28 32 27 15 32 22 25 8 30 20 26 27 25 34 32 26 25 23 23 25 26 23 22 26 25 25 25 24 25 29 28 30 30 29 29 28 26 23 21 21 20 19 20 22 22 20 19 18 19 19
1 2 20 26 9 31 0 9 30 12 8 24 11 12 25 10 11 32 5 26 8 14 27 32 20 13 15 33 13 5 20 30 11 13 31 12 15 32 35 11 25 6 22 33 11 25 12 6 18 23 12 17 4 9 25 6 21 8 35 7 19 8 5 11 5 4 9 7 10 9 10 9 11 11 10 13 11 9 11 7 3 4 3 1 13 13 10 10 10 12 13 14 14 13 11 10 12 13 14 14 14
10 8 20 25 18 26 9 0 25 21 17 26 8 7 24 7 20 27 6 21 17 12 23 26 21 5 22 27 10 11 19 24 18 13 26 7 24 27 35 6 24 12 21 27 12 24 4 8 18 24 21 23 11 18 24 8 20 17 29 7 18 2 11 15 13 11 12 10 6 7 3 3 5 5 15 15 14 14 14 9 9 10 9 10 22 22 18 19 17 15 12 12 11 10 8 7 7 9 9 9 10
29 30 21 15 27 1 30 25 0 30 36 28 22 20 14 29 25 2 28 9 33 20 6 2 22 21 28 3 20 30 20 5 24 21 1 20 30 2 35 23 14 33 26 3 23 14 21 30 19 26 28 27 31 26 14 31 22 24 7 29 20 25 26 24 33 31 25 24 22 22 24 25 22 21 25 24 24 24 23 24 28 27 29 29 28 28 27 25 22 20 20 19 18 19 21 21 19 18 17 18 18
11 14 20 25 7 31 12 21 30 0 19 20 17 19 24 21 9 32 17 25 15 14 27 31 20 21 8 32 15 14 19 29 10 15 31 19 5 32 35 20 25 16 22 32 16 25 21 18 18 19 7 14 14 7 25 18 20 10 35 19 18 20 14 14 15 14 13 16 18 18 21 20 19 18 13 15 14 12 15 16 14 15 14 11 6 8 7 7 8 11 12 13 13 14 16 17 18 16 16 16 15
8 10 26 31 14 37 8 17 36 19 0 30 19 20 30 16 18 38 13 31 6 20 33 37 26 21 20 38 20 13 25 35 17 18 37 20 21 38 41 19 30 13 27 38 18 31 20 14 24 28 16 24 11 15 30 14 26 15 41 15 24 16 13 16 12 11 16 15 18 17 18 17 19 19 15 19 16 14 17 15 11 12 11 8 17 15 14 16 16 18 19 20 21 21 19 18 20 21 22 22 22
24 26 15 19 21 29 24 26 28 20 30 0 20 21 18 30 20 30 28 24 27 16 25 30 15 24 17 30 18 24 15 27 17 18 29 21 17 30 29 23 18 27 24 30 21 19 24 30 13 11 22 13 26 19 18 30 16 18 33 31 14 26 25 20 28 27 22 24 21 21 24 25 22 21 21 21 21 21 20 23 26 26 26 24 22 23 21 20 17 15 16 16 16 17 19 20 21 20 20 19 18
12 10 17 21 14 23 11 8 22 17 19 20 0 4 20 12 14 24 10 18 17 6 19 24 17 7 16 24 3 11 16 21 12 5 23 4 19 24 31 5 20 13 19 24 6 20 6 13 15 19 17 18 11 14 20 13 17 12 27 12 15 8 6 8 13 11 6 4 2 2 6 7 4 3 8 8 7 7 7 4 8 7 9 12 17 17 14 13 11 9 6 6 4 3 2 1 3 5 5 5 5
13 11 16 21 16 21 12 7 20 19 20 21 4 0 20 10 15 22 10 16 18 7 17 22 16 4 17 23 5 12 15 20 13 8 21 0 20 22 31 5 20 14 18 23 9 20 4 12 14 19 18 19 13 15 20 12 16 13 25 11 15 6 7 11 15 13 8 6 3 3 5 6 3 3 11 11 10 10 10 5 10 9 11 13 18 18 16 14 12 10 7 8 6 5 4 3 1 3 3 4 5
24 26 10 1 21 15 25 24 14 24 30 18 20 20 0 28 20 16 27 10 27 15 11 15 10 20 22 16 17 25 10 13 18 18 15 20 21 16 25 23 1 28 19 16 22 1 21 30 8 16 22 17 27 21 1 30 11 18 19 29 9 24 25 21 28 27 23 23 21 21 23 24 21 21 22 21 21 21 20 23 26 26 26 24 23 23 21 20 17 15 17 17 17 18 19 20 19 17 17 17 17
10 9 25 29 17 30 10 7 29 21 16 30 12 10 28 0 20 31 7 25 15 16 26 31 25 10 23 31 14 12 24 28 19 17 30 10 23 31 40 9 29 14 27 31 14 29 9 9 23 29 21 26 12 18 29 10 25 17 34 10 23 5 12 18 14 12 14 13 10 11 7 6 9 9 18 19 16 17 17 13 10 11 10 10 21 21 18 18 18 19 17 16 15 14 12 11 11 13 13 13 14
10 13 15 21 5 26 11 20 25 9 18 20 14 15 20 20 0 27 16 21 12 9 22 27 15 18 9 28 12 12 15 25 5 11 26 15 11 27 30 17 20 15 17 28 14 20 18 17 13 18 7 12 13 5 20 17 16 7 30 18 14 19 13 13 14 13 12 15 16 16 19 19 17 16 12 13 13 11 13 15 13 14 12 10 7 7 6 4 5 7 9 10 11 12 14 15 15 14 13 13 12
31 32 23 17 29 1 32 27 2 32 38 30 24 22 16 31 27 0 30 11 35 22 8 1 22 23 30 1 22 32 22 7 26 23 1 22 32 0 37 25 16 35 28 1 25 16 23 32 20 28 30 29 33 28 16 33 23 26 9 31 21 27 28 26 35 33 27 26 24 24 26 27 24 23 27 26 26 26 25 26 30 29 31 31 30 30 29 27 24 22 22 21 20 21 23 23 21 20 19 20 20
6 4 24 28 14 29 5 6 28 17 13 28 10 10 27 7 16 30 0 24 13 14 26 30 24 10 20 31 10 8 23 28 16 10 29 10 20 30 38 8 28 9 26 31 8 28 9 5 22 26 17 22 7 14 28 5 24 13 33 5 23 5 7 12 9 7 8 7 9 9 8 6 8 8 12 13 10 11 11 7 6 6 6 6 18 18 15 15 15 16 13 12 12 11 11 10 10 12 12 12 13
25 25 16 11 22 10 26 21 9 25 31 24 18 16 10 25 21 11 24 0 29 16 6 11 17 17 23 12 16 26 16 9 19 16 10 16 26 11 31 19 10 28 23 12 19 11 18 26 15 22 24 23 27 22 10 26 17 20 14 25 15 20 21 20 29 27 21 20 17 17 19 21 18 17 20 20 20 20 19 19 24 23 25 25 24 24 23 21 18 16 16 15 14 15 16 17 15 14 13 14 14
8 10 23 28 8 34 8 17 33 15 6 27 17 18 27 15 12 35 13 29 0 17 30 34 23 21 15 35 17 9 22 32 14 16 34 18 16 35 38 19 28 12 25 35 16 28 20 14 21 25 10 21 11 9 28 13 23 12 38 15 21 16 11 14 12 11 13 13 16 15 18 17 18 17 13 16 14 12 15 13 11 12 10 8 11 9 8 11 12 15 16 17 18 18 17 16 18 19 20 20 19
13 15 12 16 11 21 14 12 20 14 20 16 6 7 15 16 9 22 14 16 17 0 17 22 13 11 12 23 4 14 11 20 8 4 21 7 14 22 26 9 15 17 15 23 7 16 10 17 10 14 12 13 16 10 15 17 13 8 25 16 11 12 11 7 17 16 8 10 7 7 10 11 8 7 7 7 7 7 6 9 13 12 14 13 12 12 11 9 6 4 2 2 2 3 5 6 7 6 6 5 4
26 27 18 12 24 7 27 23 6 27 33 25 19 17 11 26 22 8 26 6 30 17 0 8 19 20 25 8 17 28 18 5 21 18 7 17 27 8 34 20 11 30 25 8 21 12 20 27 17 24 25 24 28 24 11 28 19 21 11 27 17 22 23 21 30 28 22 21 19 19 21 22 19 18 22 22 21 21 20 21 25 24 26 26 25 25 24 23 19 18 17 17 15 16 18 18 16 15 14 15 15
31 31 23 16 28 1 32 26 2 31 37 30 24 22 15 31 27 1 30 11 34 22 8 0 22 23 29 1 22 32 22 7 25 22 1 22 32 1 37 25 16 34 27 1 25 16 23 32 20 28 30 28 33 28 16 32 23 26 8 31 21 26 27 26 35 33 26 26 23 23 25 26 24 23 26 26 26 26 25 25 29 29 30 31 30 30 28 27 24 22 21 21 20 21 22 23 21 19 19 20 20
19 22 7 11 17 21 20 21 22 20 26 15 17 16 10 25 15 22 24 17 23 13 19 22 0 17 18 23 15 21 6 20 14 15 21 16 18 22 19 19 11 23 16 23 18 11 17 26 3 14 18 14 22 17 11 26 3 14 25 25 3 21 21 17 23 22 19 20 18 18 19 21 18 17 18 17 18 18 17 19 22 23 22 19 18 18 17 16 12 11 13 13 14 15 16 17 15 14 13 14 14
14 11 17 21 18 22 13 5 21 21 21 24 7 4 20 10 18 23 10 17 21 11 20 23 17 0 20 23 9 14 16 20 16 12 22 4 23 23 32 6 21 16 18 23 12 21 2 12 14 22 21 22 14 18 21 12 17 17 26 11 15 6 10 14 16 14 11 9 5 6 5 6 4 4 14 14 13 13 13 8 13 12 13 14 21 21 19 16 15 13 11 11 10 9 7 6 5 5 6 7 8
14 16 18 23 9 29 15 22 28 8 20 17 16 17 22 23 9 30 20 23 15 12 25 29 18 20 0 30 14 15 17 27 4 13 29 17 4 30 33 19 22 18 20 30 17 22 20 21 16 15 9 10 17 8 22 21 18 10 33 22 16 22 17 15 18 17 16 18 18 18 21 22 19 18 15 15 16 14 15 19 17 18 16 14 9 10 10 10 8 9 12 13 13 14 16 17 18 16 16 16 15
32 32 24 17 29 2 33 27 3 32 38 30 24 23 16 31 28 1 31 12 35 23 8 1 23 23 30 0 22 33 23 7 26 23 2 23 33 1 38 26 17 35 28 0 26 17 24 33 21 29 31 29 33 29 17 33 24 27 9 32 22 27 28 26 35 33 27 26 24 24 26 27 24 24 27 27 26 27 26 26 30 30 31 32 31 31 29 28 25 23 22 22 21 21 23 24 22 20 20 20 20
13 12 15 18 13 21 13 10 20 15 20 18 3 5 17 14 12 22 10 16 17 4 17 22 15 9 14 22 0 13 14 19 10 4 21 5 17 22 28 7 18 15 17 22 5 18 8 14 12 16 15 16 13 12 18 14 15 11 25 14 13 10 8 6 15 13 6 6 4 4 8 9 6 5 7 7 6 6 5 6 10 9 11 13 15 15 13 11 9 7 4 3 2 1 2 3 5 5 5 4 4
5 4 21 26 9 31 5 11 30 14 13 24 11 12 25 12 12 32 8 26 9 14 28 32 21 14 15 33 13 0 20 30 11 13 31 12 15 32 35 13 25 4 22 33 11 26 13 8 19 22 13 19 5 10 25 8 21 8 35 9 19 10 5 11 4 4 9 7 10 9 12 10 12 11 10 13 11 9 12 7 3 4 3 5 13 13 9 10 10 12 13 14 14 13 11 10 12 13 14 14 14
19 22 1 11 16 21 20 19 20 19 25 15 16 15 10 24 15 22 23 16 22 11 18 22 6 16 17 23 14 20 0 19 13 14 21 15 17 22 21 18 10 23 15 23 18 11 16 25 4 13 18 13 22 16 10 26 6 14 24 24 4 20 21 16 23 22 19 19 17 17 19 20 17 16 17 16 17 17 16 19 21 22 21 19 18 18 16 15 12 10 12 12 13 14 15 16 14 13 12 13 13
29 29 20 14 26 6 30 24 5 29 35 27 21 20 13 28 25 7 28 9 32 20 5 7 20 20 27 7 19 30 19 0 23 20 6 20 30 7 34 23 13 32 26 7 23 14 21 30 18 26 27 26 30 26 13 30 20 23 9 29 19 24 25 23 32 30 24 23 21 21 23 24 21 21 24 24 23 23 23 23 27 27 28 29 28 28 26 25 22 20 19 19 18 18 20 21 19 17 17 17 17
12 13 14 19 7 25 11 18 24 10 17 17 12 13 18 19 5 26 16 19 14 8 21 25 14 16 4 26 10 11 13 23 0 9 25 13 7 26 29 15 19 14 16 26 13 19 16 17 12 17 8 9 13 6 19 17 14 6 29 18 12 19 15 11 15 14 13 14 14 14 17 18 15 14 12 11 12 11 11 15 14 15 14 12 9 9 8 6 4 5 8 9 9 10 12 13 14 12 12 12 11
12 13 15 19 12 22 13 13 21 15 18 18 5 8 18 17 11 23 10 16 16 4 18 22 15 12 13 23 4 13 14 20 9 0 22 8 16 23 29 10 19 16 17 23 4 19 11 15 13 16 14 15 15 11 19 15 15 9 25 15 13 13 10 5 15 15 6 8 7 7 11 12 9 8 5 5 4 4 3 8 12 11 13 12 14 14 12 10 8 6 3 2 3 4 5 6 8 7 7 6 5
30 31 22 16 28 0 31 26 1 31 37 29 23 21 15 30 26 1 29 10 34 21 7 1 21 22 29 2 21 31 21 6 25 22 0 21 31 1 36 24 15 34 27 2 24 15 22 31 19 27 29 28 32 27 15 32 22 25 8 30 20 26 27 25 34 32 26 25 23 23 25 26 23 22 26 25 25 25 24 25 29 28 30 30 29 29 28 26 23 21 21 20 19 20 22 22 20 19 18 19 19
13 11 16 21 16 21 12 7 20 19 20 21 4 0 20 10 15 22 10 16 18 7 17 22 16 4 17 23 5 12 15 20 13 8 21 0 20 22 31 5 20 14 18 23 9 20 4 12 14 19 18 19 13 15 20 12 16 13 25 11 15 6 7 11 15 13 8 6 3 3 5 6 3 3 11 11 10 10 10 5 10 9 11 13 18 18 16 14 12 10 7 8 6 5 4 3 1 3 3 4 5
14 17 18 22 9 31 15 24 30 5 21 17 19 20 21 23 11 32 20 26 16 14 27 32 18 23 4 33 17 15 17 30 7 16 31 20 0 32 32 22 21 18 22 33 18 21 23 21 16 16 9 10 17 8 21 21 18 13 35 22 17 23 17 16 18 17 15 18 20 20 24 23 22 21 15 18 16 14 17 18 16 17 16 14 9 10 9 10 11 12 14 15 16 17 18 19 20 19 18 18 17
31 32 23 17 29 1 32 27 2 32 38 30 24 22 16 31 27 0 30 11 35 22 8 1 22 23 30 1 22 32 22 7 26 23 1 22 32 0 37 25 16 35 28 1 25 16 23 32 20 28 30 29 33 28 16 33 23 26 9 31 21 27 28 26 35 33 27 26 24 24 26 27 24 23 27 26 26 26 25 26 30 29 31 31 30 30 29 27 24 22 22 21 20 21 23 23 21 20 19 20 20
34 37 22 26 32 36 35 35 35 35 41 29 31 31 25 40 30 37 38 31 38 26 34 37 19 32 33 38 28 35 21 34 29 29 36 31 32 37 0 34 26 38 30 38 33 26 32 41 18 26 33 28 37 31 26 41 20 29 40 40 18 36 36 32 38 37 34 34 32 32 34 36 33 32 33 32 32 32 32 34 37 37 37 34 33 33 32 31 27 26 28 28 28 29 30 31 30 29 28 29 29
12 10 19 24 16 24 11 6 23 20 19 23 5 5 23 9 17 25 8 19 19 9 20 25 19 6 19 26 7 13 18 23 15 10 24 5 22 25 34 0 23 14 21 26 10 23 5 10 17 22 20 21 13 17 23 10 19 14 28 9 18 5 8 12 14 12 8 6 3 4 4 4 2 2 12 12 10 11 11 6 10 9 11 12 20 20 17 16 14 12 10 9 8 7 5 4 4 6 6 6 7
24 27 11 1 22 15 25 24 14 25 30 18 20 20 1 29 20 16 28 10 28 15 11 16 11 21 22 17 18 25 10 13 19 19 15 20 21 16 26 23 0 28 19 17 22 1 21 30 9 17 23 17 27 21 0 31 11 19 19 29 10 25 25 21 28 27 23 24 22 22 23 25 22 21 22 22 22 22 21 23 27 27 26 24 23 23 22 20 17 15 17 17 17 18 20 21 19 18 17 18 18
5 6 23 29 12 34 6 12 33 16 13 27 13 14 28 14 15 35 9 28 12 17 30 34 23 16 18 35 15 4 23 32 14 16 34 14 18 35 38 14 28 0 25 35 14 28 15 10 21 25 16 21 3 13 28 10 24 12 38 10 22 11 8 14 1 2 12 10 13 12 14 13 15 14 13 16 14 12 15 10 6 7 6 5 16 16 12 13 13 15 16 17 17 16 14 13 15 16 17 17 17
21 24 15 20 19 27 22 21 26 22 27 24 19 18 19 27 17 28 26 23 25 15 25 27 16 18 20 28 17 22 15 26 16 17 27 18 22 28 30 21 19 25 0 28 20 20 18 28 13 22 20 21 24 18 19 28 16 16 31 27 14 22 23 19 25 24 21 22 19 19 21 22 20 19 19 19 20 20 19 21 24 25 23 21 20 20 19 17 14 12 15 15 15 16 18 19 17 15 15 16 15
32 32 24 17 29 2 33 27 3 32 38 30 24 23 16 31 28 1 31 12 35 23 8 1 23 23 30 0 22 33 23 7 26 23 2 23 33 1 38 26 17 35 28 0 26 17 24 33 21 29 31 29 33 29 17 33 24 27 9 32 22 27 28 26 35 33 27 26 24 24 26 27 24 24 27 27 26 27 26 26 30 30 31 32 31 31 29 28 25 23 22 22 21 21 23 24 22 20 20 20 20
12 10 18 23 12 24 11 12 23 16 18 21 6 9 22 14 14 25 8 19 16 7 21 25 18 12 17 26 5 11 18 23 13 4 24 9 18 25 33 10 22 14 20 26 0 23 11 12 16 19 15 18 12 13 22 12 19 10 28 13 17 11 7 5 14 12 3 6 7 8 10 10 9 8 6 6 3 5 4 6 9 8 10 12 16 16 12 13 11 9 6 6 6 5 6 6 9 9 9 8 8
24 27 11 1 22 15 25 24 14 25 31 19 20 20 1 29 20 16 28 11 28 16 12 16 11 21 22 17 18 26 11 14 19 19 15 20 21 16 26 23 1 28 20 17 23 0 21 30 9 17 23 18 27 22 1 31 12 19 19 29 10 25 26 22 28 27 23 24 22 22 24 25 22 21 23 22 22 22 21 24 27 27 27 24 23 23 22 21 17 16 17 17 18 19 20 21 19 18 17 18 18
13 10 17 22 18 22 12 4 21 21 20 24 6 4 21 9 18 23 9 18 20 10 20 23 17 2 20 24 8 13 16 21 16 11 22 4 23 23 32 5 21 15 18 24 11 21 0 11 15 22 20 21 13 18 21 11 17 16 26 10 15 5 9 13 15 13 10 8 4 5 4 5 3 3 13 13 12 12 12 7 12 11 12 13 21 21 18 17 15 13 10 10 9 8 6 5 5 6 6 7 8
7 5 26 31 15 31 6 8 30 18 14 30 13 12 30 9 17 32 5 26 14 17 27 32 26 12 21 33 14 8 25 30 17 15 31 12 21 32 41 10 30 10 28 33 12 30 11 0 24 29 18 23 8 15 30 1 26 14 35 4 25 7 8 16 10 8 12 10 12 12 9 7 10 11 16 17 14 15 15 10 6 7 6 7 19 19 16 16 16 18 17 17 16 15 14 13 13 14 15 15 16
17 20 5 9 15 19 18 18 19 18 24 13 15 14 8 23 13 20 22 15 21 10 17 20 3 14 16 21 12 19 4 18 12 13 19 14 16 20 18 17 9 21 13 21 16 9 15 24 0 12 16 12 20 15 9 24 3 12 23 23 1 19 19 15 21 20 17 18 16 16 17 19 16 15 16 15 16 16 15 17 20 21 20 17 16 16 15 14 10 9 11 11 12 13 14 15 13 12 11 12 12
23 24 14 17 19 27 23 24 26 19 28 11 19 19 16 29 18 28 26 22 25 14 24 28 14 22 15 29 16 22 13 26 17 16 27 19 16 28 26 22 17 25 22 29 19 17 22 29 12 0 20 13 24 17 17 29 14 16 31 29 12 25 24 21 26 25 22 22 20 20 24 25 22 21 21 21 20 20 19 22 25 25 25 23 21 22 20 20 17 15 16 16 16 17 18 19 20 20 20 19 18
11 14 18 23 5 29 12 21 28 7 16 22 17 18 22 21 7 30 17 24 10 12 25 30 18 21 9 31 15 13 18 27 8 14 29 18 9 30 33 20 23 16 20 31 15 23 20 18 16 20 0 15 14 5 23 18 18 10 33 19 17 20 14 13 15 14 12 15 17 17 21 20 19 18 12 15 13 11 14 15 13 14 13 11 1 2 6 5 8 10 11 12 13 14 15 16 17 16 15 15 14
16 19 14 18 14 28 17 23 27 14 24 13 18 19 17 26 12 29 22 23 21 13 24 28 14 22 10 29 16 19 13 26 9 15 28 19 10 29 28 21 17 21 21 29 18 18 21 23 12 13 15 0 19 14 17 23 14 13 32 24 13 24 19 16 20 19 18 21 19 19 22 23 20 19 17 16 17 16 16 20 19 20 18 16 15 15 14 12 11 12 13 14 14 15 17 18 18 17 16 17 16
3 4 22 28 11 32 4 11 31 14 11 26 11 13 27 12 13 33 7 27 11 16 28 33 22 14 17 33 13 5 22 30 13 15 32 13 17 33 37 13 27 3 24 33 12 27 13 8 20 24 14 19 0 11 27 8 23 10 36 9 21 10 6 13 3 1 11 8 11 10 12 11 13 12 12 15 12 11 13 8 4 5 4 3 15 15 11 12 12 14 15 16 15 14 12 11 13 14 15 15 15
8 11 17 22 2 27 9 18 26 7 15 19 14 15 21 18 5 28 14 22 9 10 24 28 17 18 8 29 12 10 16 26 6 11 27 15 8 28 31 17 21 13 18 29 13 22 18 15 15 17 5 14 11 0 21 15 17 7 31 16 15 17 11 10 12 11 10 13 15 14 18 17 16 15 9 12 10 8 11 12 10 11 10 8 5 5 3 3 5 7 8 9 10 11 13 14 14 13 12 12 11
24 27 11 1 22 15 25 24 14 25 30 18 20 20 1 29 20 16 28 10 28 15 11 16 11 21 22 17 18 25 10 13 19 19 15 20 21 16 26 23 0 28 19 17 22 1 21 30 9 17 23 17 27 21 0 31 11 19 19 29 10 25 25 21 28 27 23 24 22 22 23 25 22 21 22 22 22 22 21 23 27 27 26 24 23 23 22 20 17 15 17 17 17 18 20 21 19 18 17 18 18
7 5 26 31 15 32 6 8 31 18 14 30 13 12 30 10 17 33 5 26 13 17 28 32 26 12 21 33 14 8 26 30 17 15 32 12 21 33 41 10 31 10 28 33 12 31 11 1 24 29 18 23 8 15 31 0 27 14 36 5 25 7 8 17 10 8 12 10 13 12 10 8 11 12 16 17 14 15 15 10 6 7 6 7 19 19 16 16 16 18 18 17 16 15 14 13 13 15 15 16 16
20 22 7 12 17 22 21 20 22 20 26 16 17 16 11 25 16 23 24 17 23 13 19 23 3 17 18 24 15 21 6 20 14 15 22 16 18 23 20 19 11 24 16 24 19 12 17 26 3 14 18 14 23 17 11 27 0 14 25 25 4 21 22 17 24 23 19 20 18 18 20 21 18 17 18 17 18 18 17 20 22 23 22 20 19 19 17 16 13 11 13 13 14 15 16 17 15 14 13 14 14
7 10 14 19 7 25 8 17 24 10 15 18 12 13 18 17 7 26 13 20 12 8 21 26 14 17 10 27 11 8 14 23 6 9 25 13 13 26 29 14 19 12 16 27 10 19 16 14 12 16 10 13 10 7 19 14 14 0 29 15 13 16 10 8 11 10 7 10 13 12 16 16 14 14 7 10 8 6 8 10 10 10 9 7 11 10 7 6 2 5 7 8 9 10 11 12 13 12 11 11 10
34 35 25 20 32 8 35 29 7 35 41 33 27 25 19 34 30 9 33 14 38 25 11 8 25 26 33 9 25 35 24 9 29 25 8 25 35 9 40 28 19 38 31 9 28 19 26 35 23 31 33 32 36 31 19 36 25 29 0 34 24 30 31 29 38 36 30 29 27 27 29 30 27 26 30 29 29 29 28 29 33 32 34 34 33 33 32 30 27 25 25 24 23 24 25 26 24 23 22 23 23
8 6 25 30 16 30 7 7 29 19 15 31 12 11 29 10 18 31 5 25 15 16 27 31 25 11 22 32 14 9 24 29 18 15 30 11 22 31 40 9 29 10 27 32 13 29 10 4 23 29 19 24 9 16 29 5 25 15 34 0 24 7 9 17 11 9 13 11 12 13 10 8 11 11 17 18 15 16 16 11 7 8 7 8 20 20 16 17 17 19 18 17 16 15 14 13 12 14 14 15 16
18 21 5 10 15 20 19 18 20 18 24 14 15 15 9 23 14 21 23 15 21 11 17 21 3 15 16 22 13 19 4 19 12 13 20 15 17 21 18 18 10 22 14 22 17 10 15 25 1 12 17 13 21 15 10 25 4 13 24 24 0 19 20 15 22 21 18 18 16 16 18 19 16 16 16 16 16 16 16 18 20 21 20 18 17 17 15 14 11 9 12 12 12 13 15 16 14 12 12 12 12
9 6 21 25 17 26 8 2 25 20 16 26 8 6 24 5 19 27 5 20 16 12 22 26 21 6 22 27 10 10 20 24 19 13 26 6 23 27 36 5 25 11 22 27 11 25 5 7 19 25 20 24 10 17 25 7 21 16 30 7 19 0 9 15 11 9 11 9 6 7 3 2 5 5 15 15 13 14 14 9 7 8 8 9 20 20 17 18 17 15 13 12 11 10 8 7 7 9 9 9 10
6 4 21 26 11 27 5 11 26 14 13 25 6 7 25 12 13 28 7 21 11 11 23 27 21 10 17 28 8 5 21 25 15 10 27 7 17 28 36 8 25 8 23 28 7 26 9 8 19 24 14 19 6 11 25 8 22 10 31 9 20 9 0 9 8 6 5 2 5 4 9 9 7 6 8 11 6 7 8 2 3 2 4 6 14 14 11 11 11 13 11 10 9 8 6 5 7 9 9 9 10
10 13 17 22 10 25 11 15 24 14 16 20 8 11 21 18 13 26 12 20 14 7 21 26 17 14 15 26 6 11 16 23 11 5 25 11 16 26 32 12 21 14 19 26 5 22 13 16 15 21 13 16 13 10 21 17 17 8 29 17 15 15 9 0 13 13 5 7 9 9 13 14 11 10 1 3 3 2 2 8 12 11 12 10 14 14 10 11 10 8 6 6 7 7 8 8 11 11 10 10 9
4 6 23 29 12 34 5 13 33 15 12 28 13 15 28 14 14 35 9 29 12 17 30 35 23 16 18 35 15 4 23 32 15 15 34 15 18 35 38 14 28 1 25 35 14 28 15 10 21 26 15 20 3 12 28 10 24 11 38 11 22 11 8 13 0 2 13 10 13 12 14 13 15 14 12 16 13 11 14 10 6 7 6 4 15 15 12 13 12 15 16 17 17 16 14 13 15 16 17 17 17
3 4 22 28 11 32 4 11 31 14 11 27 11 13 27 12 13 33 7 27 11 16 28 33 22 14 17 33 13 4 22 30 14 15 32 13 17 33 37 12 27 2 24 33 12 27 13 8 20 25 14 19 1 11 27 8 23 10 36 9 21 9 6 13 2 0 11 8 11 10 12 11 13 12 12 15 12 11 13 8 4 5 5 3 15 15 12 12 12 14 15 16 15 14 12 11 13 14 15 15 15
9 8 19 24 10 26 9 12 25 13 16 22 6 8 23 14 12 27 8 21 13 8 22 26 19 11 16 27 6 9 19 24 13 6 26 8 15 27 34 8 23 12 21 27 3 23 10 12 17 22 12 18 11 10 23 12 19 7 30 13 18 11 5 5 13 11 0 4 7 6 10 9 9 8 5 6 2 4 3 4 8 7 9 9 13 13 10 10 9 10 7 7 7 6 7 7 9 11 10 9 9
8 6 20 24 13 25 7 10 24 16 15 24 4 6 23 13 15 26 7 20 13 10 21 26 20 9 18 26 6 7 19 23 14 8 25 6 18 26 34 6 24 10 22 26 6 24 8 10 18 22 15 21 8 13 24 10 20 10 29 11 18 9 2 7 10 8 4 0 6 5 9 10 7 7 6 9 4 5 6 3 5 4 6 8 14 14 11 11 10 12 9 9 8 7 6 5 7 9 9 9 9
11 9 18 22 15 23 10 6 22 18 18 21 2 3 21 10 16 24 9 17 16 7 19 23 18 5 18 24 4 10 17 21 14 7 23 3 20 24 32 3 22 13 19 24 7 22 4 12 16 20 17 19 11 15 22 13 18 13 27 12 16 6 5 9 13 11 7 6 0 1 5 6 3 2 9 9 8 8 8 3 8 7 9 11 17 17 14 13 12 10 7 6 5 4 2 1 3 4 5 4 5
10 8 17 22 14 23 9 7 22 18 17 21 2 3 21 11 16 24 9 17 15 7 19 23 18 6 18 24 4 9 17 21 14 7 23 3 20 24 32 4 22 12 19 24 8 22 5 12 16 20 17 19 10 14 22 12 18 12 27 13 16 7 4 9 12 10 6 5 1 0 6 6 4 3 8 9 7 7 8 2 7 6 8 10 16 16 13 13 12 10 7 7 5 5 3 2 4 5 6 5 6
10 9 19 24 18 25 10 3 24 21 18 24 6 5 23 7 19 26 8 19 18 10 21 25 19 5 21 26 8 12 19 23 17 11 25 5 24 26 34 4 23 14 21 26 10 24 4 9 17 24 21 22 12 18 23 10 20 16 29 10 18 3 9 13 14 12 10 9 5 6 0 2 2 3 12 13 11 11 11 7 9 9 9 10 21 21 17 17 15 13 10 10 9 8 6 5 5 7 7 7 8
9 7 21 25 17 26 9 3 25 20 17 25 7 6 24 6 19 27 6 21 17 11 22 26 21 6 22 27 9 10 20 24 18 12 26 6 23 27 36 4 25 13 22 27 10 25 5 7 19 25 20 23 11 17 25 8 21 16 30 8 19 2 9 14 13 11 9 10 6 6 2 0 4 4 14 14 11 13 12 8 7 8 7 9 20 20 17 18 16 14 12 11 10 9 7 6 7 8 8 8 9
11 10 18 22 16 23 11 5 22 19 19 22 4 3 21 9 17 24 8 18 18 8 19 24 18 4 19 24 6 12 17 21 15 9 23 3 22 24 33 2 22 15 20 24 9 22 3 10 16 22 19 20 13 16 22 11 18 14 27 11 16 5 7 11 15 13 9 7 3 4 2 4 0 1 11 11 10 10 10 5 10 9 10 11 19 19 16 15 13 11 9 8 7 6 4 3 4 5 6 5 6
12 10 17 22 16 22 11 5 21 18 19 21 3 3 21 9 16 23 8 17 17 7 18 23 17 4 18 24 5 11 16 21 14 8 22 3 21 23 32 2 21 14 19 24 8 21 3 11 15 21 18 19 12 15 21 12 17 14 26 11 16 5 6 10 14 12 8 7 2 3 3 4 1 0 10 10 9 9 9 4 9 8 10 12 18 18 15 14 13 11 8 7 6 5 3 2 3 5 5 5 6
9 12 18 23 9 26 10 15 25 13 15 21 8 11 22 18 12 27 12 20 13 7 22 26 18 14 15 27 7 10 17 24 12 5 26 11 15 27 33 12 22 13 19 27 6 23 13 16 16 21 12 17 12 9 22 16 18 7 30 17 16 15 8 1 12 12 5 6 9 8 12 14 11 10 0 4 4 1 3 7 11 10 11 9 13 13 9 10 9 9 7 6 8 7 9 9 11 12 11 10 9
12 14 17 22 13 25 13 15 24 15 19 21 8 11 21 19 13 26 13 20 16 7 22 26 17 14 15 27 7 13 16 24 11 5 25 11 18 26 32 12 22 16 19 27 6 22 13 17 15 21 15 16 15 12 22 17 17 10 29 18 16 15 11 3 16 15 6 9 9 9 13 14 11 10 4 0 5 5 4 10 14 13 14 12 16 16 12 13 10 8 6 6 7 7 8 8 11 11 11 10 9
10 10 18 22 10 25 11 14 24 14 16 21 7 10 21 16 13 26 10 20 14 7 21 26 18 13 16 26 6 11 17 23 12 4 25 10 16 26 32 10 22 14 20 26 3 22 12 14 16 20 13 17 12 10 22 14 18 8 29 15 16 13 6 3 13 12 2 4 8 7 11 11 10 9 4 5 0 3 2 6 9 8 10 10 14 14 11 11 10 9 6 6 7 6 8 8 10 11 10 9 9
8 11 18 22 8 25 9 14 24 12 14 21 7 10 21 17 11 26 11 20 12 7 21 26 18 13 14 27 6 9 17 23 11 4 25 10 14 26 32 11 22 12 20 27 5 22 12 15 16 20 11 16 11 8 22 15 18 6 29 16 16 14 7 2 11 11 4 5 8 7 11 13 10 9 1 5 3 0 4 6 10 9 10 8 12 12 8 9 8 10 7 6 7 7 8 8 10 11 11 10 9
10 11 17 21 11 24 11 14 23 15 17 20 7 10 20 17 13 25 11 19 15 6 20 25 17 13 15 26 5 12 16 23 11 3 24 10 17 25 32 11 21 15 19 26 4 21 12 15 15 19 14 16 13 11 21 15 17 8 28 16 16 14 8 2 14 13 3 6 8 8 11 12 10 9 3 4 2 4 0 6 10 9 11 10 13 13 10 10 10 8 5 5 6 6 7 7 9 10 9 9 8
8 6 19 24 12 25 7 9 24 16 15 23 4 5 23 13 15 26 7 19 13 9 21 25 19 8 19 26 6 7 19 23 15 8 25 5 18 26 34 6 23 10 21 26 6 24 7 10 17 22 15 20 8 12 23 10 20 10 29 11 18 9 2 8 10 8 4 3 3 2 7 8 5 4 7 10 6 6 6 0 5 4 6 8 14 14 11 11 11 12 9 9 7 7 5 4 6 7 8 7 8
4 2 22 27 11 29 3 9 28 14 11 26 8 10 26 10 13 30 6 24 11 13 25 29 22 13 17 30 10 3 21 27 14 12 29 10 16 30 37 10 27 6 24 30 9 27 12 6 20 25 13 19 4 10 27 6 22 10 33 7 20 7 3 12 6 4 8 5 8 7 9 7 10 9 11 14 9 10 10 5 0 1 1 4 14 14 11 11 11 14 13 12 11 10 8 7 9 10 11 11 11
5 3 23 27 11 28 4 10 27 15 12 26 7 9 26 11 14 29 6 23 12 12 24 29 23 12 18 30 9 4 22 27 15 11 28 9 17 29 37 9 27 7 25 30 8 27 11 7 21 25 14 20 5 11 27 7 23 10 32 8 21 8 2 11 7 5 7 4 7 6 9 8 9 8 10 13 8 9 9 4 1 0 2 5 15 15 11 12 12 14 12 11 10 9 7 6 8 10 10 10 11
3 2 22 27 10 30 3 9 29 14 11 26 9 11 26 10 12 31 6 25 10 14 26 30 22 13 16 31 11 3 21 28 14 13 30 11 16 31 37 11 26 6 23 31 10 27 12 6 20 25 13 18 4 10 26 6 22 9 34 7 20 8 4 12 6 5 9 6 9 8 9 7 10 10 11 14 10 10 11 6 1 2 0 3 14 14 11 11 11 13 14 13 12 11 9 8 10 11 12 12 12
0 3 19 25 8 30 1 10 29 11 8 24 12 13 24 10 10 31 6 25 8 13 26 31 19 14 14 32 13 5 19 29 12 12 30 13 14 31 34 12 24 5 21 32 12 24 13 7 17 23 11 16 3 8 24 7 20 7 34 8 18 9 6 10 4 3 9 8 11 10 10 9 11 12 9 12 10 8 10 8 4 5 3 0 12 12 9 9 9 11 12 13 14 13 12 11 12 14 14 14 15
12 15 18 24 6 29 13 22 28 6 17 22 17 18 23 21 7 30 18 24 11 12 25 30 18 21 9 31 15 13 18 28 9 14 29 18 9 30 33 20 23 16 20 31 16 23 21 19 16 21 1 15 15 5 23 19 19 11 33 20 17 20 14 14 15 15 13 14 17 16 21 20 19 18 13 16 14 12 13 14 14 15 14 12 0 3 7 6 9 11 12 13 14 15 16 17 18 17 16 16 15
12 15 18 24 6 29 13 22 28 8 15 23 17 18 23 21 7 30 18 24 9 12 25 30 18 21 10 31 15 13 18 28 9 14 29 18 10 30 33 20 23 16 20 31 16 23 21 19 16 22 2 15 15 5 23 19 19 10 33 20 17 20 14 14 15 15 13 14 17 16 21 20 19 18 13 16 14 12 13 14 14 15 14 12 3 0 5 5 8 10 11 12 13 14 15 16 17 16 15 15 14
9 11 17 22 2 28 10 18 27 7 14 21 14 16 21 18 6 29 15 23 8 11 24 28 17 19 10 29 13 9 16 26 8 12 28 16 9 29 32 17 22 12 19 29 12 22 18 16 15 20 6 14 11 3 22 16 17 7 32 16 15 17 11 10 12 12 10 11 14 13 17 17 16 15 9 12 11 8 10 11 11 11 11 9 7 5 0 5 6 9 10 11 11 12 14 15 16 14 14 14 13
9 12 16 21 4 26 10 19 25 7 16 20 13 14 20 18 4 27 15 21 11 9 23 27 16 16 10 28 11 10 15 25 6 10 26 14 10 27 31 16 20 13 17 28 13 21 17 16 14 20 5 12 12 3 20 16 16 6 30 17 14 18 11 11 13 12 10 11 13 13 17 18 15 14 10 13 11 9 10 11 11 12 11 9 6 5 5 0 4 6 7 8 9 10 11 12 13 11 11 11 10
9 12 12 18 6 23 10 17 22 8 16 17 11 12 17 18 5 24 15 18 12 6 19 24 12 15 8 25 9 10 12 22 4 8 23 12 11 24 27 14 17 13 14 25 11 17 15 16 10 17 8 11 12 5 17 16 13 2 27 17 11 17 11 10 12 12 9 10 12 12 15 16 13 13 9 10 10 8 10 11 11 12 11 9 9 8 6 4 0 3 6 7 8 9 10 11 12 10 10 10 9
11 14 11 16 8 21 12 15 20 11 18 15 9 10 15 19 7 22 16 16 15 4 18 22 11 13 9 23 7 12 10 20 5 6 21 10 12 22 26 12 15 15 12 23 9 16 13 18 9 15 10 12 14 7 15 18 11 5 25 19 9 15 13 8 15 14 10 12 10 10 13 14 11 11 9 8 9 10 8 12 14 14 13 11 11 10 9 6 3 0 3 4 5 6 8 9 9 8 7 8 7
12 15 13 18 9 21 13 12 20 12 19 16 6 7 17 17 9 22 13 16 16 2 17 21 13 11 12 22 4 13 12 19 8 3 21 7 14 22 28 10 17 16 15 22 6 17 10 17 11 16 11 13 15 8 17 18 13 7 25 18 12 13 11 6 16 15 7 9 7 7 10 12 9 8 7 6 6 7 5 9 13 12 14 12 12 11 10 7 6 3 0 1 2 3 5 6 7 7 6 5 4
13 14 13 18 10 20 14 12 19 13 20 16 6 8 17 16 10 21 12 15 17 2 17 21 13 11 13 22 3 14 12 19 9 2 20 8 15 21 28 9 17 17 15 22 6 17 10 17 11 16 12 14 16 9 17 17 13 8 24 17 12 12 10 6 17 16 7 9 6 7 10 11 8 7 6 6 6 6 5 9 12 11 13 13 13 12 11 8 7 4 1 0 2 3 4 5 7 7 6 5 4
14 13 14 18 11 19 14 11 18 13 21 16 4 6 17 15 11 20 12 14 18 2 15 20 14 10 13 21 2 14 13 18 9 3 19 6 16 20 28 8 17 17 15 21 6 18 9 16 12 16 13 14 15 10 17 16 14 9 23 16 12 11 9 7 17 15 7 8 5 5 9 10 7 6 8 7 7 7 6 7 11 10 12 14 14 13 11 9 8 5 2 2 0 1 3 4 5 5 4 3 2
13 12 14 19 12 20 13 10 19 14 21 17 3 5 18 14 12 21 11 15 18 3 16 21 15 9 14 21 1 13 14 18 10 4 20 5 17 21 29 7 18 16 16 21 5 19 8 15 13 17 14 15 14 11 18 15 15 10 24 15 13 10 8 7 16 14 6 7 4 5 8 9 6 5 7 7 6 7 6 7 10 9 11 13 15 14 12 10 9 6 3 3 1 0 2 3 4 5 4 3 3
12 10 16 20 13 22 11 8 21 16 19 19 2 4 19 12 14 23 11 16 17 5 18 22 16 7 16 23 2 11 15 20 12 5 22 4 18 23 30 5 20 14 18 23 6 20 6 14 14 18 15 17 12 13 20 14 16 11 25 14 15 8 6 8 14 12 7 6 2 3 6 7 4 3 9 8 8 8 7 5 8 7 9 12 16 15 14 11 10 8 5 4 3 2 0 1 4 5 4 4 4
11 9 17 21 14 22 10 7 21 17 18 20 1 3 20 11 15 23 10 17 16 6 18 23 17 6 17 24 3 10 16 21 13 6 22 3 19 23 31 4 21 13 19 24 6 21 5 13 15 19 16 18 11 14 21 13 17 12 26 13 16 7 5 8 13 11 7 5 1 2 5 6 3 2 9 8 8 8 7 4 7 6 8 11 17 16 15 12 11 9 6 5 4 3 1 0 3 4 4 4 5
12 11 15 20 15 20 12 7 19 18 20 21 3 1 19 11 15 21 10 15 18 7 16 21 15 5 18 22 5 12 14 19 14 8 20 1 20 21 30 4 19 15 17 22 9 19 5 13 13 20 17 18 13 14 19 13 15 13 24 12 14 7 7 11 15 13 9 7 3 4 5 7 4 3 11 11 10 10 9 6 9 8 10 12 18 17 16 13 12 9 7 7 5 4 4 3 0 2 2 3 4
14 12 14 18 13 19 13 9 18 16 21 20 5 3 17 13 14 20 12 14 19 6 15 19 14 5 16 20 5 13 13 17 12 7 19 3 19 20 29 6 18 16 15 20 9 18 6 14 12 20 16 17 14 13 18 15 14 12 23 14 12 9 9 11 16 14 11 9 4 5 7 8 5 5 12 11 11 11 10 7 10 10 11 14 17 16 14 11 10 8 7 7 5 5 5 4 2 0 1 2 3
14 13 13 18 13 18 14 9 17 16 22 20 5 3 17 13 13 19 12 13 20 6 14 19 13 6 16 20 5 14 12 17 12 7 18 3 18 19 28 6 17 17 15 20 9 17 6 15 11 20 15 16 15 12 17 15 13 11 22 14 12 9 9 10 17 15 10 9 5 6 7 8 6 5 11 11 10 11 9 8 11 10 12 14 16 15 14 11 10 7 6 6 4 4 4 4 2 1 0 1 2
14 13 14 18 13 19 14 9 18 16 22 19 5 4 17 13 13 20 12 14 20 5 15 20 14 7 16 20 4 14 13 17 12 6 19 4 18 20 29 6 18 17 16 20 8 18 7 15 12 19 15 17 15 12 18 16 14 11 23 15 12 9 9 10 17 15 9 9 4 5 7 8 5 5 10 10 9 10 9 7 11 10 12 14 16 15 14 11 10 8 5 5 3 3 4 4 3 2 1 0 1
15 13 14 18 12 19 14 10 18 15 22 18 5 5 17 14 12 20 13 14 19 4 15 20 14 8 15 20 4 14 13 17 11 5 19 5 17 20 29 7 18 17 15 20 8 18 8 16 12 18 14 16 15 11 18 16 14 10 23 16 12 10 10 9 17 15 9 9 5 6 8 9 6 6 9 9 9 9 8 8 11 11 12 15 15 14 13 10 9 7 4 4 2 3 4 5 4 3 2 1 0