0 10 28 31 12 22 9 7 16 8 25 21 9 22 6 30 10 12 26 16 10 28 12 6 19 15 13 11 18 10 32 12 25 32 11 34 13 16 12 13 9 12 9 15 10 9 17 14 25 20 10 10 16 13 24 14 15 11 25 10 13 9 7 10 4 3 9 9 11 10 10 9 11 12 9 12 10 8 10 9 4 5 3 0 12 12 9 9 9 11 12 13 14 13 12 11 12 14 14 14 15
10 0 22 25 14 16 19 17 8 16 19 15 18 14 16 24 17 2 19 8 16 22 4 16 13 10 14 13 12 13 26 15 19 26 5 28 4 12 12 10 19 4 18 14 13 18 11 9 19 14 17 17 10 10 18 13 13 14 19 17 13 18 13 10 14 13 12 15 13 14 16 17 14 13 11 11 11 11 11 15 13 14 13 10 9 9 8 7 5 6 7 8 9 9 11 12 13 11 11 11 10
28 22 0 6 22 22 26 29 26 25 8 22 25 25 26 5 24 23 13 26 23 0 22 28 20 14 32 30 16 30 7 20 15 7 20 9 24 16 30 28 26 23 25 17 29 25 18 27 15 20 24 24 22 28 14 30 18 21 14 22 31 24 25 23 32 30 24 23 21 21 23 24 21 20 24 23 23 23 22 23 27 26 28 28 27 27 26 24 21 19 19 18 17 18 20 20 18 17 16 17 17
31 25 6 0 24 25 29 31 28 27 10 24 27 28 28 1 26 26 15 28 25 6 25 30 21 16 34 33 18 32 2 22 17 2 22 8 26 19 32 30 28 26 27 19 31 27 19 29 17 23 26 26 24 30 16 33 21 24 16 24 33 26 27 25 34 32 26 25 23 23 25 26 23 22 26 26 25 25 24 25 29 28 30 31 29 29 28 27 24 22 21 21 19 20 22 22 21 19 19 19 19
12 14 22 24 0 21 8 10 20 7 19 20 7 21 7 23 5 15 22 20 5 22 14 10 18 8 22 19 11 18 25 4 24 25 11 27 16 8 21 20 7 15 7 7 18 6 16 19 24 19 5 5 18 20 23 22 6 2 23 6 22 6 6 11 14 12 7 5 2 2 4 5 2 2 10 11 9 9 10 4 9 8 10 12 18 18 15 15 13 11 9 8 7 6 4 3 4 5 6 5 6
22 16 22 25 21 0 25 28 16 24 19 6 24 16 25 24 23 17 15 16 22 22 16 27 9 13 25 24 15 23 26 19 14 26 13 28 17 15 23 21 25 16 24 16 22 24 7 20 14 4 23 23 13 21 13 24 17 20 14 21 24 23 24 19 26 25 21 22 20 20 22 23 20 19 19 19 20 20 19 22 24 25 24 22 21 20 19 18 15 13 15 15 16 17 18 19 17 16 15 16 16
9 19 26 29 8 25 0 7 25 5 23 25 4 27 5 28 5 21 27 25 5 26 19 6 23 13 22 20 16 19 30 7 29 30 16 32 22 11 21 22 4 21 4 10 19 4 21 23 29 24 5 4 24 22 28 23 11 8 28 5 22 4 10 14 12 10 9 10 9 9 6 5 7 8 13 14 11 12 12 9 8 9 8 9 21 21 17 18 18 17 14 14 13 12 11 10 10 11 12 12 12
7 17 29 31 10 28 7 0 23 7 25 27 6 28 4 30 7 19 29 23 7 29 17 1 25 15 20 18 18 17 32 10 31 32 17 34 20 13 19 19 6 19 6 12 17 6 23 20 31 26 7 8 23 19 30 21 14 11 30 7 20 6 7 16 9 7 11 9 11 11 8 7 10 10 15 16 13 14 14 9 5 6 6 7 19 18 15 16 16 18 16 16 15 14 13 12 12 14 14 14 15
16 8 26 28 20 16 25 23 0 22 23 16 24 11 22 27 22 10 19 0 22 26 9 22 14 15 20 18 18 18 29 21 18 29 11 32 7 18 15 14 24 7 24 19 18 24 12 10 18 15 22 22 4 14 18 16 18 19 18 23 16 24 19 16 20 19 18 21 19 19 22 23 20 19 17 16 17 16 16 20 19 20 18 16 15 15 14 12 11 12 13 14 14 15 17 18 18 17 16 17 16
8 16 25 27 7 24 5 7 22 0 22 23 6 23 4 26 3 17 26 22 6 25 15 7 21 12 20 18 15 17 28 7 27 28 11 31 18 11 18 17 4 17 6 10 16 5 19 18 27 22 3 2 19 17 26 19 11 7 26 7 19 6 5 9 11 9 4 5 7 6 5 5 5 6 8 9 6 7 7 4 7 6 7 8 17 17 13 14 13 12 9 9 8 7 7 7 8 9 10 10 10
25 19 8 10 19 19 23 25 23 22 0 18 21 22 23 9 21 20 10 23 20 8 19 25 16 11 29 27 14 26 11 17 12 11 16 14 21 14 27 25 23 20 21 15 26 21 14 24 12 17 21 21 19 25 11 27 15 18 11 19 27 20 21 20 29 27 21 20 17 17 19 21 18 17 20 20 20 20 19 19 24 23 25 25 24 24 23 21 18 16 16 15 14 15 16 17 15 14 13 14 14
21 15 22 24 20 6 25 27 16 23 18 0 23 16 24 23 23 16 14 16 21 22 15 27 8 12 25 23 15 22 25 18 14 25 13 27 16 15 23 21 24 15 23 15 22 23 6 20 14 2 23 22 12 21 13 23 17 20 13 20 24 22 23 18 25 24 21 21 19 19 21 22 20 19 19 19 19 20 19 21 24 24 23 21 20 20 19 17 14 12 15 15 15 16 18 19 17 15 15 16 15
9 18 25 27 7 24 4 6 24 6 21 23 0 25 3 26 5 19 25 24 2 25 18 6 21 11 22 20 14 19 28 5 27 28 15 30 20 9 21 21 3 19 0 8 19 2 19 22 27 22 5 4 22 21 26 23 10 8 26 3 22 1 9 15 11 9 10 10 7 7 4 2 5 6 14 15 12 13 13 9 7 8 7 9 20 20 17 18 17 15 13 13 11 10 9 8 8 9 10 9 10
22 14 25 28 21 16 27 28 11 23 22 16 25 0 27 27 23 15 18 11 23 25 16 28 13 16 25 24 19 22 29 22 18 29 12 31 13 19 20 18 25 13 25 20 23 25 11 15 18 14 23 23 8 18 17 21 20 20 18 24 21 24 23 18 26 25 20 22 19 20 22 24 20 20 18 18 19 19 18 22 25 24 24 22 20 21 20 18 15 13 14 14 15 16 17 18 19 19 18 17 16
6 16 26 28 7 25 5 4 22 4 23 24 3 27 0 27 4 18 26 22 4 26 16 3 22 12 19 17 15 16 29 7 28 29 15 31 19 10 18 18 3 18 3 9 16 3 20 19 28 23 4 5 22 18 27 20 11 8 27 4 19 4 6 13 8 6 8 8 9 9 6 5 7 8 12 13 10 11 11 8 4 5 4 6 17 17 14 15 14 16 13 13 12 11 11 10 10 11 12 11 12
30 24 5 1 23 24 28 30 27 26 9 23 26 27 27 0 25 25 15 27 24 5 24 30 21 15 34 32 17 31 2 21 16 2 21 7 26 18 31 29 27 25 26 18 30 26 19 28 16 22 25 25 24 29 15 32 20 23 15 23 32 25 26 24 33 31 25 24 22 22 24 25 22 22 25 25 24 24 24 24 28 28 29 30 29 29 27 26 23 21 20 20 19 19 21 22 20 18 18 18 18
10 17 24 26 5 23 5 7 22 3 21 23 5 23 4 25 0 18 25 22 4 24 17 7 20 11 23 21 14 20 27 5 26 27 13 30 18 9 21 20 3 18 5 8 19 3 18 21 26 21 0 2 20 20 25 22 9 5 25 5 22 4 8 12 12 10 7 7 5 5 3 3 3 4 11 12 9 10 10 7 8 9 8 10 20 20 16 17 16 14 11 11 10 9 7 6 6 8 8 8 9
12 2 23 26 15 17 21 19 10 17 20 16 19 15 18 25 18 0 21 10 17 23 5 18 14 11 16 14 13 14 27 16 20 27 6 29 6 13 13 12 20 6 19 15 14 19 12 10 20 15 18 18 12 12 20 15 14 15 20 18 15 19 15 12 16 15 13 16 14 15 17 19 15 15 12 12 13 12 12 16 14 15 14 12 11 11 9 8 6 7 8 9 10 11 12 13 14 13 12 12 11
26 19 13 15 22 15 27 29 19 26 10 14 25 18 26 15 25 21 0 19 23 13 20 29 12 14 30 28 17 27 17 20 7 17 17 19 19 17 27 25 27 18 25 18 26 25 10 23 7 13 25 25 15 25 7 28 19 22 7 22 28 24 25 23 30 29 25 24 22 22 23 25 22 21 23 23 23 23 22 23 28 27 28 26 25 25 23 22 19 17 19 19 18 19 20 21 19 18 17 18 18
16 8 26 28 20 16 25 23 0 22 23 16 24 11 22 27 22 10 19 0 22 26 9 22 14 15 20 18 18 18 29 21 18 29 11 32 7 18 15 14 24 7 24 19 18 24 12 10 18 15 22 22 4 14 18 16 18 19 18 23 16 24 19 16 20 19 18 21 19 19 22 23 20 19 17 16 17 16 16 20 19 20 18 16 15 15 14 12 11 12 13 14 14 15 17 18 18 17 16 17 16
10 16 23 25 5 22 5 7 22 6 20 21 2 23 4 24 4 17 23 22 0 23 16 6 19 9 23 21 12 20 26 3 25 26 13 28 18 7 22 22 4 17 2 6 20 2 17 21 25 20 4 4 20 22 24 24 8 6 24 1 23 2 10 14 12 10 10 8 5 6 2 2 3 4 14 14 12 13 13 8 8 9 8 10 21 21 18 18 15 13 11 11 9 8 7 6 6 7 8 7 8
28 22 0 6 22 22 26 29 26 25 8 22 25 25 26 5 24 23 13 26 23 0 22 28 20 14 32 30 16 30 7 20 15 7 20 9 24 16 30 28 26 23 25 17 29 25 18 27 15 20 24 24 22 28 14 30 18 21 14 22 31 24 25 23 32 30 24 23 21 21 23 24 21 20 24 23 23 23 22 23 27 26 28 28 27 27 26 24 21 19 19 18 17 18 20 20 18 17 16 17 17
12 4 22 25 14 16 19 17 9 15 19 15 18 16 16 24 17 5 20 9 16 22 0 16 13 10 13 12 12 11 26 15 19 26 5 28 6 12 10 11 19 5 18 14 11 18 11 5 19 14 17 17 9 11 19 12 13 14 19 17 12 18 14 11 15 15 12 13 14 14 17 18 15 14 11 11 12 11 11 14 14 15 14 12 8 8 7 6 3 5 7 8 9 10 12 13 13 12 11 12 11
6 16 28 30 10 27 6 1 22 7 25 27 6 28 3 30 7 18 29 22 6 28 16 0 25 15 19 17 18 16 32 9 30 32 16 34 19 13 18 19 5 18 6 12 16 5 23 20 30 26 7 7 22 19 29 20 13 10 30 7 19 6 7 15 9 7 11 9 11 11 8 6 9 10 15 16 13 14 14 9 5 6 5 6 18 18 15 15 15 17 16 16 15 14 13 12 12 13 14 13 14
19 13 20 21 18 9 23 25 14 21 16 8 21 13 22 21 20 14 12 14 19 20 13 25 0 10 23 21 13 20 22 16 12 22 11 25 14 13 21 19 22 13 21 13 20 21 2 18 12 7 20 20 10 19 11 21 15 18 11 18 22 20 21 16 23 22 19 19 17 17 19 20 17 17 17 17 17 18 17 19 22 22 21 19 18 18 17 15 12 10 13 13 13 14 16 17 15 13 13 14 13
15 10 14 16 8 13 13 15 15 12 11 12 11 16 12 15 11 11 14 15 9 14 10 15 10 0 19 18 3 17 17 6 16 17 7 19 11 3 17 15 13 11 11 4 16 11 8 14 16 11 11 11 13 15 15 18 5 8 15 8 18 10 12 10 19 17 11 10 8 8 9 11 8 7 11 11 10 10 9 10 14 13 15 15 14 14 13 12 8 7 6 6 4 5 7 7 6 4 4 4 4
13 14 32 34 22 25 22 20 20 20 29 25 22 25 19 34 23 16 30 20 23 32 13 19 23 19 0 5 22 5 36 25 29 36 14 38 17 22 11 14 22 16 22 23 7 22 21 15 29 24 23 22 20 14 28 12 22 21 29 23 11 22 16 17 17 16 17 18 21 20 23 22 23 22 16 20 17 15 18 18 16 17 15 13 7 5 9 10 13 15 16 17 18 19 20 21 22 20 20 20 19
11 13 30 33 19 24 20 18 18 18 27 23 20 24 17 32 21 14 28 18 21 30 12 17 21 18 5 0 20 3 34 22 27 34 13 36 15 20 10 13 19 14 20 21 5 20 19 14 27 22 21 20 18 13 26 11 20 18 27 21 10 19 13 14 14 14 14 15 18 17 21 20 20 19 13 17 14 12 15 15 13 14 13 11 8 6 6 9 10 13 14 15 15 16 18 18 20 18 18 18 17
18 12 16 18 11 15 16 18 18 15 14 15 14 19 15 17 14 13 17 18 12 16 12 18 13 3 22 20 0 19 19 9 18 19 9 22 14 6 20 18 16 13 14 7 19 14 11 17 18 14 14 14 15 18 17 20 8 11 18 11 20 13 15 13 22 20 14 13 11 11 12 14 11 10 14 13 13 13 12 13 17 16 18 18 17 17 15 14 11 9 9 8 7 8 9 10 8 7 6 7 7
10 13 30 32 18 23 19 17 18 17 26 22 19 22 16 31 20 14 27 18 20 30 11 16 20 17 5 3 19 0 33 21 27 33 12 36 15 20 10 11 19 13 19 21 3 19 18 14 27 21 20 19 17 11 26 11 19 17 26 20 10 19 12 14 14 13 13 14 17 16 20 19 19 18 13 16 14 12 15 14 12 13 12 10 7 5 5 8 10 12 13 14 15 16 17 17 19 18 17 17 16
32 26 7 2 25 26 30 32 29 28 11 25 28 29 29 2 27 27 17 29 26 7 26 32 22 17 36 34 19 33 0 23 18 0 23 9 28 20 33 31 29 27 28 20 32 28 20 30 18 24 27 27 26 31 17 34 22 25 17 25 34 27 28 26 35 33 27 26 24 24 26 27 24 24 27 27 26 26 26 26 30 30 31 32 31 31 29 28 25 23 22 22 21 21 23 24 22 20 20 20 20
12 15 20 22 4 19 7 10 21 7 17 18 5 22 7 21 5 16 20 21 3 20 15 9 16 6 25 22 9 21 23 0 22 23 12 25 17 4 22 21 7 16 5 3 21 5 14 20 22 17 5 5 19 21 21 23 6 5 21 3 23 5 9 13 15 13 10 7 4 5 3 5 3 3 13 13 11 12 12 7 11 11 11 12 20 20 18 17 14 12 10 10 8 7 6 5 5 6 6 6 7
25 19 15 17 24 14 29 31 18 27 12 14 27 18 28 16 26 20 7 18 25 15 19 30 12 16 29 27 18 27 18 22 0 18 17 20 19 18 27 25 28 18 27 20 26 27 10 23 0 13 26 26 15 25 1 28 20 23 2 24 28 26 27 23 29 28 24 25 23 23 25 26 23 22 23 23 23 23 22 25 28 28 27 25 24 24 23 22 18 16 18 18 19 20 21 22 20 19 18 19 19
32 26 7 2 25 26 30 32 29 28 11 25 28 29 29 2 27 27 17 29 26 7 26 32 22 17 36 34 19 33 0 23 18 0 23 9 28 20 33 31 29 27 28 20 32 28 20 30 18 24 27 27 26 31 17 34 22 25 17 25 34 27 28 26 35 33 27 26 24 24 26 27 24 24 27 27 26 26 26 26 30 30 31 32 31 31 29 28 25 23 22 22 21 21 23 24 22 20 20 20 20
11 5 20 22 11 13 16 17 11 11 16 13 15 12 15 21 13 6 17 11 13 20 5 16 11 7 14 13 9 12 23 12 17 23 0 25 7 9 13 11 15 6 15 11 12 15 9 10 17 12 13 13 10 11 16 13 9 10 16 14 13 14 13 6 15 14 8 11 9 9 12 14 10 10 6 6 7 7 6 11 13 14 13 11 10 10 8 7 4 2 2 3 4 5 7 8 9 8 8 7 6
34 28 9 8 27 28 32 34 32 31 14 27 30 31 31 7 30 29 19 32 28 9 28 34 25 19 38 36 22 36 9 25 20 9 25 0 30 22 36 34 32 29 30 23 35 30 23 33 20 26 30 30 28 34 20 36 24 27 20 27 37 29 31 29 38 36 30 29 27 27 28 30 27 26 30 29 29 29 28 29 33 32 34 34 33 33 32 30 27 25 25 24 23 24 25 26 24 23 22 23 23
13 4 24 26 16 17 22 20 7 18 21 16 20 13 19 26 18 6 19 7 18 24 6 19 14 11 17 15 14 15 28 17 19 28 7 30 0 14 13 13 20 2 20 15 14 20 12 7 19 15 18 18 8 13 18 15 14 15 18 19 15 20 16 13 17 16 15 18 16 16 19 20 17 16 13 13 14 13 13 18 16 17 15 13 12 12 11 9 8 9 9 10 11 12 14 15 16 14 14 14 13
16 12 16 19 8 15 11 13 18 11 14 15 9 19 10 18 9 13 17 18 7 16 12 13 13 3 22 20 6 20 20 4 18 20 9 22 14 0 19 18 11 13 9 2 19 9 11 17 18 13 9 9 16 18 17 20 3 7 18 6 21 8 11 13 18 16 11 9 7 7 7 9 7 6 13 13 12 12 12 9 13 12 14 16 17 17 16 14 11 9 8 8 7 7 7 6 4 3 3 4 5
12 12 30 32 21 23 21 19 15 18 27 23 21 20 18 31 21 13 27 15 22 30 10 18 21 17 11 10 20 10 33 22 27 33 13 36 13 19 0 6 21 13 21 20 11 21 19 9 27 22 21 20 14 6 26 4 18 19 26 22 3 21 15 14 16 15 14 17 19 19 22 21 20 19 13 16 14 12 15 17 15 16 14 12 5 6 8 8 9 11 12 13 14 15 17 18 18 17 16 17 16
13 10 28 30 20 21 22 19 14 17 25 21 21 18 18 29 20 12 25 14 22 28 11 19 19 15 14 13 18 11 31 21 25 31 11 34 13 18 6 0 21 11 21 19 11 21 17 8 25 20 20 19 12 0 24 7 18 18 24 22 6 22 16 15 17 16 14 17 19 19 22 22 21 20 14 17 15 13 16 17 15 16 15 13 8 9 8 9 10 12 13 14 15 16 17 18 19 18 17 17 16
9 19 26 28 7 25 4 6 24 4 23 24 3 25 3 27 3 20 27 24 4 26 19 5 22 13 22 19 16 19 29 7 28 29 15 32 20 11 21 21 0 20 3 10 19 2 20 22 28 23 3 2 22 21 27 23 11 7 27 5 22 3 9 13 11 9 8 9 7 7 4 3 5 6 12 13 10 11 11 8 7 8 7 9 20 20 17 18 17 16 13 13 12 11 9 8 8 9 10 10 10
12 4 23 26 15 16 21 19 7 17 20 15 19 13 18 25 18 6 18 7 17 23 5 18 13 11 16 14 13 13 27 16 18 27 6 29 2 13 13 11 20 0 19 15 12 19 11 6 18 14 18 18 7 11 17 14 14 15 17 18 14 19 15 12 16 15 13 16 14 15 17 19 15 15 12 12 13 12 12 16 14 15 14 12 11 11 9 8 6 7 8 9 10 11 12 13 14 13 12 12 11
9 18 25 27 7 24 4 6 24 6 21 23 0 25 3 26 5 19 25 24 2 25 18 6 21 11 22 20 14 19 28 5 27 28 15 30 20 9 21 21 3 19 0 8 19 2 19 22 27 22 5 4 22 21 26 23 10 8 26 3 22 1 9 15 11 9 10 10 7 7 4 2 5 6 14 15 12 13 13 9 7 8 7 9 20 20 17 18 17 15 13 13 11 10 9 8 8 9 10 9 10
15 14 17 19 7 16 10 12 19 10 15 15 8 20 9 18 8 15 18 19 6 17 14 12 13 4 23 21 7 21 20 3 20 20 11 23 15 2 20 19 10 15 8 0 20 8 11 18 20 14 8 8 17 19 19 22 3 8 18 5 21 7 11 14 17 15 12 10 7 8 6 8 6 6 15 14 14 14 13 9 13 13 13 15 18 18 17 14 12 11 10 10 8 8 8 7 5 3 4 5 6
10 13 29 31 18 22 19 17 18 16 26 22 19 23 16 30 19 14 26 18 20 29 11 16 20 16 7 5 19 3 32 21 26 32 12 35 14 19 11 11 19 12 19 20 0 19 18 13 26 21 19 18 17 11 25 11 19 17 25 20 10 19 13 14 14 13 13 15 17 16 20 19 19 18 13 16 14 12 15 14 12 13 12 10 8 6 5 8 10 12 13 14 15 16 17 18 19 17 17 17 16
9 18 25 27 6 24 4 6 24 5 21 23 2 25 3 26 3 19 25 24 2 25 18 5 21 11 22 20 14 19 28 5 27 28 15 30 20 9 21 21 2 19 2 8 19 0 19 22 27 22 3 3 21 21 26 23 9 6 26 3 22 1 9 14 11 9 9 9 6 7 3 2 5 5 13 14 11 12 12 9 7 8 7 9 20 20 17 18 17 15 13 12 11 10 8 7 7 9 9 9 10
17 11 18 19 16 7 21 23 12 19 14 6 19 11 20 19 18 12 10 12 17 18 11 23 2 8 21 19 11 18 20 14 10 20 9 23 12 11 19 17 20 11 19 11 18 19 0 16 10 5 18 18 8 17 9 19 13 16 9 16 20 18 19 14 21 20 17 17 15 15 17 18 15 15 15 15 15 16 15 17 20 20 19 17 16 16 15 13 10 8 11 11 11 12 14 15 13 11 11 12 11
14 9 27 29 19 20 23 20 10 18 24 20 22 15 19 28 21 10 23 10 21 27 5 20 18 14 15 14 17 14 30 20 23 30 10 33 7 17 9 8 22 6 22 18 13 22 16 0 23 19 21 20 8 8 22 10 17 18 22 22 10 23 17 15 18 17 16 18 18 19 21 22 19 19 15 16 16 14 16 19 17 18 16 14 9 10 10 10 8 10 12 13 14 15 16 17 18 16 16 16 15
25 19 15 17 24 14 29 31 18 27 12 14 27 18 28 16 26 20 7 18 25 15 19 30 12 16 29 27 18 27 18 22 0 18 17 20 19 18 27 25 28 18 27 20 26 27 10 23 0 13 26 26 15 25 1 28 20 23 2 24 28 26 27 23 29 28 24 25 23 23 25 26 23 22 23 23 23 23 22 25 28 28 27 25 24 24 23 22 18 16 18 18 19 20 21 22 20 19 18 19 19
20 14 20 23 19 4 24 26 15 22 17 2 22 14 23 22 21 15 13 15 20 20 14 26 7 11 24 22 14 21 24 17 13 24 12 26 15 13 22 20 23 14 22 14 21 22 5 19 13 0 21 21 11 20 12 22 16 19 12 19 22 21 22 17 24 23 20 20 18 18 20 21 18 18 18 18 18 18 18 20 23 23 22 20 19 19 17 16 13 11 14 14 14 15 17 18 16 14 14 14 14
10 17 24 26 5 23 5 7 22 3 21 23 5 23 4 25 0 18 25 22 4 24 17 7 20 11 23 21 14 20 27 5 26 27 13 30 18 9 21 20 3 18 5 8 19 3 18 21 26 21 0 2 20 20 25 22 9 5 25 5 22 4 8 12 12 10 7 7 5 5 3 3 3 4 11 12 9 10 10 7 8 9 8 10 20 20 16 17 16 14 11 11 10 9 7 6 6 8 8 8 9
10 17 24 26 5 23 4 8 22 2 21 22 4 23 5 25 2 18 25 22 4 24 17 7 20 11 22 20 14 19 27 5 26 27 13 30 18 9 20 19 2 18 4 8 18 3 18 20 26 21 2 0 20 19 25 21 9 5 25 5 21 4 7 11 12 10 6 7 5 5 3 3 3 4 10 11 8 9 9 6 9 8 9 10 19 19 15 16 15 14 11 11 10 9 7 6 6 7 8 8 8
16 10 22 24 18 13 24 23 4 19 19 12 22 8 22 24 20 12 15 4 20 22 9 22 10 13 20 18 15 17 26 19 15 26 10 28 8 16 14 12 22 7 22 17 17 21 8 8 15 11 20 20 0 12 14 15 17 17 14 20 15 21 19 16 20 19 17 19 16 17 19 20 17 16 16 16 16 16 15 19 19 20 18 16 14 15 14 12 11 10 11 11 12 12 14 15 16 16 15 14 13
13 10 28 30 20 21 22 19 14 17 25 21 21 18 18 29 20 12 25 14 22 28 11 19 19 15 14 13 18 11 31 21 25 31 11 34 13 18 6 0 21 11 21 19 11 21 17 8 25 20 20 19 12 0 24 7 18 18 24 22 6 22 16 15 17 16 14 17 19 19 22 22 21 20 14 17 15 13 16 17 15 16 15 13 8 9 8 9 10 12 13 14 15 16 17 18 19 18 17 17 16
24 18 14 16 23 13 28 30 18 26 11 13 26 17 27 15 25 20 7 18 24 14 19 29 11 15 28 26 17 26 17 21 1 17 16 20 18 17 26 24 27 17 26 19 25 26 9 22 1 12 25 25 14 24 0 27 19 22 1 23 27 25 26 22 28 27 24 24 22 22 24 25 22 21 22 22 22 22 21 24 27 27 27 24 23 23 22 21 17 16 17 17 18 19 20 21 19 18 17 18 18
14 13 30 33 22 24 23 21 16 19 27 23 23 21 20 32 22 15 28 16 24 30 12 20 21 18 12 11 20 11 34 23 28 34 13 36 15 20 4 7 23 14 23 22 11 23 19 10 28 22 22 21 15 7 27 0 20 20 27 24 1 23 17 16 18 17 15 18 20 20 24 23 22 21 15 18 16 14 17 18 16 17 16 14 7 8 9 10 11 13 14 15 16 17 18 19 20 19 18 18 17
15 13 18 21 6 17 11 14 18 11 15 17 10 20 11 20 9 14 19 18 8 18 13 13 15 5 22 20 8 19 22 6 20 22 9 24 14 3 18 18 11 14 10 3 19 9 13 17 20 16 9 9 17 18 19 20 0 6 20 8 20 9 9 12 17 15 10 8 5 5 7 8 6 5 13 13 12 12 11 7 12 11 13 15 18 17 16 13 12 9 8 8 6 6 6 5 3 2 2 3 4
11 14 21 24 2 20 8 11 19 7 18 20 8 20 8 23 5 15 22 19 6 21 14 10 18 8 21 18 11 17 25 5 23 25 10 27 15 7 19 18 7 15 8 8 17 6 16 18 23 19 5 5 17 18 22 20 6 0 22 7 20 7 5 10 12 10 5 3 1 1 5 6 3 3 9 10 7 8 8 3 8 7 8 11 17 17 14 14 13 11 8 7 6 5 3 2 3 5 5 5 6
25 19 14 16 23 14 28 30 18 26 11 13 26 18 27 15 25 20 7 18 24 14 19 30 11 15 29 27 18 26 17 21 2 17 16 20 18 18 26 24 27 17 26 18 25 26 9 22 2 12 25 25 14 24 1 27 20 22 0 23 27 25 26 22 29 28 24 24 22 22 24 25 22 22 22 22 22 22 22 24 27 28 27 25 24 24 22 21 18 16 18 18 18 19 21 22 20 18 18 19 18
10 17 22 24 6 21 5 7 23 7 19 20 3 24 4 23 5 18 22 23 1 22 17 7 18 8 23 21 11 20 25 3 24 25 14 27 19 6 22 22 5 18 3 5 20 3 16 22 24 19 5 5 20 22 23 24 8 7 23 0 23 2 10 15 12 10 11 9 6 7 3 3 4 5 15 15 13 14 14 9 8 9 8 10 21 21 18 18 16 14 12 12 10 9 8 7 6 7 8 8 9
13 13 31 33 22 24 22 20 16 19 27 24 22 21 19 32 22 15 28 16 23 31 12 19 22 18 11 10 20 10 34 23 28 34 13 37 15 21 3 6 22 14 22 21 10 22 20 10 28 22 22 21 15 6 27 1 20 20 27 23 0 22 16 16 17 16 15 18 20 20 23 22 21 20 15 17 16 14 17 18 16 17 16 13 6 7 9 9 10 13 14 15 15 16 18 19 20 18 18 18 17
9 18 24 26 6 23 4 6 24 6 20 22 1 24 4 25 4 19 24 24 2 24 18 6 20 10 22 19 13 19 27 5 26 27 14 29 20 8 21 22 3 19 1 7 19 1 18 23 26 21 4 4 21 22 25 23 9 7 25 2 22 0 9 15 11 9 10 9 6 7 3 2 5 5 14 15 12 13 13 9 7 8 8 9 20 20 17 18 17 15 13 12 11 10 8 7 7 9 9 9 10
7 13 25 27 6 24 10 7 19 5 21 23 9 23 6 26 8 15 25 19 10 25 14 7 21 12 16 13 15 12 28 9 27 28 13 31 16 11 15 16 9 15 9 11 13 9 19 17 27 22 8 7 19 16 26 17 9 5 26 10 16 9 0 9 8 6 5 2 5 4 9 9 7 6 8 11 6 7 8 2 3 2 4 7 14 14 11 11 11 13 11 10 9 8 6 5 7 9 9 9 10
10 10 23 25 11 19 14 16 16 9 20 18 15 18 13 24 12 12 23 16 14 23 11 15 16 10 17 14 13 14 26 13 23 26 6 29 13 13 14 15 13 12 15 14 14 14 14 15 23 17 12 11 16 15 22 16 12 10 22 15 16 15 9 0 13 13 5 7 9 9 13 14 11 10 1 3 3 2 2 8 12 11 12 10 14 14 10 11 10 8 6 6 7 7 8 8 11 11 10 10 9
4 14 32 34 14 26 12 9 20 11 29 25 11 26 8 33 12 16 30 20 12 32 15 9 23 19 17 14 22 14 35 15 29 35 15 38 17 18 16 17 11 16 11 17 14 11 21 18 29 24 12 12 20 17 28 18 17 12 29 12 17 11 8 13 0 2 13 10 13 12 14 13 15 14 12 16 13 11 14 10 6 7 6 4 15 15 12 13 12 15 16 17 17 16 14 13 15 16 17 17 17
3 13 30 32 12 25 10 7 19 9 27 24 9 25 6 31 10 15 29 19 10 30 15 7 22 17 16 14 20 13 33 13 28 33 14 36 16 16 15 16 9 15 9 15 13 9 20 17 28 23 10 10 19 16 27 17 15 10 28 10 16 9 6 13 2 0 11 8 11 10 12 11 13 12 12 15 12 11 13 8 4 5 5 3 15 15 12 12 12 14 15 16 15 14 12 11 13 14 15 15 15
9 12 24 26 7 21 9 11 18 4 21 21 10 20 8 25 7 13 25 18 10 24 12 11 19 11 17 14 14 13 27 10 24 27 8 30 15 11 14 14 8 13 10 12 13 9 17 16 24 20 7 6 17 14 24 15 10 5 24 11 15 10 5 5 13 11 0 4 6 6 9 9 8 8 5 6 2 4 3 4 8 7 9 9 13 13 10 10 9 10 7 7 7 6 7 7 8 10 10 9 9
9 15 23 25 5 22 10 9 21 5 20 21 10 22 8 24 7 16 24 21 8 23 13 9 19 10 18 15 13 14 26 7 25 26 11 29 18 9 17 17 9 16 10 10 15 9 17 18 25 20 7 7 19 17 24 18 8 3 24 9 18 9 2 7 10 8 4 0 4 4 8 9 6 6 6 9 4 5 6 3 5 4 6 9 14 14 11 11 10 12 9 9 8 7 6 5 6 8 8 8 9
11 13 21 23 2 20 9 11 19 7 17 19 7 19 9 22 5 14 22 19 5 21 14 11 17 8 21 18 11 17 24 4 23 24 9 27 16 7 19 19 7 14 7 7 17 6 15 18 23 18 5 5 16 19 22 20 5 1 22 6 20 6 5 9 13 11 6 4 0 1 5 6 3 2 9 9 8 8 8 3 8 7 9 11 17 17 14 13 12 10 7 6 5 4 2 1 3 4 5 4 5
10 14 21 23 2 20 9 11 19 6 17 19 7 20 9 22 5 15 22 19 6 21 14 11 17 8 20 17 11 16 24 5 23 24 9 27 16 7 19 19 7 15 7 8 16 7 15 19 23 18 5 5 17 19 22 20 5 1 22 7 20 7 4 9 12 10 6 4 1 0 6 6 4 3 8 9 7 7 8 2 7 6 8 10 16 16 13 13 12 10 7 7 5 5 3 2 4 5 6 5 6
10 16 23 25 4 22 6 8 22 5 19 21 4 22 6 24 3 17 23 22 2 23 17 8 19 9 23 21 12 20 26 3 25 26 12 28 19 7 22 22 4 17 4 6 20 3 17 21 25 20 3 3 19 22 24 24 7 5 24 3 23 3 9 13 14 12 9 8 5 6 0 2 2 3 12 13 11 11 11 7 9 9 9 10 21 21 17 17 15 13 10 10 9 8 6 5 5 7 7 7 8
9 17 24 26 5 23 5 7 23 5 21 22 2 24 5 25 3 19 25 23 2 24 18 6 20 11 22 20 14 19 27 5 26 27 14 30 20 9 21 22 3 19 2 8 19 2 18 22 26 21 3 3 20 22 25 23 8 6 25 3 22 2 9 14 13 11 9 9 6 6 2 0 4 4 13 14 11 12 12 8 7 8 7 9 20 20 17 18 16 14 12 11 10 9 7 6 7 8 8 8 9
11 14 21 23 2 20 7 10 20 5 18 20 5 20 7 22 3 15 22 20 3 21 15 9 17 8 23 20 11 19 24 3 23 24 10 27 17 7 20 21 5 15 5 6 19 5 15 19 23 18 3 3 17 21 22 22 6 3 22 4 21 5 7 11 15 13 8 6 3 4 2 4 0 1 11 11 10 10 10 5 10 9 10 11 19 19 16 15 13 11 9 8 7 6 4 3 4 5 6 5 6
12 13 20 22 2 19 8 10 19 6 17 19 6 20 8 22 4 15 21 19 4 20 14 10 17 7 22 19 10 18 24 3 22 24 10 26 16 6 19 20 6 15 6 6 18 5 15 19 22 18 4 4 16 20 21 21 5 3 22 5 20 5 6 10 14 12 8 6 2 3 3 4 1 0 10 10 9 9 9 4 9 8 10 12 18 18 15 14 13 11 8 7 6 5 3 2 3 5 5 5 6
9 11 24 26 10 19 13 15 17 8 20 19 14 18 12 25 11 12 23 17 14 24 11 15 17 11 16 13 14 13 27 13 23 27 6 30 13 13 13 14 12 12 14 15 13 13 15 15 23 18 11 10 16 14 22 15 13 9 22 15 15 14 8 1 12 12 5 6 9 8 12 13 11 10 0 4 4 1 3 7 11 10 11 9 13 13 9 10 9 8 7 6 8 7 9 9 11 12 11 10 9
12 11 23 26 11 19 14 16 16 9 20 19 15 18 13 25 12 12 23 16 14 23 11 16 17 11 20 17 13 16 27 13 23 27 6 29 13 13 16 17 13 12 15 14 16 14 15 16 23 18 12 11 16 17 22 18 13 10 22 15 17 15 11 3 16 15 6 9 9 9 13 14 11 10 4 0 5 5 4 10 14 13 14 12 16 16 12 13 10 8 6 6 7 7 8 8 11 11 11 10 9
10 11 23 25 9 20 11 13 17 6 20 19 12 19 10 24 9 13 23 17 12 23 12 13 17 10 17 14 13 14 26 11 23 26 7 29 14 12 14 15 10 13 12 14 14 11 15 16 23 18 9 8 16 15 22 16 12 7 22 13 16 12 6 3 13 12 2 4 8 7 11 11 10 9 4 5 0 3 2 6 9 8 10 10 14 14 11 11 10 9 6 6 7 6 8 8 10 11 10 9 9
8 11 23 25 9 20 12 14 16 7 20 20 13 19 11 24 10 12 23 16 13 23 11 14 18 10 15 12 13 12 26 12 23 26 7 29 13 12 12 13 11 12 13 14 12 12 16 14 23 18 10 9 16 13 22 14 12 8 22 14 14 13 7 2 11 11 4 5 8 7 11 12 10 9 1 5 3 0 4 6 10 9 10 8 12 12 8 9 8 9 8 7 8 8 9 9 11 12 12 11 10
10 11 22 24 10 19 12 14 16 7 19 19 13 18 11 24 10 12 22 16 13 22 11 14 17 9 18 15 12 15 26 12 22 26 6 28 13 12 15 16 11 12 13 13 15 12 15 16 22 18 10 9 15 16 21 17 11 8 22 14 17 13 8 2 14 13 3 6 8 8 11 12 10 9 3 4 2 4 0 6 10 9 11 10 13 13 10 10 10 8 5 5 6 6 7 7 9 10 9 9 8
9 15 23 25 4 22 9 9 20 4 19 21 9 22 8 24 7 16 23 20 8 23 14 9 19 10 18 15 13 14 26 7 25 26 11 29 18 9 17 17 8 16 9 9 14 9 17 19 25 20 7 6 19 17 24 18 7 3 24 9 18 9 2 8 10 8 4 3 3 2 7 8 5 4 7 10 6 6 6 0 5 4 6 9 14 14 11 11 11 12 9 9 7 7 5 4 6 7 8 7 8
4 13 27 29 9 24 8 5 19 7 24 24 7 25 4 28 8 14 28 19 8 27 14 5 22 14 16 13 17 12 30 11 28 30 13 33 16 13 15 15 7 14 7 13 12 7 20 17 28 23 8 9 19 15 27 16 12 8 27 8 16 7 3 12 6 4 8 5 8 7 9 7 10 9 11 14 9 10 10 5 0 1 1 4 14 14 11 11 11 14 13 12 11 10 8 7 9 10 11 11 11
5 14 26 28 8 25 9 6 20 6 23 24 8 24 5 28 9 15 27 20 9 26 15 6 22 13 17 14 16 13 30 11 28 30 14 32 17 12 16 16 8 15 8 13 13 8 20 18 28 23 9 8 20 16 27 17 11 7 28 9 17 8 2 11 7 5 7 4 7 6 9 8 9 8 10 13 8 9 9 4 1 0 2 5 15 15 11 12 12 14 12 11 10 9 7 6 8 10 10 10 11
3 13 28 30 10 24 8 6 18 7 25 23 7 24 4 29 8 14 28 18 8 28 14 5 21 15 15 13 18 12 31 11 27 31 13 34 15 14 14 15 7 14 7 13 12 7 19 16 27 22 8 9 18 15 27 16 13 8 27 8 16 8 4 12 6 5 9 6 9 8 9 7 10 10 11 14 10 10 11 6 1 2 0 3 14 14 11 11 11 13 14 13 12 11 9 8 10 11 12 12 12
0 10 28 31 12 22 9 7 16 8 25 21 9 22 6 30 10 12 26 16 10 28 12 6 19 15 13 11 18 10 32 12 25 32 11 34 13 16 12 13 9 12 9 15 10 9 17 14 25 20 10 10 16 13 24 14 15 11 25 10 13 9 7 10 4 3 9 9 11 10 10 9 11 12 9 12 10 8 10 9 4 5 3 0 12 12 9 9 9 11 12 13 14 13 12 11 12 14 14 14 15
12 9 27 29 18 21 21 19 15 17 24 20 20 20 17 29 20 11 25 15 21 27 8 18 18 14 7 8 17 7 31 20 24 31 10 33 12 17 5 8 20 11 20 18 8 20 16 9 24 19 20 19 14 8 23 7 18 17 24 21 6 20 14 14 15 15 13 14 17 16 21 20 19 18 13 16 14 12 13 14 14 15 14 12 0 4 8 9 11 12 12 13 14 15 17 18 19 18 18 17 16
12 9 27 29 18 20 21 18 15 17 24 20 20 21 17 29 20 11 25 15 21 27 8 18 18 14 5 6 17 5 31 20 24 31 10 33 12 17 6 9 20 11 20 18 6 20 16 10 24 19 20 19 15 9 23 8 17 17 24 21 7 20 14 14 15 15 13 14 17 16 21 20 19 18 13 16 14 12 13 14 14 15 14 12 4 0 5 5 8 10 11 12 13 14 15 16 17 16 15 15 14
9 8 26 28 15 19 17 15 14 13 23 19 17 20 14 27 16 9 23 14 18 26 7 15 17 13 9 6 15 5 29 18 23 29 8 32 11 16 8 8 17 9 17 17 5 17 15 10 23 17 16 15 14 8 22 9 16 14 22 18 9 17 11 10 12 12 10 11 14 13 17 17 16 15 9 12 11 8 10 11 11 11 11 9 8 5 0 5 6 9 10 11 11 12 14 15 16 14 14 14 13
9 7 24 27 15 18 18 16 12 14 21 17 18 18 15 26 17 8 22 12 18 24 6 15 15 12 10 9 14 8 28 17 22 28 7 30 9 14 8 9 18 8 18 14 8 18 13 10 22 16 17 16 12 9 21 10 13 14 21 18 9 18 11 11 13 12 10 11 13 13 17 18 15 14 10 13 11 9 10 11 11 12 11 9 9 5 5 0 4 6 7 8 9 10 11 12 13 11 11 11 10
9 5 21 24 13 15 18 16 11 13 18 14 17 15 14 23 16 6 19 11 15 21 3 15 12 8 13 10 11 10 25 14 18 25 4 27 8 11 9 10 17 6 17 12 10 17 10 8 18 13 16 15 11 10 17 11 12 13 18 16 10 17 11 10 12 12 9 10 12 12 15 16 13 13 9 10 10 8 10 11 11 12 11 9 11 8 6 4 0 3 6 7 8 9 10 11 12 10 10 10 9
11 6 19 22 11 13 17 18 12 12 16 12 15 13 16 21 14 7 17 12 13 19 5 17 10 7 15 13 9 12 23 12 16 23 2 25 9 9 11 12 16 7 15 11 12 15 8 10 16 11 14 14 10 12 16 13 9 11 16 14 13 15 13 8 15 14 10 12 10 10 13 14 11 11 8 8 9 9 8 12 14 14 13 11 12 10 9 6 3 0 3 4 5 6 8 9 9 8 7 8 7
12 7 19 21 9 15 14 16 13 9 16 15 13 14 13 20 11 8 19 13 11 19 7 16 13 6 16 14 9 13 22 10 18 22 2 25 9 8 12 13 13 8 13 10 13 13 11 12 18 14 11 11 11 13 17 14 8 8 18 12 14 13 11 6 16 15 7 9 7 7 10 12 9 8 7 6 6 8 5 9 13 12 14 12 12 11 10 7 6 3 0 1 2 3 5 6 7 7 6 5 4
13 8 18 21 8 15 14 16 14 9 15 15 13 14 13 20 11 9 19 14 11 18 8 16 13 6 17 15 8 14 22 10 18 22 3 24 10 8 13 14 13 9 13 10 14 12 11 13 18 14 11 11 11 14 17 15 8 7 18 12 15 12 10 6 17 16 7 9 6 7 10 11 8 7 6 6 6 7 5 9 12 11 13 13 13 12 11 8 7 4 1 0 2 3 4 5 7 7 6 5 4
14 9 17 19 7 16 13 15 14 8 14 15 11 15 12 19 10 10 18 14 9 17 9 15 13 4 18 15 7 15 21 8 19 21 4 23 11 7 14 15 12 10 11 8 15 11 11 14 19 14 10 10 12 15 18 16 6 6 18 10 15 11 9 7 17 15 7 8 5 5 9 10 7 6 8 7 7 8 6 7 11 10 12 14 14 13 11 9 8 5 2 2 0 1 3 4 5 5 4 3 2
13 9 18 20 6 17 12 14 15 7 15 16 10 16 11 19 9 11 19 15 8 18 10 14 14 5 19 16 8 16 21 7 20 21 5 24 12 7 15 16 11 11 10 8 16 10 12 15 20 15 9 9 12 16 19 17 6 5 19 9 16 10 8 7 16 14 6 7 4 5 8 9 6 5 7 7 6 8 6 7 10 9 11 13 15 14 12 10 9 6 3 3 1 0 2 3 4 5 4 3 3
12 11 20 22 4 18 11 13 17 7 16 18 9 17 11 21 7 12 20 17 7 20 12 13 16 7 20 18 9 17 23 6 21 23 7 25 14 7 17 17 9 12 9 8 17 8 14 16 21 17 7 7 14 17 20 18 6 3 21 8 18 8 6 8 14 12 7 6 2 3 6 7 4 3 9 8 8 9 7 5 8 7 9 12 17 15 14 11 10 8 5 4 3 2 0 1 4 5 4 4 4
11 12 20 22 3 19 10 12 18 7 17 19 8 18 10 22 6 13 21 18 6 20 13 12 17 7 21 18 10 17 24 5 22 24 8 26 15 6 18 18 8 13 8 7 18 7 15 17 22 18 6 6 15 18 21 19 5 2 22 7 19 7 5 8 13 11 7 5 1 2 5 6 3 2 9 8 8 9 7 4 7 6 8 11 18 16 15 12 11 9 6 5 4 3 1 0 3 4 4 4 5
12 13 18 21 4 17 10 12 18 8 15 17 8 19 10 20 6 14 19 18 6 18 13 12 15 6 22 20 8 19 22 5 20 22 9 24 16 4 18 19 8 14 8 5 19 7 13 18 20 16 6 6 16 19 19 20 3 3 20 6 20 7 7 11 15 13 8 6 3 4 5 7 4 3 11 11 10 11 9 6 9 8 10 12 19 17 16 13 12 9 7 7 5 4 4 3 0 2 2 3 4
14 11 17 19 5 16 11 14 17 9 14 15 9 19 11 18 8 13 18 17 7 17 12 13 13 4 20 18 7 18 20 6 19 20 8 23 14 3 17 18 9 13 9 3 17 9 11 16 19 14 8 7 16 18 18 19 2 5 18 7 18 9 9 11 16 14 10 8 4 5 7 8 5 5 12 11 11 12 10 7 10 10 11 14 18 16 14 11 10 8 7 7 5 5 5 4 2 0 1 2 3
14 11 16 19 6 15 12 14 16 10 13 15 10 18 12 18 8 12 17 16 8 16 11 14 13 4 20 18 6 17 20 6 18 20 8 22 14 3 16 17 10 12 10 4 17 9 11 16 18 14 8 8 15 17 17 18 2 5 18 8 18 9 9 10 17 15 10 8 5 6 7 8 6 5 11 11 10 12 9 8 11 10 12 14 18 15 14 11 10 7 6 6 4 4 4 4 2 1 0 1 2
14 11 17 19 5 16 12 14 17 10 14 16 9 17 11 18 8 12 18 17 7 17 12 13 14 4 20 18 7 17 20 6 19 20 7 23 14 4 17 17 10 12 9 5 17 9 12 16 19 14 8 8 14 17 18 18 3 5 19 8 18 9 9 10 17 15 9 8 4 5 7 8 5 5 10 10 9 11 9 7 11 10 12 14 17 15 14 11 10 8 5 5 3 3 4 4 3 2 1 0 1
15 10 17 19 6 16 12 15 16 10 14 15 10 16 12 18 9 11 18 16 8 17 11 14 13 4 19 17 7 16 20 7 19 20 6 23 13 5 16 16 10 11 10 6 16 10 11 15 19 14 9 8 13 16 18 17 4 6 18 9 17 10 10 9 17 15 9 9 5 6 8 9 6 6 9 9 9 10 8 8 11 11 12 15 16 14 13 10 9 7 4 4 2 3 4 5 4 3 2 1 0