0 15 32 9 25 11 15 20 7 13 26 10 25 11 30 10 19 14 25 31 11 12 11 21 3 19 2 27 11 24 11 11 29 18 10 11 20 6 26 31 10 30 5 17 21 13 25 13 15 8 25 13 16 11 21 25 6 8 20 30 13 9 7 10 4 3 9 9 11 10 10 9 11 12 9 12 10 8 10 9 4 5 3 0 12 12 9 9 9 11 12 13 14 13 12 11 12 14 14 14 15
15 0 21 10 19 17 2 15 12 19 15 8 19 13 19 20 14 13 19 20 7 5 20 15 13 13 16 16 12 12 9 19 18 13 21 7 15 11 15 20 8 19 13 18 15 19 19 21 1 14 19 21 2 18 16 20 14 10 14 19 4 9 9 12 17 15 10 8 5 5 7 8 6 5 12 12 11 11 11 7 11 11 12 15 17 17 15 12 11 9 8 7 6 6 6 5 3 1 2 3 4
32 21 0 25 18 32 21 16 31 34 12 27 18 28 2 35 23 28 17 1 26 24 35 25 32 22 33 6 27 9 28 34 4 22 40 27 16 29 12 3 27 2 31 28 28 34 18 36 20 29 18 36 19 33 25 30 32 28 27 3 23 27 28 27 36 34 27 27 24 24 26 27 25 24 27 27 26 26 26 26 30 30 31 32 31 31 29 28 25 23 22 22 21 22 23 24 22 20 20 21 21
9 10 25 0 21 13 12 17 9 15 20 11 21 4 24 13 17 5 21 24 13 9 14 18 11 16 10 20 2 17 11 13 22 15 17 11 17 11 20 24 12 24 12 17 18 15 22 16 11 9 22 16 11 13 19 18 12 3 17 23 9 13 7 2 12 12 3 5 7 8 11 12 9 8 2 3 1 1 1 7 10 9 11 9 12 12 9 10 9 7 5 4 5 5 6 6 9 9 9 8 7
25 19 18 21 0 25 19 5 29 27 12 25 0 24 16 28 12 24 5 17 24 22 28 13 28 11 26 13 23 9 25 27 14 10 33 24 5 27 12 16 25 16 29 16 20 27 1 29 18 22 1 29 18 26 14 18 29 24 19 16 21 25 26 22 29 28 24 24 22 22 24 25 23 22 23 23 22 22 22 24 27 28 27 25 24 24 22 21 18 16 18 18 18 19 21 22 20 18 18 19 18
11 17 32 13 25 0 19 21 18 2 27 21 25 15 31 12 20 17 25 31 22 19 12 22 14 19 13 27 15 24 21 12 29 18 21 21 21 17 27 31 21 31 16 14 22 2 26 12 18 7 26 12 18 8 22 22 17 13 21 30 19 20 14 14 15 14 13 16 18 18 21 20 19 18 13 15 14 12 14 16 14 15 14 11 7 8 7 7 8 11 12 13 13 14 16 17 18 16 16 16 15
15 2 21 12 19 19 0 15 12 21 15 9 19 15 19 21 14 15 19 20 6 7 21 15 14 13 16 16 13 12 9 21 18 13 20 7 15 10 15 20 7 19 12 19 15 21 19 23 1 15 19 23 2 20 16 21 12 12 14 19 5 8 11 13 18 16 11 9 7 7 6 8 6 6 14 14 13 13 12 9 13 12 14 15 19 18 17 14 13 10 9 9 7 7 7 6 4 3 3 4 5
20 15 16 17 5 21 15 0 24 23 11 20 5 19 14 23 7 19 5 15 19 17 23 9 23 6 22 11 18 8 21 22 13 6 29 20 0 24 11 15 20 14 25 12 16 23 5 24 14 17 5 24 13 21 9 14 25 20 15 14 17 21 22 18 24 23 19 21 18 18 20 21 19 18 18 18 18 18 17 20 23 23 22 20 19 19 18 16 13 11 13 13 14 15 16 17 16 15 14 15 15
7 12 31 9 29 18 12 24 0 20 25 6 29 12 29 16 24 13 29 30 8 8 17 26 6 23 9 26 11 23 5 17 28 22 14 7 24 4 25 30 7 29 5 24 26 20 29 20 12 15 29 20 13 17 26 26 5 7 25 29 10 7 4 11 10 8 7 5 8 7 7 7 7 8 10 12 9 9 10 5 6 5 6 7 18 18 15 15 15 15 13 12 12 11 9 8 10 11 12 11 12
13 19 34 15 27 2 21 23 20 0 29 23 27 17 33 10 22 19 27 33 24 21 10 24 16 21 15 29 17 26 23 10 31 20 23 23 23 19 29 33 23 33 18 16 24 1 28 10 20 9 28 10 20 6 24 24 19 15 23 32 21 22 16 16 17 16 15 18 20 20 23 22 21 20 15 17 16 14 16 18 16 17 16 13 6 7 9 9 10 13 14 15 15 16 18 19 20 18 18 18 17
26 15 12 20 12 27 15 11 25 29 0 22 12 23 11 29 17 22 12 11 20 19 29 20 27 17 28 7 21 5 22 28 9 17 35 21 11 24 0 11 21 11 26 22 23 29 12 30 14 24 12 30 13 27 20 24 27 23 22 10 17 22 23 21 30 28 22 21 19 19 21 22 19 18 22 21 21 21 20 21 25 24 26 26 25 25 24 23 19 18 17 17 15 16 18 18 16 15 14 15 15
10 8 27 11 25 21 9 20 6 23 22 0 25 14 26 19 21 14 25 26 4 3 20 22 8 20 11 22 13 19 2 20 24 19 15 3 20 4 22 26 4 26 6 22 22 23 25 23 8 18 25 23 9 21 22 23 7 9 21 25 6 3 8 13 12 10 8 7 4 5 3 2 3 4 12 13 10 11 11 6 8 9 8 10 20 20 17 17 15 13 11 10 9 8 6 5 6 7 8 7 8
25 19 18 21 0 25 19 5 29 27 12 25 0 24 16 28 12 24 5 17 24 22 28 13 28 11 26 13 23 9 25 27 14 10 33 24 5 27 12 16 25 16 29 16 20 27 1 29 18 22 1 29 18 26 14 18 29 24 19 16 21 25 26 22 29 28 24 24 22 22 24 25 23 22 23 23 22 22 22 24 27 28 27 25 24 24 22 21 18 16 18 18 18 19 21 22 20 18 18 19 18
11 13 28 4 24 15 15 19 12 17 23 14 24 0 27 16 19 6 24 27 16 13 16 20 14 18 12 23 3 20 13 15 25 17 19 15 19 14 23 27 16 27 15 19 20 17 24 18 14 11 24 18 14 15 21 21 16 5 19 26 13 16 10 3 14 14 6 8 11 10 14 15 13 12 2 4 5 3 4 9 13 12 13 11 15 15 11 12 11 10 8 7 8 8 9 10 12 12 12 11 10
30 19 2 24 16 31 19 14 29 33 11 26 16 27 0 33 21 26 16 1 24 23 33 23 31 20 32 4 25 8 26 32 3 20 38 25 14 28 11 2 25 0 30 26 27 33 16 34 18 28 16 34 17 31 23 28 31 27 26 1 21 26 27 25 34 32 26 25 23 23 25 26 23 22 26 25 25 25 24 25 29 28 30 30 29 29 28 27 23 22 21 21 19 20 22 22 20 19 18 19 19
10 20 35 13 28 12 21 23 16 10 29 19 28 16 33 0 22 18 28 34 20 19 2 24 13 22 12 30 15 26 19 3 31 21 16 20 23 15 29 33 19 33 15 20 24 11 28 5 20 8 28 5 21 4 24 26 16 12 23 33 20 18 12 15 13 13 14 14 17 16 20 18 19 18 14 16 14 13 14 14 12 13 11 10 8 6 7 9 11 13 14 15 16 17 18 17 19 19 18 18 17
19 14 23 17 12 20 14 7 24 22 17 21 12 19 21 22 0 18 12 22 19 18 22 9 22 6 21 18 17 15 21 21 20 5 28 20 7 23 17 21 20 21 24 13 15 22 12 23 13 17 12 23 12 20 8 14 24 19 14 21 16 21 21 17 23 22 19 20 17 17 19 21 18 17 18 17 18 18 17 19 22 23 22 19 18 18 17 16 12 11 13 13 14 14 16 17 15 14 13 14 14
14 13 28 5 24 17 15 19 13 19 22 14 24 6 26 18 18 0 24 27 16 12 19 20 16 18 15 23 4 20 14 18 25 17 22 14 19 14 22 27 15 26 16 18 20 19 24 21 14 14 24 21 14 18 20 20 17 8 19 26 12 16 12 4 17 17 7 10 10 11 14 15 12 11 5 2 6 6 5 11 15 14 16 14 17 17 14 14 11 9 7 7 8 8 9 9 12 12 12 11 10
25 19 17 21 5 25 19 5 29 27 12 25 5 24 16 28 12 24 0 17 24 22 28 14 28 11 26 13 23 10 26 27 14 11 33 25 5 27 12 16 25 16 29 16 20 27 6 29 18 22 6 29 17 26 14 18 30 24 19 16 21 25 26 22 29 28 24 25 22 22 24 25 23 22 23 23 22 22 22 24 28 28 27 25 24 24 23 21 18 16 18 18 18 19 21 22 20 18 18 19 19
31 20 1 24 17 31 20 15 30 33 11 26 17 27 1 34 22 27 17 0 25 23 34 24 31 21 32 5 26 8 27 33 3 21 39 26 15 28 11 2 26 1 30 27 27 33 17 35 19 28 17 35 18 32 24 29 31 27 26 2 22 26 27 26 35 33 26 26 23 23 25 26 24 23 26 26 25 25 25 25 29 29 30 31 30 30 28 27 24 22 21 21 20 21 22 23 21 19 19 20 20
11 7 26 13 24 22 6 19 8 24 20 4 24 16 24 20 19 16 24 25 0 5 21 20 9 18 11 21 15 17 5 21 23 17 15 2 19 5 20 24 2 24 7 22 20 24 24 24 6 19 24 24 7 22 20 24 8 11 19 24 5 3 10 15 13 11 11 9 6 6 3 3 4 5 14 15 13 13 14 8 9 10 9 11 22 22 19 18 16 14 11 11 10 9 8 7 6 7 8 8 9
12 5 24 9 22 19 7 17 8 21 19 3 22 13 23 19 18 12 22 23 5 0 20 19 11 17 13 19 11 16 4 20 21 16 17 3 17 7 19 23 4 23 9 19 19 21 22 23 6 16 22 23 7 20 19 20 9 8 18 22 3 4 7 11 14 12 8 6 2 3 3 4 2 1 11 11 10 10 10 5 10 9 11 12 18 18 16 15 12 10 8 8 6 5 4 3 3 4 5 4 5
11 20 35 14 28 12 21 23 17 10 29 20 28 16 33 2 22 19 28 34 21 20 0 24 14 22 13 30 16 26 20 3 31 21 18 22 23 17 29 33 21 33 16 20 24 11 28 5 20 8 28 5 21 4 24 26 17 13 23 33 21 20 13 15 15 14 14 15 18 17 21 20 20 19 14 17 15 13 15 15 13 14 13 11 8 6 7 9 11 13 14 15 16 17 19 18 20 19 18 18 17
21 15 25 18 13 22 15 9 26 24 20 22 13 20 23 24 9 20 14 24 20 19 24 0 24 6 23 20 19 17 23 23 21 5 29 21 9 24 20 23 21 23 26 14 17 23 14 25 14 18 14 25 14 22 8 16 26 21 16 23 18 22 23 18 25 24 21 21 19 19 21 22 20 19 19 19 19 19 19 21 24 24 23 21 20 20 19 17 14 12 15 15 15 16 18 19 17 15 15 16 15
3 13 32 11 28 14 14 23 6 16 27 8 28 14 31 13 22 16 28 31 9 11 14 24 0 22 4 27 13 24 9 14 29 21 10 9 23 4 27 31 8 31 4 20 24 16 28 16 14 11 28 16 15 14 24 25 5 9 23 30 12 8 4 13 6 4 9 6 9 8 10 9 11 10 12 14 10 11 12 6 2 3 2 3 15 15 11 12 12 14 15 14 13 12 10 9 11 12 13 13 13
19 13 22 16 11 19 13 6 23 21 17 20 11 18 20 22 6 18 11 21 18 17 22 6 22 0 20 17 17 14 20 21 19 3 27 19 6 22 17 21 19 20 24 12 15 21 11 23 12 16 11 23 12 20 6 14 24 19 14 20 16 20 21 16 23 22 19 19 17 17 19 20 17 17 17 17 17 17 17 19 22 22 21 19 18 18 16 15 12 10 13 13 13 14 16 17 15 13 13 13 13
2 16 33 10 26 13 16 22 9 15 28 11 26 12 32 12 21 15 26 32 11 13 13 23 4 20 0 28 12 25 12 13 30 19 11 12 22 8 28 32 11 32 6 19 23 15 27 15 17 10 27 15 18 13 23 24 6 9 22 31 15 10 7 11 6 5 11 9 12 11 12 11 13 13 10 13 11 9 11 9 5 6 5 2 14 13 10 11 11 13 14 14 15 15 13 12 14 15 16 16 16
27 16 6 20 13 27 16 11 26 29 7 22 13 23 4 30 18 23 13 5 21 19 30 20 27 17 28 0 22 4 23 29 2 17 35 22 11 24 7 4 22 4 26 23 23 29 13 31 15 24 13 31 14 28 20 25 27 23 22 4 18 22 23 22 31 29 22 22 19 19 21 22 20 19 22 22 21 21 21 21 25 25 26 27 26 26 24 23 20 18 17 17 16 17 18 19 17 15 15 16 16
11 12 27 2 23 15 13 18 11 17 21 13 23 3 25 15 17 4 23 26 15 11 16 19 13 17 12 22 0 19 13 15 24 16 19 13 18 13 21 26 14 25 14 17 19 17 23 18 12 11 23 18 12 15 19 19 14 5 18 25 11 15 9 1 14 14 5 7 9 9 13 14 11 10 2 2 3 3 2 8 12 11 13 11 14 14 11 12 10 8 6 5 6 7 8 8 10 11 10 9 8
24 12 9 17 9 24 12 8 23 26 5 19 9 20 8 26 15 20 10 8 17 16 26 17 24 14 25 4 19 0 19 26 6 14 32 18 8 21 5 8 18 8 23 20 20 26 10 28 11 21 10 28 11 25 17 21 24 20 19 7 15 19 20 18 27 25 19 18 16 16 18 19 16 16 19 19 18 18 18 18 22 22 23 24 23 23 21 20 17 15 14 14 13 13 15 16 14 12 12 12 12
11 9 28 11 25 21 9 21 5 23 22 2 25 13 26 19 21 14 26 27 5 4 20 23 9 20 12 23 13 19 0 20 24 19 16 3 21 5 22 26 4 26 7 22 23 22 26 23 9 17 26 23 10 20 23 24 8 8 22 26 6 4 7 12 13 11 8 6 5 4 4 3 3 4 11 13 10 10 11 5 9 9 9 11 19 19 16 16 16 14 11 10 9 8 6 5 6 8 8 8 9
11 19 34 13 27 12 21 22 17 10 28 20 27 15 32 3 21 18 27 33 21 20 3 23 14 21 13 29 15 26 20 0 31 20 18 22 22 17 28 33 21 32 16 19 23 11 27 5 20 7 27 5 20 4 23 25 17 12 22 32 21 19 13 14 14 14 14 15 18 17 21 20 20 19 13 16 14 12 14 15 13 14 13 11 8 6 6 9 10 13 14 15 15 16 18 18 20 18 18 18 17
29 18 4 22 14 29 18 13 28 31 9 24 14 25 3 31 20 25 14 3 23 21 31 21 29 19 30 2 24 6 24 31 0 19 37 23 13 26 9 3 24 3 28 25 25 31 15 33 17 26 15 33 16 30 22 26 29 25 24 2 20 24 25 23 32 30 24 23 21 21 23 24 21 21 24 24 23 23 23 23 27 27 28 29 28 28 26 25 22 20 19 19 18 18 20 21 19 17 17 17 17
18 13 22 15 10 18 13 6 22 20 17 19 10 17 20 21 5 17 11 21 17 16 21 5 21 3 19 17 16 14 19 20 19 0 26 18 6 21 17 21 18 20 23 11 14 20 11 22 12 15 11 22 11 19 4 13 23 18 13 20 15 19 20 15 22 21 18 18 16 16 18 19 16 16 16 16 16 16 16 18 20 21 20 18 17 17 15 14 11 9 12 12 12 13 15 16 14 12 12 12 12
10 21 40 17 33 21 20 29 14 23 35 15 33 19 38 16 28 22 33 39 15 17 18 29 10 27 11 35 19 32 16 18 37 26 0 16 29 11 35 39 15 38 10 27 29 23 34 20 21 18 34 20 22 19 30 31 11 16 28 38 19 14 13 18 14 12 17 15 18 17 16 14 17 18 17 20 18 16 18 15 11 12 11 10 21 21 17 18 18 20 21 21 22 21 19 18 20 21 22 21 22
11 7 27 11 24 21 7 20 7 23 21 3 24 15 25 20 20 14 25 26 2 3 22 21 9 19 12 22 13 18 3 22 23 18 16 0 20 5 21 25 2 25 7 21 21 23 25 24 7 18 25 24 8 22 22 23 8 10 20 25 5 3 9 13 13 11 9 7 4 5 1 3 2 3 13 13 11 12 12 7 9 10 9 11 21 21 18 17 15 13 10 10 9 8 6 5 5 7 7 7 8
20 15 16 17 5 21 15 0 24 23 11 20 5 19 14 23 7 19 5 15 19 17 23 9 23 6 22 11 18 8 21 22 13 6 29 20 0 24 11 15 20 14 25 12 16 23 5 24 14 17 5 24 13 21 9 14 25 20 15 14 17 21 22 18 24 23 19 21 18 18 20 21 19 18 18 18 18 18 17 20 23 23 22 20 19 19 18 16 13 11 13 13 14 15 16 17 16 15 14 15 15
6 11 29 11 27 17 10 24 4 19 24 4 27 14 28 15 23 14 27 28 5 7 17 24 4 22 8 24 13 21 5 17 26 21 11 5 24 0 24 28 4 28 2 23 24 19 28 19 10 14 28 19 11 17 25 27 5 11 23 27 8 4 6 13 8 6 10 8 8 9 6 5 7 8 13 14 12 12 12 8 4 5 4 6 17 17 14 15 14 17 15 14 13 12 10 9 9 11 11 11 12
26 15 12 20 12 27 15 11 25 29 0 22 12 23 11 29 17 22 12 11 20 19 29 20 27 17 28 7 21 5 22 28 9 17 35 21 11 24 0 11 21 11 26 22 23 29 12 30 14 24 12 30 13 27 20 24 27 23 22 10 17 22 23 21 30 28 22 21 19 19 21 22 19 18 22 21 21 21 20 21 25 24 26 26 25 25 24 23 19 18 17 17 15 16 18 18 16 15 14 15 15
31 20 3 24 16 31 20 15 30 33 11 26 16 27 2 33 21 27 16 2 24 23 33 23 31 21 32 4 26 8 26 33 3 21 39 25 15 28 11 0 26 2 30 27 27 33 16 35 19 28 16 35 18 32 24 28 31 27 26 1 22 26 27 25 34 32 26 25 23 23 25 26 23 23 26 26 25 25 25 25 29 29 30 31 30 30 28 27 24 22 21 21 20 20 22 23 21 19 19 19 19
10 8 27 12 25 21 7 20 7 23 21 4 25 16 25 19 20 15 25 26 2 4 21 21 8 19 11 22 14 18 4 21 24 18 15 2 20 4 21 26 0 25 6 22 21 23 25 23 7 18 25 23 8 21 21 23 7 11 20 25 5 2 10 14 12 10 10 8 5 6 2 2 3 4 14 14 12 13 13 8 8 9 8 10 21 21 18 18 15 13 11 11 9 8 7 6 6 7 8 7 8
30 19 2 24 16 31 19 14 29 33 11 26 16 27 0 33 21 26 16 1 24 23 33 23 31 20 32 4 25 8 26 32 3 20 38 25 14 28 11 2 25 0 30 26 27 33 16 34 18 28 16 34 17 31 23 28 31 27 26 1 21 26 27 25 34 32 26 25 23 23 25 26 23 22 26 25 25 25 24 25 29 28 30 30 29 29 28 27 23 22 21 21 19 20 22 22 20 19 18 19 19
5 13 31 12 29 16 12 25 5 18 26 6 29 15 30 15 24 16 29 30 7 9 16 26 4 24 6 26 14 23 7 16 28 23 10 7 25 2 26 30 6 30 0 22 26 18 30 18 12 13 30 18 13 16 26 27 4 10 25 29 10 5 5 14 7 5 10 7 10 9 7 6 8 9 13 15 11 12 13 7 3 4 4 5 16 16 13 14 14 16 15 15 14 13 11 10 11 13 13 13 14
17 18 28 17 16 14 19 12 24 16 22 22 16 19 26 20 13 18 16 27 22 19 20 14 20 12 19 23 17 20 22 19 25 11 27 21 12 23 22 27 22 26 22 0 21 16 17 21 18 14 17 21 17 18 15 10 23 18 20 26 18 23 20 17 21 20 19 21 18 18 21 22 19 18 18 18 18 18 17 20 20 21 20 17 15 16 15 14 12 12 13 13 13 14 16 17 18 18 17 16 15
21 15 28 18 20 22 15 16 26 24 23 22 20 20 27 24 15 20 20 27 20 19 24 17 24 15 23 23 19 20 23 23 25 14 29 21 16 24 23 27 21 27 26 21 0 23 21 25 14 18 21 25 14 22 17 23 26 21 1 26 18 22 23 18 25 24 21 21 19 19 21 22 20 19 19 19 19 19 19 21 24 24 23 21 20 20 19 17 14 12 15 15 15 16 18 19 17 15 15 16 15
13 19 34 15 27 2 21 23 20 1 29 23 27 17 33 11 22 19 27 33 24 21 11 23 16 21 15 29 17 26 22 11 31 20 23 23 23 19 29 33 23 33 18 16 23 0 27 11 20 9 27 11 20 7 24 24 19 14 22 32 21 22 16 16 17 16 15 18 20 20 23 22 21 20 15 17 16 14 16 18 16 17 16 13 7 8 9 9 10 13 14 15 15 16 18 19 20 18 18 18 17
25 19 18 22 1 26 19 5 29 28 12 25 1 24 16 28 12 24 6 17 24 22 28 14 28 11 27 13 23 10 26 27 15 11 34 25 5 28 12 16 25 16 30 17 21 27 0 29 18 22 0 29 17 26 14 18 30 24 20 16 21 26 26 22 29 28 24 25 23 23 24 26 23 22 23 23 23 23 22 24 28 28 27 25 24 24 23 21 18 16 18 18 18 19 21 22 20 19 18 19 19
13 21 36 16 29 12 23 24 20 10 30 23 29 18 34 5 23 21 29 35 24 23 5 25 16 23 15 31 18 28 23 5 33 22 20 24 24 19 30 35 23 34 18 21 25 11 29 0 22 10 29 0 22 4 25 26 19 15 24 34 23 22 16 17 17 16 17 18 21 20 23 22 23 22 16 19 17 15 17 18 16 17 15 13 7 5 9 10 13 15 16 17 18 19 20 21 22 20 20 20 19
15 1 20 11 18 18 1 14 12 20 14 8 18 14 18 20 13 14 18 19 6 6 20 14 14 12 17 15 12 11 9 20 17 12 21 7 14 10 14 19 7 18 12 18 14 20 18 22 0 14 18 22 1 19 15 20 13 11 13 18 4 8 10 12 17 15 10 8 6 6 7 8 6 5 13 13 12 12 11 8 12 11 13 15 18 17 16 13 12 9 8 8 6 6 6 5 3 2 2 3 4
8 14 29 9 22 7 15 17 15 9 24 18 22 11 28 8 17 14 22 28 19 16 8 18 11 16 10 24 11 21 17 7 26 15 18 18 17 14 24 28 18 28 13 14 18 9 22 10 14 0 22 10 15 7 19 18 14 9 17 27 15 17 11 10 12 11 10 13 15 14 18 17 16 15 9 12 10 8 10 12 10 11 10 8 5 5 3 3 5 7 8 9 10 11 13 14 14 13 12 12 11
25 19 18 22 1 26 19 5 29 28 12 25 1 24 16 28 12 24 6 17 24 22 28 14 28 11 27 13 23 10 26 27 15 11 34 25 5 28 12 16 25 16 30 17 21 27 0 29 18 22 0 29 17 26 14 18 30 24 20 16 21 26 26 22 29 28 24 25 23 23 24 26 23 22 23 23 23 23 22 24 28 28 27 25 24 24 23 21 18 16 18 18 18 19 21 22 20 19 18 19 19
13 21 36 16 29 12 23 24 20 10 30 23 29 18 34 5 23 21 29 35 24 23 5 25 16 23 15 31 18 28 23 5 33 22 20 24 24 19 30 35 23 34 18 21 25 11 29 0 22 10 29 0 22 4 25 26 19 15 24 34 23 22 16 17 17 16 17 18 21 20 23 22 23 22 16 19 17 15 17 18 16 17 15 13 7 5 9 10 13 15 16 17 18 19 20 21 22 20 20 20 19
16 2 19 11 18 18 2 13 13 20 13 9 18 14 17 21 12 14 17 18 7 7 21 14 15 12 18 14 12 11 10 20 16 11 22 8 13 11 13 18 8 17 13 17 14 20 17 22 1 15 17 22 0 19 14 19 14 12 13 17 5 9 11 12 18 16 11 9 7 7 8 9 7 6 13 13 12 12 11 9 13 12 14 16 17 17 15 14 11 9 8 8 6 6 7 6 4 3 3 4 4
11 18 33 13 26 8 20 21 17 6 27 21 26 15 31 4 20 18 26 32 22 20 4 22 14 20 13 28 15 25 20 4 30 19 19 22 21 17 27 32 21 31 16 18 22 7 26 4 19 7 26 4 19 0 22 25 17 12 21 31 20 20 13 14 15 14 14 15 18 17 21 20 20 19 13 16 14 12 14 15 13 14 13 11 4 2 6 7 10 12 13 14 15 16 17 18 19 17 17 17 16
21 16 25 19 14 22 16 9 26 24 20 22 14 21 23 24 8 20 14 24 20 19 24 8 24 6 23 20 19 17 23 23 22 4 30 22 9 25 20 24 21 23 26 15 17 24 14 25 15 19 14 25 14 22 0 16 26 21 16 23 18 23 23 19 25 24 21 22 20 20 21 23 20 19 20 19 20 20 19 21 24 25 24 21 20 20 19 18 14 13 15 15 16 17 18 19 17 16 15 16 16
25 20 30 18 18 22 21 14 26 24 24 23 18 21 28 26 14 20 18 29 24 20 26 16 25 14 24 25 19 21 24 25 26 13 31 23 14 27 24 28 23 28 27 10 23 24 18 26 20 18 18 26 19 25 16 0 28 21 22 28 20 24 25 20 29 28 21 23 22 22 23 24 22 21 20 21 19 19 19 24 27 27 27 25 23 23 21 21 18 16 17 17 17 18 20 21 21 21 21 20 19
6 14 32 12 29 17 12 25 5 19 27 7 29 16 31 16 24 17 30 31 8 9 17 26 5 24 6 27 14 24 8 17 29 23 11 8 25 5 27 31 7 31 4 23 26 19 30 19 13 14 30 19 14 17 26 28 0 11 25 30 11 7 6 14 8 6 11 8 11 10 9 8 10 10 14 15 12 13 13 8 5 5 5 6 18 18 14 15 15 17 17 16 15 14 12 11 12 13 14 13 14
8 10 28 3 24 13 12 20 7 15 23 9 24 5 27 12 19 8 24 27 11 8 13 21 9 19 9 23 5 20 8 12 25 18 16 10 20 11 23 27 11 27 10 18 21 14 24 15 11 9 24 15 12 12 21 21 11 0 20 26 9 12 6 4 12 11 2 5 7 6 11 11 9 8 3 6 4 2 4 4 8 7 9 8 11 11 8 8 8 10 8 7 8 7 8 8 9 11 11 10 10
20 14 27 17 19 21 14 15 25 23 22 21 19 19 26 23 14 19 19 26 19 18 23 16 23 14 22 22 18 19 22 22 24 13 28 20 15 23 22 26 20 26 25 20 1 22 20 24 13 17 20 24 13 21 16 22 25 20 0 25 17 21 22 17 24 23 20 20 18 18 20 21 19 18 18 18 18 18 18 20 23 23 22 20 19 19 18 16 13 11 14 14 14 15 17 18 16 14 14 15 14
30 19 3 23 16 30 19 14 29 32 10 25 16 26 1 33 21 26 16 2 24 22 33 23 30 20 31 4 25 7 26 32 2 20 38 25 14 27 10 1 25 1 29 26 26 32 16 34 18 27 16 34 17 31 23 28 30 26 25 0 21 25 26 25 34 32 25 25 22 22 24 25 23 22 25 25 24 24 24 24 28 28 29 30 29 29 27 26 23 21 20 20 19 20 21 22 20 18 18 19 19
13 4 23 9 21 19 5 17 10 21 17 6 21 13 21 20 16 12 21 22 5 3 21 18 12 16 15 18 11 15 6 21 20 15 19 5 17 8 17 22 5 21 10 18 18 21 21 23 4 15 21 23 5 20 18 20 11 9 17 21 0 6 8 11 15 13 8 6 4 4 5 6 3 3 11 11 10 10 10 6 10 9 11 13 18 18 16 14 12 10 8 8 6 5 4 3 1 3 3 4 5
9 9 27 13 25 20 8 21 7 22 22 3 25 16 26 18 21 16 25 26 3 4 20 22 8 20 10 22 15 19 4 19 24 19 14 3 21 4 22 26 2 26 5 23 22 22 26 22 8 17 26 22 9 20 23 24 7 12 21 25 6 0 9 15 11 9 11 9 6 7 3 2 5 5 15 15 13 14 14 9 7 8 8 9 20 20 17 18 16 14 12 12 10 9 8 7 7 8 9 8 9
7 9 28 7 26 14 11 22 4 16 23 8 26 10 27 12 21 12 26 27 10 7 13 23 4 21 7 23 9 20 7 13 25 20 13 9 22 6 23 27 10 27 5 20 23 16 26 16 10 11 26 16 11 13 23 25 6 6 22 26 8 9 0 9 8 6 5 2 5 4 9 9 7 6 8 10 6 7 8 2 3 2 4 7 14 14 11 11 11 13 11 10 9 8 6 5 7 9 9 9 10
10 12 27 2 22 14 13 18 11 16 21 13 22 3 25 15 17 4 22 26 15 11 15 18 13 16 11 22 1 18 12 14 23 15 18 13 18 13 21 25 14 25 14 17 18 16 22 17 12 10 22 17 12 14 19 20 14 4 17 25 11 15 9 0 13 13 5 7 9 9 13 14 11 10 1 3 3 2 2 8 12 11 12 10 14 14 10 11 10 8 6 6 7 7 8 8 11 11 10 10 9
4 17 36 12 29 15 18 24 10 17 30 12 29 14 34 13 23 17 29 35 13 14 15 25 6 23 6 31 14 27 13 14 32 22 14 13 24 8 30 34 12 34 7 21 25 17 29 17 17 12 29 17 18 15 25 29 8 12 24 34 15 11 8 13 0 2 13 10 13 12 14 13 15 14 12 15 13 11 13 10 6 7 6 4 15 15 12 13 12 15 16 16 17 16 14 13 15 16 17 17 17
3 15 34 12 28 14 16 23 8 16 28 10 28 14 32 13 22 17 28 33 11 12 14 24 4 22 5 29 14 25 11 14 30 21 12 11 23 6 28 32 10 32 5 20 24 16 28 16 15 11 28 16 16 14 24 28 6 11 23 32 13 9 6 13 2 0 11 8 11 10 12 11 13 12 12 15 12 11 13 8 4 5 5 3 15 15 12 12 12 14 15 16 15 14 12 11 13 14 15 15 15
9 10 27 3 24 13 11 19 7 15 22 8 24 6 26 14 19 7 24 26 11 8 14 21 9 19 11 22 5 19 8 14 24 18 17 9 19 10 22 26 10 26 10 19 21 15 24 17 10 10 24 17 11 14 21 21 11 2 20 25 8 11 5 5 13 11 0 4 7 6 10 9 9 8 5 6 2 4 3 4 8 7 9 9 13 13 10 10 9 10 7 7 7 6 7 7 9 11 10 9 9
9 8 27 5 24 16 9 21 5 18 21 7 24 8 25 14 20 10 25 26 9 6 15 21 6 19 9 22 7 18 6 15 23 18 15 7 21 8 21 25 8 25 7 21 21 18 25 18 8 13 25 18 9 15 22 23 8 5 20 25 6 9 2 7 10 8 4 0 6 5 8 9 7 7 6 8 4 5 6 3 5 4 6 9 14 14 11 11 10 12 9 9 8 7 7 6 7 9 9 9 10
11 5 24 7 22 18 7 18 8 20 19 4 22 11 23 17 17 10 22 23 6 2 18 19 9 17 12 19 9 16 5 18 21 16 18 4 18 8 19 23 5 23 10 18 19 20 23 21 6 15 23 21 7 18 20 22 11 7 18 22 4 6 5 9 13 11 7 6 0 1 5 6 3 2 9 9 8 8 8 3 8 7 9 11 17 17 14 13 12 10 7 6 5 4 2 1 3 4 5 4 5
10 5 24 8 22 18 7 18 7 20 19 5 22 10 23 16 17 11 22 23 6 3 17 19 8 17 11 19 9 16 4 17 21 16 17 5 18 9 19 23 6 23 9 18 19 20 23 20 6 14 23 20 7 17 20 22 10 6 18 22 4 7 4 9 12 10 6 5 1 0 6 6 4 3 8 9 7 7 8 2 7 6 8 10 16 16 13 13 12 10 7 7 5 5 3 2 4 5 6 5 6
10 7 26 11 24 21 6 20 7 23 21 3 24 14 25 20 19 14 24 25 3 3 21 21 10 19 12 21 13 18 4 21 23 18 16 1 20 6 21 25 2 25 7 21 21 23 24 23 7 18 24 23 8 21 21 23 9 11 20 24 5 3 9 13 14 12 10 8 5 6 0 2 2 3 12 13 11 11 11 7 9 9 9 10 21 21 17 17 15 13 10 10 9 8 6 5 5 7 7 7 8
9 8 27 12 25 20 8 21 7 22 22 2 25 15 26 18 21 15 25 26 3 4 20 22 9 20 11 22 14 19 3 20 24 19 14 3 21 5 22 26 2 26 6 22 22 22 26 22 8 17 26 22 9 20 23 24 8 11 21 25 6 2 9 14 13 11 9 9 6 6 2 0 4 4 14 14 11 13 12 8 7 8 7 9 20 20 17 18 16 14 12 11 10 9 7 6 7 8 8 8 9
11 6 25 9 23 19 6 19 7 21 19 3 23 13 23 19 18 12 23 24 4 2 20 20 11 17 13 20 11 16 3 20 21 16 17 2 19 7 19 23 3 23 8 19 20 21 23 23 6 16 23 23 7 20 20 22 10 9 19 23 3 5 7 11 15 13 9 7 3 4 2 4 0 1 11 11 10 10 10 5 10 9 10 11 19 19 16 15 13 11 9 8 7 6 4 3 4 5 6 5 6
12 5 24 8 22 18 6 18 8 20 18 4 22 12 22 18 17 11 22 23 5 1 19 19 10 17 13 19 10 16 4 19 21 16 18 3 18 8 18 23 4 22 9 18 19 20 22 22 5 15 22 22 6 19 19 21 10 8 18 22 3 5 6 10 14 12 8 7 2 3 3 4 1 0 10 10 9 9 9 4 9 8 10 12 18 18 15 14 13 11 8 7 6 5 3 2 3 5 5 5 6
9 12 27 2 23 13 14 18 10 15 22 12 23 2 26 14 18 5 23 26 14 11 14 19 12 17 10 22 2 19 11 13 24 16 17 13 18 13 22 26 14 26 13 18 19 15 23 16 13 9 23 16 13 13 20 20 14 3 18 25 11 15 8 1 12 12 5 6 9 8 12 14 11 10 0 4 3 1 3 7 11 10 11 9 13 13 9 10 9 9 7 6 7 7 8 8 11 11 11 10 9
12 12 27 3 23 15 14 18 12 17 21 13 23 4 25 16 17 2 23 26 15 11 17 19 14 17 13 22 2 19 13 16 24 16 20 13 18 14 21 26 14 25 15 18 19 17 23 19 13 12 23 19 13 16 19 21 15 6 18 25 11 15 10 3 15 15 6 8 9 9 13 14 11 10 4 0 4 4 4 10 13 12 14 12 15 15 12 13 10 8 6 6 7 7 8 8 11 11 11 10 9
10 11 26 1 22 14 13 18 9 16 21 10 22 5 25 14 18 6 22 25 13 10 15 19 10 17 11 21 3 18 10 14 23 16 18 11 18 12 21 25 12 25 11 18 19 16 23 17 12 10 23 17 12 14 20 19 12 4 18 24 10 13 6 3 13 12 2 4 8 7 11 11 10 9 3 4 0 2 2 6 9 8 10 10 13 13 10 11 10 8 6 5 6 6 7 7 10 10 10 9 8
8 11 26 1 22 12 13 18 9 14 21 11 22 3 25 13 18 6 22 25 13 10 13 19 11 17 9 21 3 18 10 12 23 16 16 12 18 12 21 25 13 25 12 18 19 14 23 15 12 8 23 15 12 12 20 19 13 2 18 24 10 14 7 2 11 11 4 5 8 7 11 13 10 9 1 4 2 0 2 6 10 9 10 8 12 12 8 9 8 8 6 5 6 6 7 7 10 10 10 9 8
10 11 26 1 22 14 12 17 10 16 20 11 22 4 24 14 17 5 22 25 14 10 15 19 12 17 11 21 2 18 11 14 23 16 18 12 17 12 20 25 13 24 13 17 19 16 22 17 11 10 22 17 11 14 19 19 13 4 18 24 10 14 8 2 13 13 3 6 8 8 11 12 10 9 3 4 2 2 0 6 10 9 11 10 13 13 10 10 10 8 5 5 6 6 7 7 9 10 9 9 8
9 7 26 7 24 16 9 20 5 18 21 6 24 9 25 14 19 11 24 25 8 5 15 21 6 19 9 21 8 18 5 15 23 18 15 7 20 8 21 25 8 25 7 20 21 18 24 18 8 12 24 18 9 15 21 24 8 4 20 24 6 9 2 8 10 8 4 3 3 2 7 8 5 4 7 10 6 6 6 0 5 4 6 9 14 14 11 11 11 12 9 9 7 7 5 4 6 7 8 7 8
4 11 30 10 27 14 13 23 6 16 25 8 27 13 29 12 22 15 28 29 9 10 13 24 2 22 5 25 12 22 9 13 27 20 11 9 23 4 25 29 8 29 3 20 24 16 28 16 12 10 28 16 13 13 24 27 5 8 23 28 10 7 3 12 6 4 8 5 8 7 9 7 10 9 11 13 9 10 10 5 0 1 1 4 14 14 11 11 11 14 13 12 11 10 8 7 9 10 11 11 11
5 11 30 9 28 15 12 23 5 17 24 9 28 12 28 13 23 14 28 29 10 9 14 24 3 22 6 25 11 22 9 14 27 21 12 10 23 5 24 29 9 28 4 21 24 17 28 17 11 11 28 17 12 14 25 27 5 7 23 28 9 8 2 11 7 5 7 4 7 6 9 8 9 8 10 12 8 9 9 4 1 0 2 5 15 15 11 12 12 14 12 11 10 9 7 6 8 10 10 10 11
3 12 31 11 27 14 14 22 6 16 26 8 27 13 30 11 22 16 27 30 9 11 13 23 2 21 5 26 13 23 9 13 28 20 11 9 22 4 26 30 8 30 4 20 23 16 27 15 13 10 27 15 14 13 24 27 5 9 22 29 11 8 4 12 6 5 9 6 9 8 9 7 10 10 11 14 10 10 11 6 1 2 0 3 14 14 11 11 11 13 14 13 12 11 9 8 10 11 12 12 12
0 15 32 9 25 11 15 20 7 13 26 10 25 11 30 10 19 14 25 31 11 12 11 21 3 19 2 27 11 24 11 11 29 18 10 11 20 6 26 31 10 30 5 17 21 13 25 13 15 8 25 13 16 11 21 25 6 8 20 30 13 9 7 10 4 3 9 9 11 10 10 9 11 12 9 12 10 8 10 9 4 5 3 0 12 12 9 9 9 11 12 13 14 13 12 11 12 14 14 14 15
12 17 31 12 24 7 19 19 18 6 25 20 24 15 29 8 18 17 24 30 22 18 8 20 15 18 14 26 14 23 19 8 28 17 21 21 19 17 25 30 21 29 16 15 20 7 24 7 18 5 24 7 17 4 20 23 18 11 19 29 18 20 14 14 15 15 13 14 17 16 21 20 19 18 13 15 13 12 13 14 14 15 14 12 0 4 8 8 10 12 13 14 15 16 18 18 19 18 17 17 16
12 17 31 12 24 8 18 19 18 7 25 20 24 15 29 6 18 17 24 30 22 18 6 20 15 18 13 26 14 23 19 6 28 17 21 21 19 17 25 30 21 29 16 16 20 8 24 5 17 5 24 5 17 2 20 23 18 11 19 29 18 20 14 14 15 15 13 14 17 16 21 20 19 18 13 15 13 12 13 14 14 15 14 12 4 0 5 5 8 10 11 12 13 14 15 16 17 16 15 15 14
9 15 29 9 22 7 17 18 15 9 24 17 22 11 28 7 17 14 23 28 19 16 7 19 11 16 10 24 11 21 16 6 26 15 17 18 18 14 24 28 18 28 13 15 19 9 23 9 16 3 23 9 15 6 19 21 14 8 18 27 16 17 11 10 12 12 10 11 14 13 17 17 16 15 9 12 10 8 10 11 11 11 11 9 8 5 0 5 6 9 10 11 11 12 14 15 16 14 14 14 13
9 12 28 10 21 7 14 16 15 9 23 17 21 12 27 9 16 14 21 27 18 15 9 17 12 15 11 23 12 20 16 9 25 14 18 17 16 15 23 27 18 27 14 14 17 9 21 10 13 3 21 10 14 7 18 21 15 8 16 26 14 18 11 11 13 12 10 11 13 13 17 18 15 14 10 13 11 9 10 11 11 12 11 9 8 5 5 0 4 6 7 8 9 10 11 12 13 11 11 11 10
9 11 25 9 18 8 13 13 15 10 19 15 18 11 23 11 12 11 18 24 16 12 11 14 12 12 11 20 10 17 16 10 22 11 18 15 13 14 19 24 15 23 14 12 14 10 18 13 12 5 18 13 11 10 14 18 15 8 13 23 12 16 11 10 12 12 9 10 12 12 15 16 13 13 9 10 10 8 10 11 11 12 11 9 10 8 6 4 0 3 6 7 8 9 10 11 12 10 10 10 9
11 9 23 7 16 11 10 11 15 13 18 13 16 10 22 13 11 9 16 22 14 10 13 12 14 10 13 18 8 15 14 13 20 9 20 13 11 17 18 22 13 22 16 12 12 13 16 15 9 7 16 15 9 12 13 16 17 10 11 21 10 14 13 8 15 14 10 12 10 10 13 14 11 11 9 8 8 8 8 12 14 14 13 11 12 10 9 6 3 0 3 4 5 6 8 9 9 8 7 8 7
12 8 22 5 18 12 9 13 13 14 17 11 18 8 21 14 13 7 18 21 11 8 14 15 15 13 14 17 6 14 11 14 19 12 21 10 13 15 17 21 11 21 15 13 15 14 18 16 8 8 18 16 8 13 15 17 17 8 14 20 8 12 11 6 16 15 7 9 7 7 10 12 9 8 7 6 6 6 5 9 13 12 14 12 13 11 10 7 6 3 0 1 2 3 5 6 7 7 6 5 4
13 7 22 4 18 13 9 13 12 15 17 10 18 7 21 15 13 7 18 21 11 8 15 15 14 13 14 17 5 14 10 15 19 12 21 10 13 14 17 21 11 21 15 13 15 15 18 17 8 9 18 17 8 14 15 17 16 7 14 20 8 12 10 6 16 16 7 9 6 7 10 11 8 7 6 6 5 5 5 9 12 11 13 13 14 12 11 8 7 4 1 0 2 3 4 5 7 7 6 5 4
14 6 21 5 18 13 7 14 12 15 15 9 18 8 19 16 14 8 18 20 10 6 16 15 13 13 15 16 6 13 9 15 18 12 22 9 14 13 15 20 9 19 14 13 15 15 18 18 6 10 18 18 6 15 16 17 15 8 14 19 6 10 9 7 17 15 7 8 5 5 9 10 7 6 7 7 6 6 6 7 11 10 12 14 15 13 11 9 8 5 2 2 0 1 3 4 5 5 4 3 2
13 6 22 5 19 14 7 15 11 16 16 8 19 8 20 17 14 8 19 21 9 5 17 16 12 14 15 17 7 13 8 16 18 13 21 8 15 12 16 20 8 20 13 14 16 16 19 19 6 11 19 19 6 16 17 18 14 7 15 20 5 9 8 7 16 14 6 7 4 5 8 9 6 5 7 7 6 6 6 7 10 9 11 13 16 14 12 10 9 6 3 3 1 0 2 3 4 5 4 3 3
12 6 23 6 21 16 7 16 9 18 18 6 21 9 22 18 16 9 21 22 8 4 19 18 10 16 13 18 8 15 6 18 20 15 19 6 16 10 18 22 7 22 11 16 18 18 21 20 6 13 21 20 7 17 18 20 12 8 17 21 4 8 6 8 14 12 7 7 2 3 6 7 4 3 8 8 7 7 7 5 8 7 9 12 18 15 14 11 10 8 5 4 3 2 0 1 4 5 4 4 4
11 5 24 6 22 17 6 17 8 19 18 5 22 10 22 17 17 9 22 23 7 3 18 19 9 17 12 19 8 16 5 18 21 16 18 5 17 9 18 23 6 22 10 17 19 19 22 21 5 14 22 21 6 18 19 21 11 8 18 22 3 7 5 8 13 11 7 6 1 2 5 6 3 2 8 8 7 7 7 4 7 6 8 11 18 16 15 12 11 9 6 5 4 3 1 0 3 4 4 4 5
12 3 22 9 20 18 4 16 10 20 16 6 20 12 20 19 15 12 20 21 6 3 20 17 11 15 14 17 10 14 6 20 19 14 20 5 16 9 16 21 6 20 11 18 17 20 20 22 3 14 20 22 4 19 17 21 12 9 16 20 1 7 7 11 15 13 9 7 3 4 5 7 4 3 11 11 10 10 9 6 9 8 10 12 19 17 16 13 12 9 7 7 5 4 4 3 0 2 2 3 4
14 1 20 9 18 16 3 15 11 18 15 7 18 12 19 19 14 12 18 19 7 4 19 15 12 13 15 15 11 12 8 18 17 12 21 7 15 11 15 19 7 19 13 18 15 18 19 20 2 13 19 20 3 17 16 21 13 11 14 18 3 8 9 11 16 14 11 9 4 5 7 8 5 5 11 11 10 10 10 7 10 10 11 14 18 16 14 11 10 8 7 7 5 5 5 4 2 0 1 2 3
14 2 20 9 18 16 3 14 12 18 14 8 18 12 18 18 13 12 18 19 8 5 18 15 13 13 16 15 10 12 8 18 17 12 22 7 14 11 14 19 8 18 13 17 15 18 18 20 2 12 18 20 3 17 15 21 14 11 14 18 3 9 9 10 17 15 10 9 5 6 7 8 6 5 11 11 10 10 9 8 11 10 12 14 17 15 14 11 10 7 6 6 4 4 4 4 2 1 0 1 2
14 3 21 8 19 16 4 15 11 18 15 7 19 11 19 18 14 11 19 20 8 4 18 16 13 13 16 16 9 12 8 18 17 12 21 7 15 11 15 19 7 19 13 16 16 18 19 20 3 12 19 20 4 17 16 20 13 10 15 19 4 8 9 10 17 15 9 9 4 5 7 8 5 5 10 10 9 9 9 7 11 10 12 14 17 15 14 11 10 8 5 5 3 3 4 4 3 2 1 0 1
15 4 21 7 18 15 5 15 12 17 15 8 18 10 19 17 14 10 19 20 9 5 17 15 13 13 16 16 8 12 9 17 17 12 22 8 15 12 15 19 8 19 14 15 15 17 19 19 4 11 19 19 4 16 16 19 14 10 14 19 5 9 10 9 17 15 9 10 5 6 8 9 6 6 9 9 8 8 8 8 11 11 12 15 16 14 13 10 9 7 4 4 2 3 4 5 4 3 2 1 0