0 14 11 30 6 9 13 9 30 29 14 5 14 8 16 11 27 13 9 30 11 10 27 20 26 29 13 18 5 17 12 13 31 8 11 15 8 34 8 10 31 24 9 29 12 15 13 9 14 24 2 9 11 17 9 9 25 19 6 30 21 8 7 10 4 3 9 9 11 10 10 9 11 12 9 12 10 8 10 9 4 5 3 0 12 12 9 9 9 11 12 13 14 13 12 11 12 14 14 14 15
14 0 23 31 18 23 7 12 31 30 22 18 12 19 9 19 28 5 22 31 17 17 28 19 27 30 7 19 18 11 21 20 32 21 5 12 22 35 21 16 32 21 12 30 6 8 20 22 14 21 16 23 14 11 23 15 22 18 19 31 21 22 17 16 18 17 15 18 20 20 24 23 22 21 15 18 16 14 17 18 16 17 16 14 9 10 9 10 11 13 14 15 16 17 18 19 20 19 18 18 17
11 23 0 25 17 5 23 20 25 24 7 9 18 5 20 4 22 22 4 25 10 7 22 21 21 24 18 13 16 21 6 6 26 6 21 19 4 29 6 13 26 24 19 24 18 20 4 5 24 24 10 5 22 21 4 13 25 20 5 25 21 4 9 13 13 11 9 7 4 5 3 3 3 3 13 13 11 12 12 7 9 10 9 11 21 21 18 17 15 13 11 10 9 8 6 5 5 7 7 7 8
30 31 25 0 35 26 33 32 2 3 21 31 27 27 25 23 5 30 26 1 25 25 5 22 7 1 27 18 34 26 25 21 1 28 31 28 26 8 28 25 1 16 30 3 27 26 25 27 34 16 32 26 33 26 25 27 16 21 28 2 26 26 27 25 34 32 26 25 23 23 25 26 23 22 26 26 25 25 24 25 29 28 30 30 29 29 28 27 23 22 21 21 19 20 22 22 20 19 18 19 19
6 18 17 35 0 15 16 9 35 33 20 10 20 14 22 16 32 17 15 35 16 15 32 24 31 34 19 22 6 23 17 18 36 12 17 21 14 39 12 15 36 29 8 33 17 21 17 14 11 29 7 15 8 23 15 14 29 24 12 35 25 14 11 15 10 9 14 13 16 15 16 15 17 17 14 18 15 13 16 13 10 10 9 6 13 11 10 13 14 16 17 18 19 19 17 16 18 20 20 20 20
9 23 5 26 15 0 22 18 26 24 6 7 20 7 20 6 23 22 1 26 12 9 23 21 22 25 19 12 14 22 8 6 27 3 20 20 1 30 4 15 27 25 18 24 19 21 6 2 23 24 8 0 20 22 1 15 25 20 4 26 21 1 10 15 12 10 11 9 6 6 3 2 4 5 14 15 13 13 14 8 8 9 8 9 21 21 18 18 16 14 11 11 10 9 8 7 6 8 8 8 9
13 7 23 33 16 22 0 13 33 31 23 18 17 19 14 20 29 6 22 33 17 17 29 22 29 32 12 20 18 16 22 21 34 21 2 17 21 36 21 16 34 27 10 31 11 13 22 22 9 26 15 22 8 15 22 16 27 21 19 33 23 21 16 16 17 16 15 18 20 20 23 22 21 20 15 17 16 14 17 18 16 17 15 13 6 7 9 9 10 12 14 15 15 16 18 19 20 18 18 18 17
9 12 20 32 9 18 13 0 32 30 22 14 16 16 17 17 29 11 18 32 15 15 29 21 28 31 15 19 14 19 18 19 33 17 12 17 17 36 17 13 33 26 3 30 13 16 18 18 8 25 11 18 5 19 18 13 26 20 15 32 22 17 12 13 13 12 13 14 17 16 19 18 18 18 12 16 13 11 14 14 12 12 11 9 9 8 5 8 9 11 13 14 14 15 17 17 19 17 17 17 16
30 31 25 2 35 26 33 32 0 3 22 31 27 27 25 23 5 30 26 2 25 25 5 22 7 1 27 18 34 26 25 21 3 28 31 28 26 8 28 25 3 16 30 3 27 26 25 27 34 15 32 26 33 26 25 27 16 21 28 0 26 26 27 25 34 32 26 25 23 23 25 26 23 22 26 26 25 25 24 25 29 28 30 30 29 29 28 27 23 22 21 21 19 20 22 22 20 19 18 19 19
29 30 24 3 33 24 31 30 3 0 20 30 25 25 23 22 2 29 24 3 23 23 2 20 6 2 25 16 33 25 23 20 4 26 29 26 24 7 26 23 4 14 29 0 25 24 24 25 32 14 30 24 31 24 24 25 14 20 26 3 24 24 25 23 32 30 24 23 21 21 23 24 21 21 24 24 23 23 23 23 27 27 28 29 28 28 26 25 22 20 19 19 18 18 20 21 19 17 17 17 17
14 22 7 21 20 6 23 22 22 20 0 12 18 9 19 7 19 21 6 22 14 11 19 17 19 21 18 9 19 21 9 5 22 8 21 19 6 26 9 15 22 20 21 20 18 20 9 7 25 20 13 6 23 21 5 15 21 16 9 22 17 6 11 15 17 15 12 9 6 7 6 7 5 5 15 15 13 14 14 9 13 13 13 14 20 20 19 16 14 12 11 11 9 9 8 7 6 5 5 6 7
5 18 9 31 10 7 18 14 31 30 12 0 19 7 21 10 28 17 7 31 12 9 28 25 27 30 18 19 10 22 11 12 32 6 16 20 6 35 6 14 32 29 14 30 17 20 11 7 19 29 3 7 16 22 7 14 30 24 4 31 25 6 5 14 7 5 10 7 10 9 9 7 10 11 13 16 11 12 13 7 3 4 4 5 16 16 13 14 13 16 16 15 14 13 11 10 12 13 14 14 14
14 12 18 27 20 20 17 16 27 25 18 19 0 18 8 16 24 15 20 27 16 16 24 14 23 26 5 14 19 9 18 16 28 22 15 4 20 31 22 15 28 17 15 25 6 7 18 21 18 17 16 20 17 10 19 16 17 13 20 27 18 20 17 14 18 17 16 17 15 15 18 19 16 15 14 14 14 14 14 17 17 18 16 14 13 13 12 10 9 7 10 10 10 11 13 14 15 14 14 13 12
8 19 5 27 14 7 19 16 27 25 9 7 18 0 20 7 24 18 7 27 5 2 24 22 23 26 18 15 13 21 6 9 28 7 17 19 6 31 8 8 28 26 16 25 17 20 6 7 20 25 8 7 18 21 6 9 26 21 4 27 23 6 5 9 11 9 4 5 7 6 6 5 5 6 8 9 6 7 7 4 7 6 7 8 17 17 13 14 13 12 9 9 8 7 7 7 8 10 10 10 10
16 9 20 25 22 20 14 17 25 23 19 21 8 20 0 17 21 12 21 25 17 18 21 11 21 24 3 15 21 2 19 16 26 23 12 9 21 28 24 16 26 14 16 23 7 2 19 22 19 14 18 20 18 2 20 18 15 11 22 25 19 21 18 16 20 19 17 19 16 17 19 21 17 17 16 16 16 16 15 19 18 19 18 16 13 14 13 12 10 10 11 11 12 13 14 15 16 16 15 14 13
11 19 4 23 16 6 20 17 23 22 7 10 16 7 17 0 20 18 6 23 7 6 20 19 19 22 16 11 16 19 2 3 24 9 18 16 7 27 8 9 24 22 16 22 16 18 2 8 21 22 10 6 18 19 6 9 22 18 8 23 19 7 5 10 12 10 5 3 1 1 5 6 3 3 9 10 7 8 8 3 8 7 8 11 17 17 14 14 13 11 8 7 6 5 3 2 3 5 5 5 6
27 28 22 5 32 23 29 29 5 2 19 28 24 24 21 20 0 27 23 5 22 22 0 19 4 4 23 14 31 23 22 18 6 25 28 25 23 8 25 22 6 12 27 2 23 23 22 24 31 12 29 23 29 23 22 24 13 18 25 5 23 23 24 22 31 29 23 22 20 20 22 23 20 19 23 22 22 22 21 22 26 25 27 27 26 26 25 23 20 18 18 17 16 17 18 19 17 16 15 16 16
13 5 22 30 17 22 6 11 30 29 21 17 15 18 12 18 27 0 21 30 16 16 27 20 26 29 10 18 17 13 20 19 31 20 4 15 21 34 20 15 31 24 10 29 9 11 19 21 14 24 15 22 13 13 22 14 25 19 18 30 20 21 16 15 17 16 15 18 19 19 23 22 21 20 14 17 15 13 16 17 16 16 15 13 8 9 9 9 10 12 13 14 15 16 18 19 19 18 17 18 17
9 22 4 26 15 1 22 18 26 24 6 7 20 7 21 6 23 21 0 26 12 9 23 21 22 25 19 13 14 22 8 6 27 3 20 20 1 30 4 15 27 25 17 24 19 21 6 2 23 25 8 1 20 22 1 15 25 20 3 26 21 1 9 15 11 9 11 9 6 6 3 2 4 5 14 15 13 13 14 8 7 8 7 9 20 20 17 18 16 14 12 12 10 9 8 7 6 8 8 8 9
30 31 25 1 35 26 33 32 2 3 22 31 27 27 25 23 5 30 26 0 25 25 5 22 7 1 27 18 34 26 25 21 2 28 31 28 26 8 28 25 2 16 30 3 27 26 25 27 34 16 32 26 33 26 25 27 16 21 28 2 26 26 27 25 34 32 26 25 23 23 25 26 23 22 26 26 25 25 24 25 29 28 30 30 29 29 28 27 23 22 21 21 19 20 22 22 20 19 18 19 19
11 17 10 25 16 12 17 15 25 23 14 12 16 5 17 7 22 16 12 25 0 3 22 19 21 24 15 13 15 19 8 10 26 12 15 16 11 29 13 5 26 23 14 23 15 17 9 12 19 23 11 12 16 18 11 6 23 19 9 25 20 11 7 5 15 13 2 6 8 8 11 10 10 9 5 6 2 4 3 6 10 9 11 11 15 15 12 12 11 9 7 6 7 6 7 7 10 10 9 9 8
10 17 7 25 15 9 17 15 25 23 11 9 16 2 18 6 22 16 9 25 3 0 22 20 21 24 16 13 15 19 5 8 26 9 15 17 8 29 10 6 26 24 14 23 15 18 7 9 18 23 9 9 16 19 8 7 24 19 6 25 21 8 5 7 12 10 2 4 6 5 8 7 7 7 6 7 4 5 5 3 7 6 8 10 15 15 11 12 11 10 7 7 6 5 5 5 8 9 9 8 8
27 28 22 5 32 23 29 29 5 2 19 28 24 24 21 20 0 27 23 5 22 22 0 19 4 4 23 14 31 23 22 18 6 25 28 25 23 8 25 22 6 12 27 2 23 23 22 24 31 12 29 23 29 23 22 24 13 18 25 5 23 23 24 22 31 29 23 22 20 20 22 23 20 19 23 22 22 22 21 22 26 25 27 27 26 26 25 23 20 18 18 17 16 17 18 19 17 16 15 16 16
20 19 21 22 24 21 22 21 22 20 17 25 14 22 11 19 19 20 21 22 19 20 19 0 20 21 14 13 24 13 20 17 23 23 20 15 21 26 23 17 23 12 20 20 16 13 21 22 23 11 22 21 22 13 21 20 12 7 23 22 15 21 22 17 24 23 20 20 18 18 20 21 18 18 18 18 18 18 18 20 23 23 22 20 19 19 17 16 13 11 14 14 14 15 17 18 16 14 14 14 14
26 27 21 7 31 22 29 28 7 6 19 27 23 23 21 19 4 26 22 7 21 21 4 20 0 6 23 14 30 22 21 17 8 24 27 24 22 11 24 21 8 12 26 6 23 22 21 23 30 11 28 22 29 22 22 23 12 19 24 7 22 22 23 21 30 28 22 21 19 19 21 22 19 18 22 22 21 21 20 21 25 24 26 26 25 25 24 23 19 18 17 17 15 16 18 18 16 15 14 15 15
29 30 24 1 34 25 32 31 1 2 21 30 26 26 24 22 4 29 25 1 24 24 4 21 6 0 26 17 33 25 24 20 2 27 30 27 25 7 27 24 2 15 29 2 26 25 24 26 33 15 31 25 32 25 24 26 15 20 27 1 25 25 26 24 33 31 25 24 22 22 24 25 22 21 25 25 24 24 23 24 28 27 29 29 28 28 27 26 22 21 20 20 18 19 21 21 19 18 17 18 18
13 7 18 27 19 19 12 15 27 25 18 18 5 18 3 16 23 10 19 27 15 16 23 14 23 26 0 14 18 5 18 15 28 21 10 6 20 30 21 14 28 16 14 25 4 2 18 21 17 16 15 19 16 5 19 15 17 13 19 27 17 20 15 13 17 16 14 17 15 16 18 20 16 16 13 13 14 13 13 17 15 16 15 13 11 12 10 9 7 8 9 10 11 12 13 14 15 14 13 13 12
18 19 13 18 22 12 20 19 18 16 9 19 14 15 15 11 14 18 13 18 13 13 14 13 14 17 14 0 22 17 13 9 19 15 18 15 13 21 16 13 19 16 18 16 14 16 13 14 21 16 19 12 20 17 12 15 17 12 16 18 13 13 14 13 22 20 14 13 11 10 12 14 11 10 14 13 13 13 12 12 17 16 18 18 17 17 15 14 11 9 9 8 7 8 9 10 8 7 6 7 7
5 18 16 34 6 14 18 14 34 33 19 10 19 13 21 16 31 17 14 34 15 15 31 24 30 33 18 22 0 22 16 18 35 11 16 20 13 38 11 14 35 28 12 33 16 20 17 14 16 28 7 14 13 22 14 13 29 23 11 34 25 13 11 14 9 8 13 13 16 15 15 14 16 17 13 17 14 12 15 13 9 10 8 5 16 16 13 13 13 15 16 17 18 18 17 16 17 19 19 19 20
17 11 21 26 23 22 16 19 26 25 21 22 9 21 2 19 23 13 22 26 19 19 23 13 22 25 5 17 22 0 21 18 27 24 14 11 22 30 25 17 27 16 17 25 8 4 21 23 20 16 19 22 20 2 22 19 16 12 23 26 20 22 20 17 21 20 19 20 18 18 21 22 19 18 18 18 17 17 16 20 20 21 19 17 15 16 15 13 12 12 13 13 13 14 16 17 17 17 16 15 14
12 21 6 25 17 8 22 18 25 23 9 11 18 6 19 2 22 20 8 25 8 5 22 20 21 24 18 13 16 21 0 5 26 10 20 18 8 29 10 11 26 24 18 23 18 20 3 8 22 24 10 8 20 21 8 11 24 19 10 25 21 8 7 11 14 12 7 5 3 3 7 7 5 5 11 12 9 10 10 5 9 8 10 12 19 19 16 16 15 13 10 9 8 7 5 4 5 7 7 7 8
13 20 6 21 18 6 21 19 21 20 5 12 16 9 16 3 18 19 6 21 10 8 18 17 17 20 15 9 18 18 5 0 22 8 19 16 6 25 9 11 22 20 18 20 15 17 5 7 22 20 12 6 20 18 5 12 21 16 8 21 17 6 7 11 15 13 8 6 3 3 5 6 4 3 11 11 10 10 10 5 10 9 11 13 18 18 16 14 12 10 7 8 6 5 4 3 1 3 3 4 5
31 32 26 1 36 27 34 33 3 4 22 32 28 28 26 24 6 31 27 2 26 26 6 23 8 2 28 19 35 27 26 22 0 29 32 29 27 9 29 26 2 17 31 4 28 27 26 28 35 17 33 27 34 27 26 28 17 22 29 3 27 27 28 26 35 33 27 26 24 24 26 27 24 23 27 27 26 26 25 26 30 29 31 31 30 30 29 28 24 23 22 22 20 21 23 23 21 20 19 20 20
8 21 6 28 12 3 21 17 28 26 8 6 22 7 23 9 25 20 3 28 12 9 25 23 24 27 21 15 11 24 10 8 29 0 19 22 2 32 1 15 29 27 17 26 19 23 8 3 22 26 7 3 19 24 3 15 27 22 3 28 24 2 9 16 11 9 11 11 8 9 5 3 6 7 15 16 13 14 14 11 7 8 7 8 19 19 16 16 16 16 14 14 12 11 10 9 9 10 11 10 11
11 5 21 31 17 20 2 12 31 29 21 16 15 17 12 18 28 4 20 31 15 15 28 20 27 30 10 18 16 14 20 19 32 19 0 15 19 35 19 14 32 25 9 29 9 12 20 20 11 25 13 20 10 14 20 14 25 20 17 31 21 19 14 14 15 14 13 16 18 18 21 20 19 18 13 15 14 12 15 16 14 15 14 11 6 8 7 7 8 11 12 13 13 14 16 17 18 16 16 16 15
15 12 19 28 21 20 17 17 28 26 19 20 4 19 9 16 25 15 20 28 16 17 25 15 24 27 6 15 20 11 18 16 29 22 15 0 20 32 23 15 29 17 15 26 6 8 18 21 18 17 17 20 17 11 19 17 18 14 21 28 19 20 18 14 19 18 16 18 15 16 18 20 16 16 15 15 15 15 14 18 17 18 17 15 14 14 12 11 9 8 10 10 11 12 13 14 15 15 14 13 12
8 22 4 26 14 1 21 17 26 24 6 6 20 6 21 7 23 21 1 26 11 8 23 21 22 25 20 13 13 22 8 6 27 2 19 20 0 30 3 14 27 25 17 24 19 22 6 1 22 25 7 1 19 22 1 15 25 20 3 26 22 0 9 15 11 9 10 9 6 7 3 1 4 5 14 15 12 13 13 9 7 8 7 8 20 20 17 17 16 14 12 12 10 9 8 7 7 8 9 8 9
34 35 29 8 39 30 36 36 8 7 26 35 31 31 28 27 8 34 30 8 29 29 8 26 11 7 30 21 38 30 29 25 9 32 35 32 30 0 32 29 9 19 34 7 30 30 29 31 38 19 36 30 36 30 29 31 20 25 32 8 31 30 31 29 38 36 30 29 27 27 29 30 27 26 30 29 29 29 28 29 33 32 34 34 33 33 32 30 27 25 25 24 23 24 25 26 24 23 22 23 23
8 21 6 28 12 4 21 17 28 26 9 6 22 8 24 8 25 20 4 28 13 10 25 23 24 27 21 16 11 25 10 9 29 1 19 23 3 32 0 16 29 27 17 26 19 23 8 3 22 27 7 4 19 25 4 15 28 23 4 28 24 3 10 17 12 10 12 11 9 9 6 4 7 8 16 17 14 15 15 11 8 9 8 8 19 19 15 16 16 17 15 15 13 12 11 10 10 11 12 11 12
10 16 13 25 15 15 16 13 25 23 15 14 15 8 16 9 22 15 15 25 5 6 22 17 21 24 14 13 14 17 11 11 26 15 14 15 14 29 16 0 26 22 12 23 13 16 11 15 17 22 12 15 14 17 14 4 22 17 12 25 18 14 9 1 13 13 4 7 9 9 13 13 11 10 1 3 3 2 2 8 12 11 12 10 14 13 10 11 10 8 6 5 7 7 8 8 10 11 10 9 8
31 32 26 1 36 27 34 33 3 4 22 32 28 28 26 24 6 31 27 2 26 26 6 23 8 2 28 19 35 27 26 22 2 29 32 29 27 9 29 26 0 17 31 4 28 27 26 28 35 17 33 27 34 27 26 28 17 22 29 3 27 27 28 26 35 33 27 26 24 24 26 27 24 23 27 27 26 26 25 26 30 29 31 31 30 30 29 28 24 23 22 22 20 21 23 23 21 20 19 20 20
24 21 24 16 29 25 27 26 16 14 20 29 17 26 14 22 12 24 25 16 23 24 12 12 12 15 16 16 28 16 24 20 17 27 25 17 25 19 27 22 17 0 24 14 19 16 24 26 28 1 26 25 27 16 24 24 5 12 27 16 20 25 26 22 28 27 23 24 22 22 24 25 22 21 23 22 22 22 21 24 27 27 27 24 23 23 22 21 17 16 17 17 18 19 20 21 19 18 17 18 18
9 12 19 30 8 18 10 3 30 29 21 14 15 16 16 16 27 10 17 30 14 14 27 20 26 29 14 18 12 17 18 18 31 17 9 15 17 34 17 12 31 24 0 29 12 15 17 17 6 24 11 18 3 17 18 12 25 19 14 30 21 17 11 12 12 12 12 13 16 15 19 17 18 17 11 15 12 10 13 13 11 12 10 9 8 6 4 7 8 10 12 13 13 14 16 16 18 16 16 16 15
29 30 24 3 33 24 31 30 3 0 20 30 25 25 23 22 2 29 24 3 23 23 2 20 6 2 25 16 33 25 23 20 4 26 29 26 24 7 26 23 4 14 29 0 25 24 24 25 32 14 30 24 31 24 24 25 14 20 26 3 24 24 25 23 32 30 24 23 21 21 23 24 21 21 24 24 23 23 23 23 27 27 28 29 28 28 26 25 22 20 19 19 18 18 20 21 19 17 17 17 17
12 6 18 27 17 19 11 13 27 25 18 17 6 17 7 16 23 9 19 27 15 15 23 16 23 26 4 14 16 8 18 15 28 19 9 6 19 30 19 13 28 19 12 25 0 6 18 20 15 19 14 19 14 9 18 13 20 15 18 27 17 19 15 12 16 15 14 16 15 15 18 19 16 15 13 13 13 13 13 17 15 16 15 12 11 11 9 8 6 7 9 10 10 11 13 14 15 13 13 13 12
15 8 20 26 21 21 13 16 26 24 20 20 7 20 2 18 23 11 21 26 17 18 23 13 22 25 2 16 20 4 20 17 27 23 12 8 22 30 23 16 27 16 15 24 6 0 20 23 18 15 17 21 17 4 21 17 16 12 21 26 19 22 17 15 19 18 16 19 17 18 20 22 18 18 15 15 16 15 15 19 17 18 17 15 13 14 12 11 9 10 11 12 13 14 15 16 17 16 15 15 14
13 20 4 25 17 6 22 18 25 24 9 11 18 6 19 2 22 19 6 25 9 7 22 21 21 24 18 13 17 21 3 5 26 8 20 18 6 29 8 11 26 24 17 24 18 20 0 6 22 24 11 6 19 21 6 11 24 20 7 25 21 6 6 11 14 12 7 5 3 3 6 6 5 5 10 12 9 9 10 4 9 8 10 13 18 18 15 15 14 13 10 9 8 7 5 4 5 7 7 7 8
9 22 5 27 14 2 22 18 27 25 7 7 21 7 22 8 24 21 2 27 12 9 24 22 23 26 21 14 14 23 8 7 28 3 20 21 1 31 3 15 28 26 17 25 20 23 6 0 23 26 8 2 20 23 2 15 26 21 3 27 23 1 9 15 11 9 11 10 7 7 4 2 5 6 15 16 13 14 14 9 7 8 7 9 20 20 17 18 17 15 13 13 11 10 9 8 8 9 10 9 10
14 14 24 34 11 23 9 8 34 32 25 19 18 20 19 21 31 14 23 34 19 18 31 23 30 33 17 21 16 20 22 22 35 22 11 18 22 38 22 17 35 28 6 32 15 18 22 23 0 28 16 23 4 20 23 16 28 23 20 34 24 22 16 17 17 17 17 18 21 20 24 23 23 22 16 19 17 15 18 18 16 17 16 14 7 5 9 10 12 14 16 17 17 18 20 21 22 20 20 20 19
24 21 24 16 29 24 26 25 15 14 20 29 17 25 14 22 12 24 25 16 23 23 12 11 11 15 16 16 28 16 24 20 17 26 25 17 25 19 27 22 17 1 24 14 19 15 24 26 28 0 26 24 26 15 24 24 4 11 27 15 19 25 25 21 28 27 23 24 22 22 23 25 22 21 22 22 22 22 21 23 27 27 26 24 23 23 22 20 17 15 17 17 17 18 20 21 19 18 17 18 18
2 16 10 32 7 8 15 11 32 30 13 3 16 8 18 10 29 15 8 32 11 9 29 22 28 31 15 19 7 19 10 12 33 7 13 17 7 36 7 12 33 26 11 30 14 17 11 8 16 26 0 8 13 19 8 11 27 21 5 32 23 7 5 12 6 4 9 7 10 9 10 8 11 11 11 14 11 10 12 7 3 4 3 2 14 14 11 11 11 13 14 15 13 13 11 10 12 13 14 13 14
9 23 5 26 15 0 22 18 26 24 6 7 20 7 20 6 23 22 1 26 12 9 23 21 22 25 19 12 14 22 8 6 27 3 20 20 1 30 4 15 27 25 18 24 19 21 6 2 23 24 8 0 20 22 1 15 25 20 4 26 21 1 10 15 12 10 11 9 6 6 3 2 4 5 14 15 13 13 14 8 8 9 8 9 21 21 18 18 16 14 11 11 10 9 8 7 6 8 8 8 9
11 14 22 33 8 20 8 5 33 31 23 16 17 18 18 18 29 13 20 33 16 16 29 22 29 32 16 20 13 20 20 20 34 19 10 17 19 36 19 14 34 27 3 31 14 17 19 20 4 26 13 20 0 20 20 14 27 21 17 33 23 19 13 14 15 14 14 15 18 17 21 20 20 19 13 17 15 12 15 15 13 14 13 11 6 4 6 9 10 13 14 15 15 16 18 18 20 18 18 18 17
17 11 21 26 23 22 15 19 26 24 21 22 10 21 2 19 23 13 22 26 18 19 23 13 22 25 5 17 22 2 21 18 27 24 14 11 22 30 25 17 27 16 17 24 9 4 21 23 20 15 19 22 20 0 21 20 16 12 23 26 20 22 20 17 21 20 19 21 18 18 21 22 19 18 18 18 17 18 17 20 20 21 20 17 15 16 15 14 12 12 13 13 13 14 16 17 18 17 17 16 15
9 23 4 25 15 1 22 18 25 24 5 7 19 6 20 6 22 22 1 25 11 8 22 21 22 24 19 12 14 22 8 5 26 3 20 19 1 29 4 14 26 24 18 24 18 21 6 2 23 24 8 1 20 21 0 14 25 20 4 25 21 1 10 14 12 10 10 8 5 6 2 2 3 4 14 14 12 13 13 8 8 9 8 9 21 21 18 18 15 13 11 11 9 8 7 6 6 7 8 7 8
9 15 13 27 14 15 16 13 27 25 15 14 16 9 18 9 24 14 15 27 6 7 24 20 23 26 15 15 13 19 11 12 28 15 14 17 15 31 15 4 28 24 12 25 13 17 11 15 16 24 11 15 14 20 14 0 24 19 13 27 21 15 9 4 13 12 5 7 10 9 13 14 12 11 3 7 4 2 5 8 11 10 11 9 13 13 10 10 9 11 9 9 10 10 11 11 12 14 13 13 12
25 22 25 16 29 25 27 26 16 14 21 30 17 26 15 22 13 25 25 16 23 24 13 12 12 15 17 17 29 16 24 21 17 27 25 18 25 20 28 22 17 5 25 14 20 16 24 26 28 4 27 25 27 16 25 24 0 11 27 16 19 25 26 22 29 28 24 24 22 22 24 25 22 22 23 22 22 22 22 24 27 28 27 25 24 24 22 21 18 16 18 18 18 19 21 22 20 18 18 19 18
19 18 20 21 24 20 21 20 21 20 16 24 13 21 11 18 18 19 20 21 19 19 18 7 19 20 13 12 23 12 19 16 22 22 20 14 20 25 23 17 22 12 19 20 15 12 20 21 23 11 21 20 21 12 20 19 11 0 22 21 14 20 21 16 23 22 19 19 17 17 19 20 18 17 17 17 18 18 17 19 22 23 21 19 18 18 17 15 12 10 13 13 13 14 16 17 15 13 13 14 13
6 19 5 28 12 4 19 15 28 26 9 4 20 4 22 8 25 18 3 28 9 6 25 23 24 27 19 16 11 23 10 8 29 3 17 21 3 32 4 12 29 27 14 26 18 21 7 3 20 27 5 4 17 23 4 13 27 22 0 28 24 3 6 13 8 6 8 8 9 9 6 4 7 8 12 13 10 11 11 8 4 5 4 6 17 17 14 15 14 16 13 13 12 11 11 10 9 11 11 11 12
30 31 25 2 35 26 33 32 0 3 22 31 27 27 25 23 5 30 26 2 25 25 5 22 7 1 27 18 34 26 25 21 3 28 31 28 26 8 28 25 3 16 30 3 27 26 25 27 34 15 32 26 33 26 25 27 16 21 28 0 26 26 27 25 34 32 26 25 23 23 25 26 23 22 26 26 25 25 24 25 29 28 30 30 29 29 28 27 23 22 21 21 19 20 22 22 20 19 18 19 19
21 21 21 26 25 21 23 22 26 24 17 25 18 23 19 19 23 20 21 26 20 21 23 15 22 25 17 13 25 20 21 17 27 24 21 19 22 31 24 18 27 20 21 24 17 19 21 23 24 19 23 21 23 20 21 21 19 14 24 26 0 22 23 18 24 24 20 21 19 19 21 22 19 18 19 18 19 19 18 21 23 24 23 21 20 19 18 17 14 12 14 14 15 16 17 18 16 15 14 15 15
8 22 4 26 14 1 21 17 26 24 6 6 20 6 21 7 23 21 1 26 11 8 23 21 22 25 20 13 13 22 8 6 27 2 19 20 0 30 3 14 27 25 17 24 19 22 6 1 22 25 7 1 19 22 1 15 25 20 3 26 22 0 9 15 11 9 10 9 6 7 3 1 4 5 14 15 12 13 13 9 7 8 7 8 20 20 17 17 16 14 12 12 10 9 8 7 7 8 9 8 9
7 17 9 27 11 10 16 12 27 25 11 5 17 5 18 5 24 16 9 27 7 5 24 22 23 26 15 14 11 20 7 7 28 9 14 18 9 31 10 9 28 26 11 25 15 17 6 9 16 25 5 10 13 20 10 9 26 21 6 27 23 9 0 9 8 6 5 2 5 4 9 9 7 6 8 11 6 7 8 2 3 2 4 7 14 14 11 11 11 13 11 10 9 8 6 5 7 9 9 9 10
10 16 13 25 15 15 16 13 25 23 15 14 14 9 16 10 22 15 15 25 5 7 22 17 21 24 13 13 14 17 11 11 26 16 14 14 15 29 17 1 26 22 12 23 12 15 11 15 17 21 12 15 14 17 14 4 22 16 13 25 18 15 9 0 13 13 5 7 9 9 13 14 11 10 1 3 3 2 2 8 12 11 12 10 14 14 10 11 10 8 6 6 7 7 8 8 11 11 10 10 9
4 18 13 34 10 12 17 13 34 32 17 7 18 11 20 12 31 17 11 34 15 12 31 24 30 33 17 22 9 21 14 15 35 11 15 19 11 38 12 13 35 28 12 32 16 19 14 11 17 28 6 12 15 21 12 13 29 23 8 34 24 11 8 13 0 2 13 10 13 12 14 12 15 14 12 16 13 11 14 10 6 7 6 4 15 15 12 13 12 15 16 17 17 16 14 13 15 16 17 17 17
3 17 11 32 9 10 16 12 32 30 15 5 17 9 19 10 29 16 9 32 13 10 29 23 28 31 16 20 8 20 12 13 33 9 14 18 9 36 10 13 33 27 12 30 15 18 12 9 17 27 4 10 14 20 10 12 28 22 6 32 24 9 6 13 2 0 11 8 11 10 12 10 13 12 12 15 12 11 13 8 4 5 5 3 15 15 12 12 12 14 15 16 15 14 12 11 13 14 15 15 15
9 15 9 26 14 11 15 13 26 24 12 10 16 4 17 5 23 15 11 26 2 2 23 20 22 25 14 14 13 19 7 8 27 11 13 16 10 30 12 4 27 23 12 24 14 16 7 11 17 23 9 11 14 19 10 5 24 19 8 26 20 10 5 5 13 11 0 4 6 6 10 9 8 8 5 6 2 4 3 4 8 7 9 9 13 13 10 10 9 10 7 7 7 6 7 7 8 10 10 9 9
9 18 7 25 13 9 18 14 25 23 9 7 17 5 19 3 22 18 9 25 6 4 22 20 21 24 17 13 13 20 5 6 26 11 16 18 9 29 11 7 26 24 13 23 16 19 5 10 18 24 7 9 15 21 8 7 24 19 8 25 21 9 2 7 10 8 4 0 4 4 8 9 6 6 6 9 4 5 6 3 5 4 6 9 14 14 11 11 10 12 9 9 8 7 6 5 6 8 8 8 9
11 20 4 23 16 6 20 17 23 21 6 10 15 7 16 1 20 19 6 23 8 6 20 18 19 22 15 11 16 18 3 3 24 8 18 15 6 27 9 9 24 22 16 21 15 17 3 7 21 22 10 6 18 18 5 10 22 17 9 23 19 6 5 9 13 11 6 4 0 1 5 6 3 2 9 9 8 8 8 3 8 7 9 11 17 17 14 13 12 10 7 6 5 4 2 1 3 4 5 4 5
10 20 5 23 15 6 20 16 23 21 7 9 15 6 17 1 20 19 6 23 8 5 20 18 19 22 16 10 15 18 3 3 24 9 18 16 7 27 9 9 24 22 15 21 15 18 3 7 20 22 9 6 17 18 6 9 22 17 9 23 19 7 4 9 12 10 6 4 1 0 6 6 4 3 8 9 7 7 8 2 7 6 8 10 16 16 13 13 12 10 7 7 5 5 3 2 4 5 6 5 6
10 24 3 25 16 3 23 19 25 23 6 9 18 6 19 5 22 23 3 25 11 8 22 20 21 24 18 12 15 21 7 5 26 5 21 18 3 29 6 13 26 24 19 23 18 20 6 4 24 23 10 3 21 21 2 13 24 19 6 25 21 3 9 13 14 12 10 8 5 6 0 2 2 3 12 13 11 11 11 7 9 9 9 10 21 21 17 17 15 13 10 10 9 8 6 5 5 7 7 7 8
9 23 3 26 15 2 22 18 26 24 7 7 19 5 21 6 23 22 2 26 10 7 23 21 22 25 20 14 14 22 7 6 27 3 20 20 1 30 4 13 27 25 17 24 19 22 6 2 23 25 8 2 20 22 2 14 25 20 4 26 22 1 9 14 12 10 9 9 6 6 2 0 4 4 13 14 11 12 12 8 7 8 7 9 20 20 17 18 16 14 12 11 10 9 7 6 7 8 8 8 9
11 22 3 23 17 4 21 18 23 21 5 10 16 5 17 3 20 21 4 23 10 7 20 18 19 22 16 11 16 19 5 4 24 6 19 16 4 27 7 11 24 22 18 21 16 18 5 5 23 22 11 4 20 19 3 12 22 18 7 23 19 4 7 11 15 13 8 6 3 4 2 4 0 1 11 11 10 10 10 5 10 9 10 11 19 19 16 15 13 11 9 8 7 6 4 3 4 5 6 5 6
12 21 3 22 17 5 20 18 22 21 5 11 15 6 17 3 19 20 5 22 9 7 19 18 18 21 16 10 17 18 5 3 23 7 18 16 5 26 8 10 23 21 17 21 15 18 5 6 22 21 11 5 19 18 4 11 22 17 8 22 18 5 6 10 14 12 8 6 2 3 3 4 1 0 10 10 9 9 9 4 9 8 10 12 18 18 15 14 13 11 8 7 6 5 3 2 3 5 5 5 6
9 15 13 26 14 14 15 12 26 24 15 13 14 8 16 9 23 14 14 26 5 6 23 18 22 25 13 14 13 18 11 11 27 15 13 15 14 30 16 1 27 23 11 24 13 15 10 15 16 22 11 14 13 18 14 3 23 17 12 26 19 14 8 1 12 12 5 6 9 8 12 13 11 10 0 4 4 1 3 7 11 10 11 9 13 13 9 10 9 9 7 6 8 7 9 9 11 12 11 10 9
12 18 13 26 18 15 17 16 26 24 15 16 14 9 16 10 22 17 15 26 6 7 22 18 22 25 13 13 17 18 12 11 27 16 15 15 15 29 17 3 27 22 15 24 13 15 12 16 19 22 14 15 17 18 14 7 22 17 13 26 18 15 11 3 16 15 6 9 9 9 13 14 11 10 4 0 5 5 4 10 14 13 14 12 16 16 12 13 10 8 6 6 7 7 8 8 11 11 11 10 9
10 16 11 25 15 13 16 13 25 23 13 11 14 6 16 7 22 15 13 25 2 4 22 18 21 24 14 13 14 17 9 10 26 13 14 15 12 29 14 3 26 22 12 23 13 16 9 13 17 22 11 13 15 17 12 4 22 18 10 25 19 12 6 3 13 12 2 4 8 7 11 11 10 9 4 5 0 3 2 6 9 8 10 10 14 14 11 11 10 9 6 6 7 6 8 8 10 11 10 9 9
8 14 12 25 13 13 14 11 25 23 14 12 14 7 16 8 22 13 13 25 4 5 22 18 21 24 13 13 12 17 10 10 26 14 12 15 13 29 15 2 26 22 10 23 13 15 9 14 15 22 10 13 12 18 13 2 22 18 11 25 19 13 7 2 11 11 4 5 8 7 11 12 10 9 1 5 3 0 4 6 10 9 10 8 12 12 8 9 8 10 8 7 8 8 9 9 11 12 12 11 10
10 17 12 24 16 14 17 14 24 23 14 13 14 7 15 8 21 16 14 24 3 5 21 18 20 23 13 12 15 16 10 10 25 14 15 14 13 28 15 2 25 21 13 23 13 15 10 14 18 21 12 14 15 17 13 5 22 17 11 24 18 13 8 2 14 13 3 6 8 8 11 12 10 9 3 4 2 4 0 6 10 9 11 10 13 13 10 10 10 8 5 5 6 6 7 7 9 10 9 9 8
9 18 7 25 13 8 18 14 25 23 9 7 17 4 19 3 22 17 8 25 6 3 22 20 21 24 17 12 13 20 5 5 26 11 16 18 9 29 11 8 26 24 13 23 17 19 4 9 18 23 7 8 15 20 8 8 24 19 8 25 21 9 2 8 10 8 4 3 3 2 7 8 5 4 7 10 6 6 6 0 5 4 6 9 14 14 11 11 11 12 9 9 7 7 5 4 6 7 8 7 8
4 16 9 29 10 8 16 12 29 27 13 3 17 7 18 8 26 16 7 29 10 7 26 23 25 28 15 17 9 20 9 10 30 7 14 17 7 33 8 12 30 27 11 27 15 17 9 7 16 27 3 8 13 20 8 11 27 22 4 29 23 7 3 12 6 4 8 5 8 7 9 7 10 9 11 14 9 10 10 5 0 1 1 4 14 14 11 11 11 14 13 12 11 10 8 7 9 10 11 11 11
5 17 10 28 10 9 17 12 28 27 13 4 18 6 19 7 25 16 8 28 9 6 25 23 24 27 16 16 10 21 8 9 29 8 15 18 8 32 9 11 29 27 12 27 16 18 8 8 17 27 4 9 14 21 9 10 28 23 5 28 24 8 2 11 7 5 7 4 7 6 9 8 9 8 10 13 8 9 9 4 1 0 2 5 15 15 11 12 12 14 12 11 10 9 7 6 8 10 10 10 11
3 16 9 30 9 8 15 11 30 28 13 4 16 7 18 8 27 15 7 30 11 8 27 22 26 29 15 18 8 19 10 11 31 7 14 17 7 34 8 12 31 27 10 28 15 17 10 7 16 26 3 8 13 20 8 11 27 21 4 30 23 7 4 12 6 5 9 6 9 8 9 7 10 10 11 14 10 10 11 6 1 2 0 3 14 14 11 11 11 13 14 13 12 11 9 8 10 11 12 12 12
0 14 11 30 6 9 13 9 30 29 14 5 14 8 16 11 27 13 9 30 11 10 27 20 26 29 13 18 5 17 12 13 31 8 11 15 8 34 8 10 31 24 9 29 12 15 13 9 14 24 2 9 11 17 9 9 25 19 6 30 21 8 7 10 4 3 9 9 11 10 10 9 11 12 9 12 10 8 10 9 4 5 3 0 12 12 9 9 9 11 12 13 14 13 12 11 12 14 14 14 15
12 9 21 29 13 21 6 9 29 28 20 16 13 17 13 17 26 8 20 29 15 15 26 19 25 28 11 17 16 15 19 18 30 19 6 14 20 33 19 14 30 23 8 28 11 13 18 20 7 23 14 21 6 15 21 13 24 18 17 29 20 20 14 14 15 15 13 14 17 16 21 20 19 18 13 16 14 12 13 14 14 15 14 12 0 4 8 9 11 13 14 15 16 17 19 18 19 19 18 19 18
12 10 21 29 11 21 7 8 29 28 20 16 13 17 14 17 26 9 20 29 15 15 26 19 25 28 12 17 16 16 19 18 30 19 8 14 20 33 19 13 30 23 6 28 11 14 18 20 5 23 14 21 4 16 21 13 24 18 17 29 19 20 14 14 15 15 13 14 17 16 21 20 19 18 13 16 14 12 13 14 14 15 14 12 4 0 5 5 8 10 11 12 13 14 15 16 17 16 15 15 14
9 9 18 28 10 18 9 5 28 26 19 13 12 13 13 14 25 9 17 28 12 11 25 17 24 27 10 15 13 15 16 16 29 16 7 12 17 32 15 10 29 22 4 26 9 12 15 17 9 22 11 18 6 15 18 10 22 17 14 28 18 17 11 10 12 12 10 11 14 13 17 17 16 15 9 12 11 8 10 11 11 11 11 9 8 5 0 5 6 9 10 11 11 12 14 15 16 14 14 14 13
9 10 17 27 13 18 9 8 27 25 16 14 10 14 12 14 23 9 18 27 12 12 23 16 23 26 9 14 13 13 16 14 28 16 7 11 17 30 16 11 28 21 7 25 8 11 15 18 10 20 11 18 9 14 18 10 21 15 15 27 17 17 11 11 13 12 10 11 13 13 17 18 15 14 10 13 11 9 10 11 11 12 11 9 9 5 5 0 4 6 7 8 9 10 11 12 13 11 11 11 10
9 11 15 23 14 16 10 9 23 22 14 13 9 13 10 13 20 10 16 23 11 11 20 13 19 22 7 11 13 12 15 12 24 16 8 9 16 27 16 10 24 17 8 22 6 9 14 17 12 17 11 16 10 12 15 9 18 12 14 23 14 16 11 10 12 12 9 10 12 12 15 16 13 13 9 10 10 8 10 11 11 12 11 9 11 8 6 4 0 3 6 7 8 9 10 11 12 10 10 10 9
11 13 13 22 16 14 12 11 22 20 12 16 7 12 10 11 18 12 14 22 9 10 18 11 18 21 8 9 15 12 13 10 23 16 11 8 14 25 17 8 23 16 10 20 7 10 13 15 14 15 13 14 13 12 13 11 16 10 16 22 12 14 13 8 15 14 10 12 10 10 13 14 11 11 9 8 9 10 8 12 14 14 13 11 13 10 9 6 3 0 3 4 5 6 8 9 9 8 7 8 7
12 14 11 21 17 11 14 13 21 19 11 16 10 9 11 8 18 13 12 21 7 7 18 14 17 20 9 9 16 13 10 7 22 14 12 10 12 25 15 6 22 17 12 19 9 11 10 13 16 17 14 11 14 13 11 9 18 13 13 21 14 12 11 6 16 15 7 9 7 7 10 12 9 8 7 6 6 8 5 9 13 12 14 12 14 11 10 7 6 3 0 1 2 3 5 6 7 7 6 5 4
13 15 10 21 18 11 15 14 21 19 11 15 10 9 11 7 17 14 12 21 6 7 17 14 17 20 10 8 17 13 9 8 22 14 13 10 12 24 15 5 22 17 13 19 10 12 9 13 17 17 15 11 15 13 11 9 18 13 13 21 14 12 10 6 17 16 7 9 6 7 10 11 8 7 6 6 6 7 5 9 12 11 13 13 15 12 11 8 7 4 1 0 2 3 4 5 7 7 6 5 4
14 16 9 19 19 10 15 14 19 18 9 14 10 8 12 6 16 15 10 19 7 6 16 14 15 18 11 7 18 13 8 6 20 12 13 11 10 23 13 7 20 18 13 18 10 13 8 11 17 17 13 10 15 13 9 10 18 13 12 19 15 10 9 7 17 15 7 8 5 5 9 10 7 6 8 7 7 8 6 7 11 10 12 14 16 13 11 9 8 5 2 2 0 1 3 4 5 5 4 3 2
13 17 8 20 19 9 16 15 20 18 9 13 11 7 13 5 17 16 9 20 6 5 17 15 16 19 12 8 18 14 7 5 21 11 14 12 9 24 12 7 21 19 14 18 11 14 7 10 18 18 13 9 16 14 8 10 19 14 11 20 16 9 8 7 16 14 6 7 4 5 8 9 6 5 7 7 6 8 6 7 10 9 11 13 17 14 12 10 9 6 3 3 1 0 2 3 4 5 4 3 3
12 18 6 22 17 8 18 17 22 20 8 11 13 7 14 3 18 18 8 22 7 5 18 17 18 21 13 9 17 16 5 4 23 10 16 13 8 25 11 8 23 20 16 20 13 15 5 9 20 20 11 8 18 16 7 11 21 16 11 22 17 8 6 8 14 12 7 6 2 3 6 7 4 3 9 8 8 9 7 5 8 7 9 12 19 15 14 11 10 8 5 4 3 2 0 1 4 5 4 4 4
11 19 5 22 16 7 19 17 22 21 7 10 14 7 15 2 19 19 7 22 7 5 19 18 18 21 14 10 16 17 4 3 23 9 17 14 7 26 10 8 23 21 16 21 14 16 4 8 21 21 10 7 18 17 6 11 22 17 10 22 18 7 5 8 13 11 7 5 1 2 5 6 3 2 9 8 8 9 7 4 7 6 8 11 18 16 15 12 11 9 6 5 4 3 1 0 3 4 4 4 5
12 20 5 20 18 6 20 19 20 19 6 12 15 8 16 3 17 19 6 20 10 8 17 16 16 19 15 8 17 17 5 1 21 9 18 15 7 24 10 10 21 19 18 19 15 17 5 8 22 19 12 6 20 18 6 12 20 15 9 20 16 7 7 11 15 13 8 6 3 4 5 7 4 3 11 11 10 11 9 6 9 8 10 12 19 17 16 13 12 9 7 7 5 4 4 3 0 2 2 3 4
14 19 7 19 20 8 18 17 19 17 5 13 14 10 16 5 16 18 8 19 10 9 16 14 15 18 14 7 19 17 7 3 20 10 16 15 8 23 11 11 20 18 16 17 13 16 7 9 20 18 13 8 18 17 7 14 18 13 11 19 15 8 9 11 16 14 10 8 4 5 7 8 5 5 12 11 11 12 10 7 10 10 11 14 19 16 14 11 10 8 7 7 5 5 5 4 2 0 1 2 3
14 18 7 18 20 8 18 17 18 17 5 14 14 10 15 5 15 17 8 18 9 9 15 14 14 17 13 6 19 16 7 3 19 11 16 14 9 22 12 10 19 17 16 17 13 15 7 10 20 17 14 8 18 17 8 13 18 13 11 18 14 9 9 10 17 15 10 8 5 6 7 8 6 5 11 11 10 12 9 8 11 10 12 14 18 15 14 11 10 7 6 6 4 4 4 4 2 1 0 1 2
14 18 7 19 20 8 18 17 19 17 6 14 13 10 14 5 16 18 8 19 9 8 16 14 15 18 13 7 19 15 7 4 20 10 16 13 8 23 11 9 20 18 16 17 13 15 7 9 20 18 13 8 18 16 7 13 19 14 11 19 15 8 9 10 17 15 9 8 4 5 7 8 5 5 10 10 9 11 9 7 11 10 12 14 19 15 14 11 10 8 5 5 3 3 4 4 3 2 1 0 1
15 17 8 19 20 9 17 16 19 17 7 14 12 10 13 6 16 17 9 19 8 8 16 14 15 18 12 7 20 14 8 5 20 11 15 12 9 23 12 8 20 18 15 17 12 14 8 10 19 18 14 9 17 15 8 12 18 13 12 19 15 9 10 9 17 15 9 9 5 6 8 9 6 6 9 9 9 10 8 8 11 11 12 15 18 14 13 10 9 7 4 4 2 3 4 5 4 3 2 1 0