0 25 9 19 30 28 21 8 13 11 9 14 28 4 24 26 7 9 29 7 19 31 4 13 16 20 9 11 28 24 11 24 6 15 30 11 11 32 9 27 13 11 29 16 10 9 16 11 26 25 8 10 31 28 13 11 10 31 22 30 12 9 7 10 4 3 9 9 11 10 10 9 11 12 9 12 10 8 10 9 4 5 3 0 12 12 9 9 9 11 12 13 14 13 12 11 12 14 14 14 15
25 0 21 12 16 14 14 32 19 26 26 17 14 29 10 12 28 23 15 27 13 17 23 23 18 20 26 25 14 5 25 5 30 12 16 28 24 18 25 13 21 22 15 20 24 26 30 23 12 2 27 25 17 14 22 31 27 24 8 16 16 26 26 22 29 28 23 25 22 22 24 26 23 22 22 22 22 22 21 24 28 28 27 25 24 24 23 22 18 16 16 17 18 19 21 22 20 19 18 19 19
9 21 0 16 24 22 18 15 13 12 12 6 22 11 17 20 12 2 23 10 16 25 6 9 17 18 11 13 22 20 14 21 13 12 24 14 10 26 7 21 13 7 23 17 12 13 17 3 19 21 11 13 25 22 11 17 13 27 16 24 5 13 7 2 12 12 3 5 7 8 11 12 9 8 2 3 1 1 1 7 10 9 11 9 12 12 9 10 9 7 5 4 5 5 6 6 9 9 9 8 7
19 12 16 0 21 19 8 26 15 20 21 12 19 23 15 17 22 18 20 21 6 22 17 18 13 14 20 19 19 11 20 12 23 6 21 22 19 23 20 18 16 17 20 16 19 21 24 18 17 11 22 20 22 19 17 26 20 18 13 21 12 20 21 16 23 22 19 19 17 17 19 20 18 17 17 17 17 17 17 19 22 23 21 19 18 18 17 15 12 10 12 13 13 14 16 17 15 13 13 14 13
30 16 24 21 0 2 23 37 26 31 26 22 6 30 8 11 28 26 1 32 22 1 28 23 27 26 26 25 6 15 25 15 34 20 0 32 24 2 25 5 27 23 1 30 24 26 35 26 7 16 27 25 1 2 22 31 31 33 8 1 21 26 26 25 34 32 26 25 23 22 24 26 23 22 26 25 25 25 24 24 29 28 30 30 29 29 28 26 23 21 21 20 19 20 21 22 20 19 18 19 19
28 14 22 19 2 0 21 35 24 29 24 20 4 28 6 9 26 24 1 30 20 3 26 21 25 24 24 23 4 13 23 13 32 18 2 30 22 4 23 3 25 21 1 28 22 24 33 24 5 14 25 23 3 0 20 29 29 31 6 2 19 24 24 23 32 30 24 23 21 20 22 24 21 20 24 23 23 23 22 22 27 26 28 28 27 27 26 24 21 19 19 18 17 18 19 20 18 17 16 17 17
21 14 18 8 23 21 0 27 16 21 22 14 21 25 16 19 24 20 22 23 9 24 19 19 15 16 22 21 21 12 21 13 25 8 23 23 20 24 22 20 17 19 22 18 20 22 25 20 19 13 23 21 24 21 18 28 22 17 15 23 13 22 23 18 25 24 20 21 19 19 21 22 19 18 19 19 19 19 18 21 23 24 23 21 20 20 18 17 14 12 13 14 15 16 18 18 17 15 15 15 15
8 32 15 26 37 35 27 0 21 19 16 20 35 11 30 33 14 16 36 6 25 38 10 20 24 27 17 18 35 31 18 31 8 21 37 10 18 39 16 34 20 18 36 22 18 16 15 18 32 31 16 17 38 35 20 17 9 38 29 37 19 16 13 17 12 11 16 15 18 17 18 16 19 19 16 18 16 15 16 15 12 12 11 8 15 13 12 15 16 18 19 19 20 20 19 18 20 22 22 22 22
13 19 13 15 26 24 16 21 0 13 19 10 24 17 20 22 20 14 25 16 15 27 12 16 8 17 18 20 24 18 20 18 19 11 26 16 17 28 18 23 5 15 25 9 19 20 18 15 22 19 20 20 27 24 18 24 14 26 18 26 9 20 16 13 17 16 14 17 15 16 18 19 16 16 13 13 14 13 13 17 15 16 15 13 12 12 10 9 7 8 9 10 11 12 13 14 15 14 13 13 12
11 26 12 20 31 29 21 19 13 0 20 13 29 15 24 27 18 12 30 13 19 32 11 19 14 21 20 22 29 25 22 25 17 15 31 11 20 33 17 28 9 18 30 10 21 20 12 14 26 25 19 21 32 29 21 22 10 32 23 31 11 20 14 13 15 14 13 16 18 17 21 20 19 18 12 15 13 11 13 15 14 14 13 11 5 6 7 7 8 10 11 12 13 14 16 17 17 16 15 15 14
9 26 12 21 26 24 22 16 19 20 0 11 24 6 20 22 3 13 25 15 20 27 11 4 23 22 1 4 24 25 4 25 14 16 26 20 3 28 8 23 20 5 25 24 4 2 25 15 22 26 1 4 27 24 6 7 18 32 18 26 12 2 9 13 11 9 9 8 5 6 3 1 4 4 13 14 11 12 12 7 7 8 7 9 20 20 17 18 16 14 12 11 10 9 7 6 7 8 9 8 9
14 17 6 12 22 20 14 20 10 13 11 0 20 15 15 18 13 8 21 16 13 23 12 8 13 14 10 13 20 16 13 16 18 9 22 16 9 24 11 19 10 7 21 14 12 11 18 8 18 17 12 13 23 20 11 18 15 23 14 22 2 12 11 7 18 17 9 10 7 8 11 11 9 8 8 7 7 7 6 10 13 12 14 14 13 13 11 9 7 5 2 2 3 4 5 6 7 7 6 5 4
28 14 22 19 6 4 21 35 24 29 24 20 0 28 6 9 26 24 5 30 20 7 26 21 25 24 24 23 0 13 23 13 32 18 6 30 22 8 23 1 25 21 5 28 22 24 33 24 4 14 25 23 7 4 20 29 29 31 6 6 19 24 24 23 32 30 24 23 21 20 22 24 21 20 24 23 23 23 22 22 27 26 28 28 27 27 26 24 21 19 19 18 17 18 19 20 18 17 16 17 17
4 29 11 23 30 28 25 11 17 15 6 15 28 0 24 26 4 12 29 10 22 31 7 10 20 24 7 8 28 28 8 28 9 19 30 15 8 32 7 27 16 9 29 20 8 6 20 14 26 29 6 7 31 28 10 8 13 35 22 30 15 6 4 13 6 4 9 6 9 8 8 6 9 10 12 14 10 11 12 6 2 3 3 4 15 15 12 13 12 15 15 14 13 12 10 9 11 12 13 13 13
24 10 17 15 8 6 16 30 20 24 20 15 6 24 0 5 21 19 7 26 16 9 22 17 21 19 19 18 6 9 19 9 28 14 8 26 18 9 19 5 20 16 7 23 18 20 28 20 4 9 20 19 9 6 16 25 25 27 2 8 14 19 20 18 27 25 19 18 16 16 18 19 16 16 19 19 18 18 18 18 22 22 23 24 23 23 21 20 17 15 14 14 13 13 15 16 14 12 12 12 12
26 12 20 17 11 9 19 33 22 27 22 18 9 26 5 0 24 22 10 28 18 12 24 19 23 22 22 21 9 11 21 11 30 16 11 28 20 13 21 8 23 19 10 26 20 22 31 22 7 12 23 21 12 9 18 27 27 29 4 11 17 22 22 21 30 28 22 21 19 18 20 22 19 18 22 21 21 21 20 20 25 24 26 26 25 25 24 22 19 17 17 16 15 16 17 18 16 15 14 15 15
7 28 12 22 28 26 24 14 20 18 3 13 26 4 21 24 0 14 27 13 22 29 9 6 23 23 3 4 26 26 4 27 13 18 28 18 4 30 9 25 19 7 27 23 4 2 23 15 23 27 3 3 29 26 6 5 16 34 20 28 13 2 7 14 9 7 10 9 7 8 4 2 5 6 14 14 12 13 13 8 6 6 6 7 18 18 15 16 16 16 13 13 12 11 9 8 8 10 10 10 11
9 23 2 18 26 24 20 16 14 12 13 8 24 12 19 22 14 0 25 10 18 27 6 11 17 20 12 15 24 22 16 23 13 14 26 14 12 28 8 23 14 9 25 17 14 14 17 3 21 23 13 15 27 24 13 19 13 29 18 26 7 15 8 3 12 12 5 6 9 8 12 13 11 10 2 5 3 1 3 7 11 10 11 9 13 13 9 10 9 9 7 6 7 7 8 8 11 11 11 10 9
29 15 23 20 1 1 22 36 25 30 25 21 5 29 7 10 27 25 0 31 21 2 27 22 26 25 25 24 5 14 24 14 33 19 1 31 23 3 24 4 26 22 0 29 23 25 34 25 6 15 26 24 2 1 21 30 30 32 7 1 20 25 25 24 33 31 25 24 22 21 23 25 22 21 25 24 24 24 23 23 28 27 29 29 28 28 27 25 22 20 20 19 18 19 20 21 19 18 17 18 18
7 27 10 21 32 30 23 6 16 13 15 16 30 10 26 28 13 10 31 0 21 33 4 16 19 22 16 17 30 26 17 26 5 17 32 5 17 34 11 29 14 14 31 16 16 15 11 12 28 27 15 16 33 30 18 15 3 33 24 32 14 15 9 11 11 10 11 11 14 13 17 15 16 15 10 13 11 9 11 11 9 10 9 7 9 8 6 9 11 13 14 14 15 15 15 14 16 18 18 18 17
19 13 16 6 22 20 9 25 15 19 20 13 20 22 16 18 22 18 21 21 0 23 17 17 14 12 20 19 20 12 19 12 23 4 22 21 18 24 20 19 15 17 21 16 18 20 23 17 18 13 21 19 23 20 16 25 20 19 14 22 12 20 21 16 23 22 18 19 17 17 19 20 17 16 17 16 17 17 16 19 21 22 21 19 18 18 16 15 12 10 12 12 13 14 15 16 14 13 12 13 13
31 17 25 22 1 3 24 38 27 32 27 23 7 31 9 12 29 27 2 33 23 0 29 24 28 27 27 26 7 16 26 16 35 21 1 33 25 1 26 6 28 24 2 31 25 27 36 27 8 17 28 26 0 3 23 32 32 34 9 1 22 27 27 26 35 33 27 26 24 23 25 27 24 23 27 26 26 26 25 25 30 29 31 31 30 30 29 27 24 22 22 21 20 21 22 23 21 20 19 20 20
4 23 6 17 28 26 19 10 12 11 11 12 26 7 22 24 9 6 27 4 17 29 0 12 15 18 12 13 26 22 13 22 7 13 28 9 13 30 7 25 10 10 27 14 12 11 14 8 24 23 11 12 29 26 14 13 7 29 20 28 10 11 6 7 7 7 7 8 10 9 13 11 12 11 6 9 7 5 7 7 5 6 5 4 9 9 6 7 7 9 10 10 11 11 12 11 12 14 14 14 13
13 23 9 18 23 21 19 20 16 19 4 8 21 10 17 19 6 11 22 16 17 24 12 0 20 19 4 6 21 22 7 22 18 13 23 20 3 25 6 20 16 2 22 20 5 5 24 12 19 23 5 6 24 21 4 11 19 29 15 23 8 5 7 11 14 12 8 5 2 3 4 5 2 1 11 11 9 10 10 5 10 9 11 13 19 19 16 15 13 11 8 8 7 6 4 3 3 5 5 5 6
16 18 17 13 27 25 15 24 8 14 23 13 25 20 21 23 23 17 26 19 14 28 15 20 0 20 22 23 25 17 24 17 22 13 27 19 21 29 22 24 7 18 26 9 23 23 21 19 23 17 23 23 28 25 21 27 17 24 19 27 13 23 19 16 20 19 18 21 18 19 21 23 19 19 17 16 17 16 16 20 19 19 18 16 15 15 14 12 11 12 13 13 14 15 16 17 18 17 16 16 15
20 20 18 14 26 24 16 27 17 21 22 14 24 24 19 22 23 20 25 22 12 27 18 19 20 0 22 20 24 19 21 19 25 8 26 23 20 28 21 23 17 19 25 21 20 22 25 19 21 20 23 21 27 24 18 27 22 26 18 26 14 22 22 18 24 23 20 21 19 18 20 22 19 18 19 18 19 19 18 20 23 24 23 20 19 19 18 17 13 12 14 14 15 15 17 18 16 15 14 15 15
9 26 11 20 26 24 22 17 18 20 1 10 24 7 19 22 3 12 25 16 20 27 12 4 22 22 0 4 24 24 4 25 15 16 26 20 3 28 7 23 19 5 25 23 3 2 25 14 21 25 2 4 27 24 5 8 19 32 18 26 11 3 9 13 12 10 8 7 5 5 2 1 3 4 12 13 10 11 11 7 8 9 8 9 21 21 17 18 15 14 11 11 9 8 7 6 6 7 8 7 8
11 25 13 19 25 23 21 18 20 22 4 13 23 8 18 21 4 15 24 17 19 26 13 6 23 20 4 0 23 24 1 24 16 15 25 22 5 27 10 22 20 6 24 24 2 2 27 16 21 24 4 1 26 23 3 9 20 31 17 25 12 3 11 15 13 11 12 10 6 7 4 3 5 5 15 15 14 14 14 9 9 10 9 11 22 22 19 19 17 15 12 12 11 10 8 7 7 8 8 9 10
28 14 22 19 6 4 21 35 24 29 24 20 0 28 6 9 26 24 5 30 20 7 26 21 25 24 24 23 0 13 23 13 32 18 6 30 22 8 23 1 25 21 5 28 22 24 33 24 4 14 25 23 7 4 20 29 29 31 6 6 19 24 24 23 32 30 24 23 21 20 22 24 21 20 24 23 23 23 22 22 27 26 28 28 27 27 26 24 21 19 19 18 17 18 19 20 18 17 16 17 17
24 5 20 11 15 13 12 31 18 25 25 16 13 28 9 11 26 22 14 26 12 16 22 22 17 19 24 24 13 0 24 1 28 11 15 26 23 17 24 12 19 21 14 19 23 25 29 22 11 5 26 24 16 13 21 30 25 23 7 15 15 25 25 21 28 27 22 24 21 21 23 25 22 21 21 21 21 21 20 23 27 27 26 24 23 23 22 20 17 15 15 16 17 18 20 21 19 18 17 18 18
11 25 14 20 25 23 21 18 20 22 4 13 23 8 19 21 4 16 24 17 19 26 13 7 24 21 4 1 23 24 0 24 16 15 25 22 5 27 11 22 21 7 24 25 2 3 27 17 21 25 4 1 26 23 4 9 20 31 17 25 13 3 11 16 13 11 12 10 7 8 4 3 5 6 16 16 14 15 15 10 9 10 10 11 22 22 19 20 17 15 13 13 11 10 9 8 8 9 9 9 10
24 5 21 12 15 13 13 31 18 25 25 16 13 28 9 11 27 23 14 26 12 16 22 22 17 19 25 24 13 1 24 0 29 11 15 27 23 17 24 12 20 21 14 19 23 25 29 23 11 5 26 24 16 13 21 30 26 23 7 15 16 25 25 22 28 27 23 24 21 21 23 25 22 21 22 22 22 22 21 23 27 27 27 24 23 23 22 21 17 16 16 17 18 19 20 21 19 18 17 18 18
6 30 13 23 34 32 25 8 19 17 14 18 32 9 28 30 13 13 33 5 23 35 7 18 22 25 15 16 32 28 16 29 0 19 34 10 16 36 14 31 17 16 33 21 16 14 15 15 30 29 14 16 35 32 18 14 8 35 26 34 17 15 11 14 10 9 14 13 16 15 16 15 17 17 13 16 14 12 14 13 10 10 9 6 14 13 11 14 14 16 17 17 18 18 17 16 18 20 20 20 20
15 12 12 6 20 18 8 21 11 15 16 9 18 19 14 16 18 14 19 17 4 21 13 13 13 8 16 15 18 11 15 11 19 0 20 17 14 22 16 17 11 13 19 15 14 16 19 13 16 12 17 15 21 18 12 22 16 18 12 20 8 16 17 12 19 18 15 15 13 13 15 16 13 12 13 12 13 13 12 15 17 18 17 15 14 14 12 11 8 6 8 9 9 10 12 12 10 9 8 9 9
30 16 24 21 0 2 23 37 26 31 26 22 6 30 8 11 28 26 1 32 22 1 28 23 27 26 26 25 6 15 25 15 34 20 0 32 24 2 25 5 27 23 1 30 24 26 35 26 7 16 27 25 1 2 22 31 31 33 8 1 21 26 26 25 34 32 26 25 23 22 24 26 23 22 26 25 25 25 24 24 29 28 30 30 29 29 28 26 23 21 21 20 19 20 21 22 20 19 18 19 19
11 28 14 22 32 30 23 10 16 11 20 16 30 15 26 28 18 14 31 5 21 33 9 20 19 23 20 22 30 26 22 27 10 17 32 0 21 34 16 29 15 18 31 16 21 20 7 16 28 27 19 21 33 30 22 20 3 33 24 32 14 20 14 15 15 14 14 16 18 17 21 20 20 19 14 17 15 13 15 15 13 14 13 11 8 6 6 9 11 13 14 15 16 17 18 19 20 19 18 18 17
11 24 10 19 24 22 20 18 17 20 3 9 22 8 18 20 4 12 23 17 18 25 13 3 21 20 3 5 22 23 5 23 16 14 24 21 0 26 7 21 17 3 23 21 4 3 25 13 20 24 3 5 25 22 4 9 20 30 16 24 9 4 8 12 13 11 9 6 3 4 2 3 2 2 12 12 10 11 11 6 9 10 10 11 20 20 17 16 14 12 9 9 8 7 5 4 4 6 6 6 7
32 18 26 23 2 4 24 39 28 33 28 24 8 32 9 13 30 28 3 34 24 1 30 25 29 28 28 27 8 17 27 17 36 22 2 34 26 0 27 7 29 25 3 32 26 28 37 28 9 18 29 27 1 4 24 33 33 35 10 2 23 28 28 27 36 34 28 27 25 24 26 28 25 24 28 27 27 27 26 26 31 30 32 32 31 31 30 28 25 23 23 22 21 22 23 24 22 21 20 21 21
9 25 7 20 25 23 22 16 18 17 8 11 23 7 19 21 9 8 24 11 20 26 7 6 22 21 7 10 23 24 11 24 14 16 25 16 7 27 0 22 17 4 24 20 9 9 20 9 21 25 9 10 26 23 8 14 14 32 17 25 10 10 4 9 10 8 4 2 4 4 8 8 6 6 8 10 6 7 7 2 5 4 6 9 16 16 12 13 12 13 10 10 8 7 6 5 7 8 8 8 9
27 13 21 18 5 3 20 34 23 28 23 19 1 27 5 8 25 23 4 29 19 6 25 20 24 23 23 22 1 12 22 12 31 17 5 29 21 7 22 0 24 20 4 27 21 23 32 23 3 13 24 22 6 3 19 28 28 30 5 5 18 23 23 22 31 29 23 22 20 19 21 23 20 19 23 22 22 22 21 21 26 25 27 27 26 26 25 23 20 18 18 17 16 17 18 19 17 16 15 16 16
13 21 13 16 27 25 17 20 5 9 20 10 25 16 20 23 19 14 26 14 15 28 10 16 7 17 19 20 25 19 21 20 17 11 27 15 17 29 17 24 0 16 26 4 19 20 16 15 22 20 20 20 28 25 18 23 14 27 19 27 9 20 16 13 17 16 15 16 16 16 19 20 17 16 14 13 14 13 13 17 15 16 15 13 10 11 10 9 6 8 9 10 11 12 14 15 15 14 13 13 12
11 22 7 17 23 21 19 18 15 18 5 7 21 9 16 19 7 9 22 14 17 24 10 2 18 19 5 6 21 21 7 21 16 13 23 18 3 25 4 20 16 0 22 20 5 6 22 10 18 22 6 6 24 21 4 12 17 28 15 23 7 6 5 9 13 11 6 4 0 1 4 5 2 2 9 9 8 8 8 3 8 7 9 11 17 17 14 13 12 10 7 6 5 4 2 1 3 4 5 4 5
29 15 23 20 1 1 22 36 25 30 25 21 5 29 7 10 27 25 0 31 21 2 27 22 26 25 25 24 5 14 24 14 33 19 1 31 23 3 24 4 26 22 0 29 23 25 34 25 6 15 26 24 2 1 21 30 30 32 7 1 20 25 25 24 33 31 25 24 22 21 23 25 22 21 25 24 24 24 23 23 28 27 29 29 28 28 27 25 22 20 20 19 18 19 20 21 19 18 17 18 18
16 20 17 16 30 28 18 22 9 10 24 14 28 20 23 26 23 17 29 16 16 31 14 20 9 21 23 24 28 19 25 19 21 15 30 16 21 32 20 27 4 20 29 0 23 24 18 19 25 20 24 24 31 28 22 26 15 27 22 30 13 24 19 17 20 19 17 20 20 20 23 24 21 20 17 17 18 16 17 20 18 19 18 16 11 12 11 12 10 12 13 14 15 16 18 19 19 18 17 17 16
10 24 12 19 24 22 20 18 19 21 4 12 22 8 18 20 4 14 23 16 18 25 12 5 23 20 3 2 22 23 2 23 16 14 24 21 4 26 9 21 19 5 23 23 0 3 26 15 20 24 4 1 25 22 3 8 19 30 16 24 12 3 10 14 13 11 11 9 5 6 3 3 4 5 14 14 13 13 13 8 9 10 9 10 21 21 18 18 16 14 12 11 10 9 7 6 6 8 8 8 9
9 26 13 21 26 24 22 16 20 20 2 11 24 6 20 22 2 14 25 15 20 27 11 5 23 22 2 2 24 25 3 25 14 16 26 20 3 28 9 23 20 6 25 24 3 0 25 16 22 26 2 2 27 24 4 7 18 32 18 26 12 1 9 15 11 9 10 9 6 6 3 1 4 5 14 15 12 13 13 8 7 8 7 9 20 20 17 18 16 15 12 12 11 10 8 7 7 8 9 9 9
16 30 17 24 35 33 25 15 18 12 25 18 33 20 28 31 23 17 34 11 23 36 14 24 21 25 25 27 33 29 27 29 15 19 35 7 25 37 20 32 16 22 34 18 26 25 0 19 30 29 24 26 36 33 26 26 8 36 27 35 17 25 19 18 20 19 18 20 22 22 26 25 24 23 17 20 18 16 18 20 19 19 18 16 8 6 10 11 13 16 17 18 18 19 21 22 23 21 21 21 20
11 23 3 18 26 24 20 18 15 14 15 8 24 14 20 22 15 3 25 12 17 27 8 12 19 19 14 16 24 22 17 23 15 13 26 16 13 28 9 23 15 10 25 19 15 16 19 0 22 23 14 16 27 24 14 20 15 29 18 26 7 16 10 3 14 14 6 8 10 10 14 15 12 11 2 4 4 3 3 9 13 12 13 11 15 15 11 12 11 9 7 7 8 8 9 9 12 12 11 11 10
26 12 19 17 7 5 19 32 22 26 22 18 4 26 4 7 23 21 6 28 18 8 24 19 23 21 21 21 4 11 21 11 30 16 7 28 20 9 21 3 22 18 6 25 20 22 30 22 0 12 23 21 8 5 18 27 27 29 4 7 16 21 22 21 30 28 21 21 18 18 20 21 19 18 21 21 20 20 20 20 24 24 25 26 25 25 23 22 19 17 16 16 15 16 17 18 16 14 14 15 15
25 2 21 11 16 14 13 31 19 25 26 17 14 29 9 12 27 23 15 27 13 17 23 23 17 20 25 24 14 5 25 5 29 12 16 27 24 18 25 13 20 22 15 20 24 26 29 23 12 0 26 25 17 14 22 31 26 23 8 16 16 25 26 22 29 28 23 24 22 22 24 25 23 22 22 22 22 22 21 24 27 28 27 25 24 24 22 21 18 16 16 17 18 19 21 22 20 18 18 19 18
8 27 11 22 27 25 23 16 20 19 1 12 25 6 20 23 3 13 26 15 21 28 11 5 23 23 2 4 25 26 4 26 14 17 27 19 3 29 9 24 20 6 26 24 4 2 24 14 23 26 0 4 28 25 6 7 18 33 19 27 12 2 9 13 11 9 9 8 6 6 3 2 4 5 13 13 11 12 12 8 7 8 7 8 20 20 17 17 17 15 12 12 11 10 8 7 7 9 9 9 10
10 25 13 20 25 23 21 17 20 21 4 13 23 7 19 21 3 15 24 16 19 26 12 6 23 21 4 1 23 24 1 24 16 15 25 21 5 27 10 22 20 6 24 24 1 2 26 16 21 25 4 0 26 23 4 8 19 31 17 25 12 2 10 15 12 10 12 10 6 7 3 3 5 5 15 15 14 14 14 9 9 9 9 10 21 21 18 19 17 15 12 12 11 10 8 7 7 9 9 9 10
31 17 25 22 1 3 24 38 27 32 27 23 7 31 9 12 29 27 2 33 23 0 29 24 28 27 27 26 7 16 26 16 35 21 1 33 25 1 26 6 28 24 2 31 25 27 36 27 8 17 28 26 0 3 23 32 32 34 9 1 22 27 27 26 35 33 27 26 24 23 25 27 24 23 27 26 26 26 25 25 30 29 31 31 30 30 29 27 24 22 22 21 20 21 22 23 21 20 19 20 20
28 14 22 19 2 0 21 35 24 29 24 20 4 28 6 9 26 24 1 30 20 3 26 21 25 24 24 23 4 13 23 13 32 18 2 30 22 4 23 3 25 21 1 28 22 24 33 24 5 14 25 23 3 0 20 29 29 31 6 2 19 24 24 23 32 30 24 23 21 20 22 24 21 20 24 23 23 23 22 22 27 26 28 28 27 27 26 24 21 19 19 18 17 18 19 20 18 17 16 17 17
13 22 11 17 22 20 18 20 18 21 6 11 20 10 16 18 6 13 21 18 16 23 14 4 21 18 5 3 20 21 4 21 18 12 22 22 4 24 8 19 18 4 21 22 3 4 26 14 18 22 6 4 23 20 0 11 21 28 14 22 10 5 9 13 15 13 10 8 4 5 4 5 3 3 13 13 12 12 12 7 11 11 11 13 21 21 18 17 15 13 10 10 9 8 6 5 5 6 6 7 8
11 31 17 26 31 29 28 17 24 22 7 18 29 8 25 27 5 19 30 15 25 32 13 11 27 27 8 9 29 30 9 30 14 22 31 20 9 33 14 28 23 12 30 26 8 7 26 20 27 31 7 8 32 29 11 0 18 38 23 31 18 7 12 19 14 12 15 14 12 13 9 7 10 11 19 19 17 18 18 13 10 11 11 11 22 22 18 19 19 21 18 18 17 16 14 13 13 15 15 15 16
10 27 13 20 31 29 22 9 14 10 18 15 29 13 25 27 16 13 30 3 20 32 7 19 17 22 19 20 29 25 20 26 8 16 31 3 20 33 14 28 14 17 30 15 19 18 8 15 27 26 18 19 32 29 21 18 0 32 23 31 13 18 12 14 14 13 13 14 17 16 20 18 19 18 13 16 14 12 14 14 12 13 12 10 6 5 5 8 10 12 13 14 15 15 17 17 19 17 17 17 16
31 24 27 18 33 31 17 38 26 32 32 23 31 35 27 29 34 29 32 33 19 34 29 29 24 26 32 31 31 23 31 23 35 18 33 33 30 35 32 30 27 28 32 27 30 32 36 29 29 23 33 31 34 31 28 38 32 0 25 33 22 32 33 28 35 34 29 31 28 29 31 32 30 29 28 28 28 28 27 31 34 34 33 31 30 30 29 27 24 22 22 23 24 25 27 28 27 25 25 26 25
22 8 16 13 8 6 15 29 18 23 18 14 6 22 2 4 20 18 7 24 14 9 20 15 19 18 18 17 6 7 17 7 26 12 8 24 16 10 17 5 19 15 7 22 16 18 27 18 4 8 19 17 9 6 14 23 23 25 0 8 13 18 18 17 26 24 18 17 15 14 16 18 15 14 18 17 17 17 16 16 21 20 22 22 21 21 20 18 15 13 13 12 11 12 13 14 12 11 10 11 11
30 16 24 21 1 2 23 37 26 31 26 22 6 30 8 11 28 26 1 32 22 1 28 23 27 26 26 25 6 15 25 15 34 20 1 32 24 2 25 5 27 23 1 30 24 26 35 26 7 16 27 25 1 2 22 31 31 33 8 0 21 26 26 25 34 32 26 25 23 22 24 26 23 22 26 25 25 25 24 24 29 28 30 30 29 29 28 26 23 21 21 20 19 20 21 22 20 19 18 19 19
12 16 5 12 21 19 13 19 9 11 12 2 19 15 14 17 13 7 20 14 12 22 10 8 13 14 11 12 19 15 13 16 17 8 21 14 9 23 10 18 9 7 20 13 12 12 17 7 16 16 12 12 22 19 10 18 13 22 13 21 0 12 11 6 16 15 7 9 7 7 10 12 9 8 6 6 6 6 5 9 13 12 14 12 11 11 10 7 5 3 0 1 2 3 5 6 7 7 6 5 4
9 26 13 20 26 24 22 16 20 20 2 12 24 6 19 22 2 15 25 15 20 27 11 5 23 22 3 3 24 25 3 25 15 16 26 20 4 28 10 23 20 6 25 24 3 1 25 16 21 25 2 2 27 24 5 7 18 32 18 26 12 0 9 15 11 9 11 9 6 7 3 2 5 5 15 15 13 14 14 9 7 8 8 9 20 20 17 18 17 15 12 12 11 10 8 7 7 9 9 9 10
7 26 7 21 26 24 23 13 16 14 9 11 24 4 20 22 7 8 25 9 21 27 6 7 19 22 9 11 24 25 11 25 11 17 26 14 8 28 4 23 16 5 25 19 10 9 19 10 22 26 9 10 27 24 9 12 12 33 18 26 11 9 0 9 8 6 5 2 5 4 9 9 7 6 8 10 6 7 8 2 3 2 4 7 14 14 11 11 11 13 11 10 9 8 6 5 7 9 9 9 10
10 22 2 16 25 23 18 17 13 13 13 7 23 13 18 21 14 3 24 11 16 26 7 11 16 18 13 15 23 21 16 22 14 12 25 15 12 27 9 22 13 9 24 17 14 15 18 3 21 22 13 15 26 23 13 19 14 28 17 25 6 15 9 0 13 13 5 7 9 9 13 14 11 10 1 3 3 2 2 8 12 11 12 10 14 14 10 11 10 8 6 6 7 7 8 8 11 11 10 10 9
4 29 12 23 34 32 25 12 17 15 11 18 32 6 27 30 9 12 33 11 23 35 7 14 20 24 12 13 32 28 13 28 10 19 34 15 13 36 10 31 17 13 33 20 13 11 20 14 30 29 11 12 35 32 15 14 14 35 26 34 16 11 8 13 0 2 13 10 13 12 13 11 14 14 12 15 13 11 13 10 6 7 6 4 15 15 12 13 12 15 16 16 17 16 14 13 15 16 17 17 17
3 28 12 22 32 30 24 11 16 14 9 17 30 4 25 28 7 12 31 10 22 33 7 12 19 23 10 11 30 27 11 27 9 18 32 14 11 34 8 29 16 11 31 19 11 9 19 14 28 28 9 10 33 30 13 12 13 34 24 32 15 9 6 13 2 0 11 8 11 10 11 9 12 12 12 15 12 11 13 8 4 5 5 3 15 15 12 12 12 14 15 16 15 14 12 11 13 14 15 15 15
9 23 3 19 26 24 20 16 14 13 9 9 24 9 19 22 10 5 25 11 18 27 7 8 18 20 8 12 24 22 12 23 14 15 26 14 9 28 4 23 15 6 25 17 11 10 18 6 21 23 9 12 27 24 10 15 13 29 18 26 7 11 5 5 13 11 0 4 6 6 10 9 8 8 5 6 2 4 3 4 8 7 9 9 13 13 10 10 9 10 7 7 7 6 7 7 9 10 10 9 9
9 25 5 19 25 23 21 15 17 16 8 10 23 6 18 21 9 6 24 11 19 26 8 5 21 21 7 10 23 24 10 24 13 15 25 16 6 27 2 22 16 4 24 20 9 9 20 8 21 24 8 10 26 23 8 14 14 31 17 25 9 9 2 7 10 8 4 0 4 5 8 8 6 6 6 8 4 5 6 3 5 4 6 9 14 14 11 11 10 12 9 9 8 7 6 5 7 8 9 8 9
11 22 7 17 23 21 19 18 15 18 5 7 21 9 16 19 7 9 22 14 17 24 10 2 18 19 5 6 21 21 7 21 16 13 23 18 3 25 4 20 16 0 22 20 5 6 22 10 18 22 6 6 24 21 4 12 17 28 15 23 7 6 5 9 13 11 6 4 0 1 4 5 2 2 9 9 8 8 8 3 8 7 9 11 17 17 14 13 12 10 7 6 5 4 2 1 3 4 5 4 5
10 22 8 17 22 20 19 17 16 17 6 8 20 8 16 18 8 8 21 13 17 23 9 3 19 18 5 7 20 21 8 21 15 13 22 17 4 24 4 19 16 1 21 20 6 6 22 10 18 22 6 7 23 20 5 13 16 29 14 22 7 7 4 9 12 10 6 5 1 0 5 6 3 3 8 9 7 7 8 2 7 6 8 10 16 16 13 13 12 10 7 7 5 5 3 2 4 5 6 5 6
10 24 11 19 24 22 21 18 18 21 3 11 22 8 18 20 4 12 23 17 19 25 13 4 21 20 2 4 22 23 4 23 16 15 24 21 2 26 8 21 19 4 23 23 3 3 26 14 20 24 3 3 25 22 4 9 20 31 16 24 10 3 9 13 13 11 10 8 4 5 0 2 2 3 12 13 11 11 11 7 9 9 9 10 21 21 17 17 15 13 10 10 9 8 6 5 5 7 7 7 8
9 26 12 20 26 24 22 16 19 20 1 11 24 6 19 22 2 13 25 15 20 27 11 5 23 22 1 3 24 25 3 25 15 16 26 20 3 28 8 23 20 5 25 24 3 1 25 15 21 25 2 3 27 24 5 7 18 32 18 26 12 2 9 14 11 9 9 8 5 6 2 0 4 4 13 14 11 12 12 8 7 8 7 9 20 20 17 18 16 14 12 11 10 9 7 6 7 8 8 8 9
11 23 9 18 23 21 19 19 16 19 4 9 21 9 16 19 5 11 22 16 17 24 12 2 19 19 3 5 21 22 5 22 17 13 23 20 2 25 6 20 17 2 22 21 4 4 24 12 19 23 4 5 24 21 3 10 19 30 15 23 9 5 7 11 14 12 8 6 2 3 2 4 0 1 11 11 10 10 10 5 10 9 10 11 19 19 16 15 13 11 9 8 7 6 4 3 4 5 6 5 6
12 22 8 17 22 20 18 19 16 18 4 8 20 10 16 18 6 10 21 15 16 23 11 1 19 18 4 5 20 21 6 21 17 12 22 19 2 24 6 19 16 2 21 20 5 5 23 11 18 22 5 5 23 20 3 11 18 29 14 22 8 5 6 10 14 12 8 6 2 3 3 4 1 0 10 10 9 9 9 4 9 8 10 12 18 18 15 14 13 11 8 7 6 5 3 2 3 5 5 5 6
9 22 2 17 26 24 19 16 13 12 13 8 24 12 19 22 14 2 25 10 17 27 6 11 17 19 12 15 24 21 16 22 13 13 26 14 12 28 8 23 14 9 25 17 14 14 17 2 21 22 13 15 27 24 13 19 13 28 18 26 6 15 8 1 12 12 5 6 9 8 12 13 11 10 0 4 3 1 3 7 11 10 11 9 13 13 9 10 9 9 6 6 7 7 8 8 11 11 11 10 9
12 22 3 17 25 23 19 18 13 15 14 7 23 14 19 21 14 5 24 13 16 26 9 11 16 18 13 15 23 21 16 22 16 12 25 17 12 27 10 22 13 9 24 17 14 15 20 4 21 22 13 15 26 23 13 19 16 28 17 25 6 15 10 3 15 15 6 8 9 9 13 14 11 10 4 0 4 4 4 10 13 12 14 12 15 15 12 13 10 8 6 6 7 7 8 8 11 11 11 10 9
10 22 1 17 25 23 19 16 14 13 11 7 23 10 18 21 12 3 24 11 17 26 7 9 17 19 10 14 23 21 14 22 14 13 25 15 10 27 6 22 14 8 24 18 13 12 18 4 20 22 11 14 26 23 12 17 14 28 17 25 6 13 6 3 13 12 2 4 8 7 11 11 10 9 3 4 0 2 2 6 9 8 10 10 13 13 10 11 10 8 6 5 6 6 7 7 10 10 10 9 8
8 22 1 17 25 23 19 15 13 11 12 7 23 11 18 21 13 1 24 9 17 26 5 10 16 19 11 14 23 21 15 22 12 13 25 13 11 27 7 22 13 8 24 16 13 13 16 3 20 22 12 14 26 23 12 18 12 28 17 25 6 14 7 2 11 11 4 5 8 7 11 12 10 9 1 4 2 0 2 6 10 9 10 8 12 12 8 9 8 8 6 5 6 6 7 7 10 10 10 9 8
10 21 1 17 24 22 18 16 13 13 12 6 22 12 18 20 13 3 23 11 16 25 7 10 16 18 11 14 22 20 15 21 14 12 24 15 11 26 7 21 13 8 23 17 13 13 18 3 20 21 12 14 25 22 12 18 14 27 16 24 5 14 8 2 13 13 3 6 8 8 11 12 10 9 3 4 2 2 0 6 10 9 11 10 13 13 10 10 10 8 5 5 6 6 7 7 9 10 9 9 8
9 24 7 19 24 22 21 15 17 15 7 10 22 6 18 20 8 7 23 11 19 25 7 5 20 20 7 9 22 23 10 23 13 15 24 15 6 26 2 21 17 3 23 20 8 8 20 9 20 24 8 9 25 22 7 13 14 31 16 24 9 9 2 8 10 8 4 3 3 2 7 8 5 4 7 10 6 6 6 0 5 4 6 9 14 14 11 11 11 12 9 9 7 7 5 4 6 7 8 7 8
4 28 10 22 29 27 23 12 15 14 7 13 27 2 22 25 6 11 28 9 21 30 5 10 19 23 8 9 27 27 9 27 10 17 29 13 9 31 5 26 15 8 28 18 9 7 19 13 24 27 7 9 30 27 11 10 12 34 21 29 13 7 3 12 6 4 8 5 8 7 9 7 10 9 11 13 9 10 10 5 0 1 1 4 14 14 11 11 11 14 13 12 11 10 8 7 9 10 11 11 11
5 28 9 23 28 26 24 12 16 14 8 12 26 3 22 24 6 10 27 10 22 29 6 9 19 24 9 10 26 27 10 27 10 18 28 14 10 30 4 25 16 7 27 19 10 8 19 12 24 28 8 9 29 26 11 11 13 34 20 28 12 8 2 11 7 5 7 4 7 6 9 8 9 8 10 12 8 9 9 4 1 0 2 5 15 15 11 12 12 14 12 11 10 9 7 6 8 10 10 10 11
3 27 11 21 30 28 23 11 15 13 7 14 28 3 23 26 6 11 29 9 21 31 5 11 18 23 8 9 28 26 10 27 9 17 30 13 10 32 6 27 15 9 29 18 9 7 18 13 25 27 7 9 31 28 11 11 12 33 22 30 14 8 4 12 6 5 9 6 9 8 9 7 10 10 11 14 10 10 11 6 1 2 0 3 14 14 11 11 11 13 14 13 12 11 9 8 10 11 12 12 12
0 25 9 19 30 28 21 8 13 11 9 14 28 4 24 26 7 9 29 7 19 31 4 13 16 20 9 11 28 24 11 24 6 15 30 11 11 32 9 27 13 11 29 16 10 9 16 11 26 25 8 10 31 28 13 11 10 31 22 30 12 9 7 10 4 3 9 9 11 10 10 9 11 12 9 12 10 8 10 9 4 5 3 0 12 12 9 9 9 11 12 13 14 13 12 11 12 14 14 14 15
12 24 12 18 29 27 20 15 12 5 20 13 27 15 23 25 18 13 28 9 18 30 9 19 15 19 21 22 27 23 22 23 14 14 29 8 20 31 16 26 10 17 28 11 21 20 8 15 25 24 20 21 30 27 21 22 6 30 21 29 11 20 14 14 15 15 13 14 17 16 21 20 19 18 13 15 13 12 13 14 14 15 14 12 0 4 8 9 11 13 11 12 13 14 16 17 18 18 17 16 15
12 24 12 18 29 27 20 13 12 6 20 13 27 15 23 25 18 13 28 8 18 30 9 19 15 19 21 22 27 23 22 23 13 14 29 6 20 31 16 26 11 17 28 12 21 20 6 15 25 24 20 21 30 27 21 22 5 30 21 29 11 20 14 14 15 15 13 14 17 16 21 20 19 18 13 15 13 12 13 14 14 15 14 12 4 0 5 5 8 10 11 12 13 14 15 16 17 16 15 15 14
9 23 9 17 28 26 18 12 10 7 17 11 26 12 21 24 15 9 27 6 16 29 6 16 14 18 17 19 26 22 19 22 11 12 28 6 17 30 12 25 10 14 27 11 18 17 10 11 23 22 17 18 29 26 18 18 5 29 20 28 10 17 11 10 12 12 10 11 14 13 17 17 16 15 9 12 10 8 10 11 11 11 11 9 8 5 0 5 6 9 10 11 11 12 14 15 16 14 14 14 13
9 22 10 15 26 24 17 15 9 7 18 9 24 13 20 22 16 10 25 9 15 27 7 15 12 17 18 19 24 20 20 21 14 11 26 9 16 28 13 23 9 13 25 12 18 18 11 12 22 21 17 19 27 24 17 19 8 27 18 26 7 18 11 11 13 12 10 11 13 13 17 18 15 14 10 13 11 9 10 11 11 12 11 9 9 5 5 0 4 6 7 8 9 10 11 12 13 11 11 11 10
9 18 9 12 23 21 14 16 7 8 16 7 21 12 17 19 16 9 22 11 12 24 7 13 11 13 15 17 21 17 17 17 14 8 23 11 14 25 12 20 6 12 22 10 16 16 13 11 19 18 17 17 24 21 15 19 10 24 15 23 5 17 11 10 12 12 9 10 12 12 15 16 13 13 9 10 10 8 10 11 11 12 11 9 11 8 6 4 0 3 5 6 7 8 10 11 12 10 10 10 9
11 16 7 10 21 19 12 18 8 10 14 5 19 15 15 17 16 9 20 13 10 22 9 11 12 12 14 15 19 15 15 16 16 6 21 13 12 23 13 18 8 10 20 12 14 15 16 9 17 16 15 15 22 19 13 21 12 22 13 21 3 15 13 8 15 14 10 12 10 10 13 14 11 11 9 8 8 8 8 12 14 14 13 11 13 10 9 6 3 0 3 4 5 6 8 9 9 8 7 8 7
12 16 5 12 21 19 13 19 9 11 12 2 19 15 14 17 13 7 20 14 12 22 10 8 13 14 11 12 19 15 13 16 17 8 21 14 9 23 10 18 9 7 20 13 12 12 17 7 16 16 12 12 22 19 10 18 13 22 13 21 0 12 11 6 16 15 7 9 7 7 10 12 9 8 6 6 6 6 5 9 13 12 14 12 11 11 10 7 5 3 0 1 2 3 5 6 7 7 6 5 4
13 17 4 13 20 18 14 19 10 12 11 2 18 14 14 16 13 6 19 14 12 21 10 8 13 14 11 12 18 16 13 17 17 9 20 15 9 22 10 17 10 6 19 14 11 12 18 7 16 17 12 12 21 18 10 18 14 23 12 20 1 12 10 6 16 16 7 9 6 7 10 11 8 7 6 6 5 5 5 9 12 11 13 13 12 12 11 8 6 4 1 0 2 3 4 5 7 7 6 5 4
14 18 5 13 19 17 15 20 11 13 10 3 17 13 13 15 12 7 18 15 13 20 11 7 14 15 9 11 17 17 11 18 18 9 19 16 8 21 8 16 11 5 18 15 10 11 18 8 15 18 11 11 20 17 9 17 15 24 11 19 2 11 9 7 17 15 7 8 5 5 9 10 7 6 7 7 6 6 6 7 11 10 12 14 13 13 11 9 7 5 2 2 0 1 3 4 5 5 4 3 2
13 19 5 14 20 18 16 20 12 14 9 4 18 12 13 16 11 7 19 15 14 21 11 6 15 15 8 10 18 18 10 19 18 10 20 17 7 22 7 17 12 4 19 16 9 10 19 8 16 19 10 10 21 18 8 16 15 25 12 20 3 10 8 7 16 14 6 7 4 5 8 9 6 5 7 7 6 6 6 7 10 9 11 13 14 14 12 10 8 6 3 3 1 0 2 3 4 5 4 3 3
12 21 6 16 21 19 18 19 13 16 7 5 19 10 15 17 9 8 20 15 15 22 12 4 16 17 7 8 19 20 9 20 17 12 21 18 5 23 6 18 14 2 20 18 7 8 21 9 17 21 8 8 22 19 6 14 17 27 13 21 5 8 6 8 14 12 7 6 2 3 6 7 4 3 8 8 7 7 7 5 8 7 9 12 16 15 14 11 10 8 5 4 3 2 0 1 4 5 4 4 4
11 22 6 17 22 20 18 18 14 17 6 6 20 9 16 18 8 8 21 14 16 23 11 3 17 18 6 7 20 21 8 21 16 12 22 19 4 24 5 19 15 1 21 19 6 7 22 9 18 22 7 7 23 20 5 13 17 28 14 22 6 7 5 8 13 11 7 5 1 2 5 6 3 2 8 8 7 7 7 4 7 6 8 11 17 16 15 12 11 9 6 5 4 3 1 0 3 4 4 4 5
12 20 9 15 20 18 17 20 15 17 7 7 18 11 14 16 8 11 19 16 14 21 12 3 18 16 6 7 18 19 8 19 18 10 20 20 4 22 7 17 15 3 19 19 6 7 23 12 16 20 7 7 21 18 5 13 19 27 12 20 7 7 7 11 15 13 9 7 3 4 5 7 4 3 11 11 10 10 9 6 9 8 10 12 18 17 16 13 12 9 7 7 5 4 4 3 0 2 2 3 4
14 19 9 13 19 17 15 22 14 16 8 7 17 12 12 15 10 11 18 18 13 20 14 5 17 15 7 8 17 18 9 18 20 9 19 19 6 21 8 16 14 4 18 18 8 8 21 12 14 18 9 9 20 17 6 15 17 25 11 19 7 9 9 11 16 14 10 8 4 5 7 8 5 5 11 11 10 10 10 7 10 10 11 14 18 16 14 11 10 8 7 7 5 5 5 4 2 0 1 2 3
14 18 9 13 18 16 15 22 13 15 9 6 16 13 12 14 10 11 17 18 12 19 14 5 16 14 8 8 16 17 9 17 20 8 18 18 6 20 8 15 13 5 17 17 8 9 21 11 14 18 9 9 19 16 6 15 17 25 10 18 6 9 9 10 17 15 10 9 5 6 7 8 6 5 11 11 10 10 9 8 11 10 12 14 17 15 14 11 10 7 6 6 4 4 4 4 2 1 0 1 2
14 19 8 14 19 17 15 22 13 15 8 5 17 13 12 15 10 10 18 18 13 20 14 5 16 15 7 9 17 18 9 18 20 9 19 18 6 21 8 16 13 4 18 17 8 9 21 11 15 19 9 9 20 17 7 15 17 26 11 19 5 9 9 10 17 15 9 8 4 5 7 8 5 5 10 10 9 9 9 7 11 10 12 14 16 15 14 11 10 8 5 5 3 3 4 4 3 2 1 0 1
15 19 7 13 19 17 15 22 12 14 9 4 17 13 12 15 11 9 18 17 13 20 13 6 15 15 8 10 17 18 10 18 20 9 19 17 7 21 9 16 12 5 18 16 9 9 20 10 15 18 10 10 20 17 8 16 16 25 11 19 4 10 10 9 17 15 9 9 5 6 8 9 6 6 9 9 8 8 8 8 11 11 12 15 15 14 13 10 9 7 4 4 2 3 4 5 4 3 2 1 0