0 30 5 13 28 34 10 3 19 14 5 17 31 6 17 11 30 27 8 24 11 32 8 20 6 3 25 6 28 14 17 14 10 14 12 15 6 16 12 11 7 9 26 13 21 11 11 13 22 23 8 6 30 30 12 11 32 22 9 17 10 9 7 10 4 3 9 9 11 10 10 9 11 12 9 12 10 8 10 9 4 5 3 0 12 12 9 9 9 11 12 13 14 13 12 11 12 14 14 14 15
30 0 31 26 15 8 30 30 21 24 30 26 1 31 26 28 2 4 26 15 32 2 26 14 31 30 16 31 5 32 18 31 30 34 24 18 35 21 29 30 28 26 7 30 24 25 32 32 8 28 25 31 2 1 26 28 2 24 30 20 38 26 26 25 34 32 26 25 23 22 24 26 23 22 26 25 25 25 24 24 29 28 30 30 29 29 28 26 23 21 21 20 19 20 21 22 20 19 18 19 19
5 31 0 18 30 35 7 2 23 19 3 22 32 3 22 15 31 28 13 28 16 33 12 25 5 3 30 6 29 19 17 18 7 19 11 14 9 14 16 16 6 7 27 17 26 9 16 18 23 26 12 6 31 31 17 14 33 26 14 21 8 7 5 14 7 5 10 7 10 9 9 8 11 11 13 16 11 12 13 7 3 4 4 5 16 15 12 13 13 15 16 15 14 13 11 10 12 13 14 14 14
13 26 18 0 22 30 23 16 15 7 18 10 27 19 9 12 26 23 10 18 16 28 10 15 19 16 19 16 24 16 14 10 23 17 17 12 19 17 8 13 20 19 22 13 17 20 16 15 18 15 14 16 26 26 3 11 28 18 14 14 23 21 16 13 17 16 15 18 16 16 19 20 17 16 14 14 14 14 14 18 16 17 16 13 12 12 11 10 8 9 10 11 11 12 14 15 15 13 13 14 13
28 15 30 22 0 19 28 29 14 20 29 20 16 29 20 26 15 12 24 8 30 16 24 8 29 29 10 30 13 30 16 25 28 32 23 17 33 19 23 28 27 24 11 28 17 24 30 30 7 22 23 30 15 14 19 26 16 17 28 19 36 24 25 23 32 30 24 23 21 21 23 24 21 20 24 23 23 23 22 23 27 26 28 28 27 27 26 24 21 19 19 19 17 18 20 20 18 17 16 17 17
34 8 35 30 19 0 34 34 25 28 34 30 9 35 30 32 8 8 30 19 36 9 30 18 35 34 20 35 9 36 22 35 34 38 28 22 39 25 33 34 32 30 11 34 28 29 36 36 12 32 29 35 8 7 30 32 9 28 34 24 42 30 30 29 38 36 30 29 27 26 28 30 27 26 30 29 29 29 28 28 33 32 34 34 33 33 32 30 27 25 25 24 23 24 25 26 24 23 22 23 23
10 30 7 23 28 34 0 9 24 23 10 27 31 8 27 20 30 27 18 29 21 31 18 26 9 10 30 12 28 24 15 23 0 24 10 14 14 13 21 21 8 7 26 22 27 8 21 23 22 29 17 12 30 29 22 20 31 27 19 20 10 5 12 18 14 12 14 13 10 11 7 6 9 9 18 19 16 17 17 13 10 11 10 10 21 21 18 18 18 19 17 16 15 14 12 11 12 13 14 13 14
3 30 2 16 29 34 9 0 22 17 2 20 31 3 20 14 30 27 11 27 14 32 11 23 4 2 28 4 28 17 16 17 9 17 10 13 8 14 15 14 5 6 26 16 24 9 14 16 22 25 11 4 30 30 15 13 32 25 12 20 10 6 4 13 6 4 8 6 9 8 9 7 10 10 12 14 10 11 11 6 2 3 2 3 15 14 11 12 12 14 15 14 13 12 10 9 11 12 13 13 13
19 21 23 15 14 25 24 22 0 12 24 12 22 25 12 17 21 18 15 11 21 23 14 7 25 22 12 21 19 21 12 18 24 22 19 12 23 15 16 19 23 20 17 19 6 19 21 21 13 14 17 21 21 21 12 17 23 6 19 12 27 20 21 16 23 22 19 19 17 17 19 20 17 17 17 17 17 17 17 19 22 22 21 19 18 18 16 15 12 10 13 13 13 14 16 17 15 13 13 13 13
14 24 19 7 20 28 23 17 12 0 19 12 25 20 12 12 24 21 10 16 16 26 9 12 20 17 17 16 22 16 11 14 23 17 16 11 20 14 11 14 18 18 20 14 15 19 17 16 16 14 12 16 24 24 4 11 26 15 14 12 24 19 17 11 18 17 13 16 14 14 17 18 15 14 12 11 12 12 11 16 16 17 16 14 13 12 11 10 6 5 7 8 9 10 12 13 14 12 12 12 11
5 30 3 18 29 34 10 2 24 19 0 22 31 4 22 16 30 27 13 29 16 32 13 25 4 4 30 6 28 19 16 19 10 19 10 14 10 13 17 16 4 6 26 18 26 8 16 18 22 27 13 6 30 30 17 15 32 27 14 21 11 7 6 15 8 6 10 8 11 10 9 8 10 10 14 15 12 13 13 8 4 5 4 5 17 16 13 14 14 16 16 15 15 14 12 11 12 14 14 14 15
17 26 22 10 20 30 27 20 12 12 22 0 27 23 4 14 26 23 14 16 19 28 13 12 23 20 17 21 24 16 17 10 27 20 20 16 23 20 8 14 24 22 22 13 15 23 20 16 18 10 18 21 26 26 9 15 28 15 17 18 27 23 20 17 21 20 19 21 18 18 21 22 19 18 18 18 18 18 17 20 20 21 20 17 15 16 15 14 12 12 13 13 13 14 16 17 18 17 17 16 15
31 1 32 27 16 9 31 31 22 25 31 27 0 32 27 29 3 5 27 16 33 1 27 15 32 31 17 32 6 33 19 32 31 35 25 19 36 22 30 31 29 27 8 31 25 26 33 33 9 29 26 32 3 2 27 29 1 25 31 21 39 27 27 26 35 33 27 26 24 23 25 27 24 23 27 26 26 26 25 25 30 29 31 31 30 30 29 27 24 22 22 21 20 21 22 23 21 20 19 20 20
6 31 3 19 29 35 8 3 25 20 4 23 32 0 23 17 31 28 14 30 17 32 14 26 5 5 31 7 29 20 16 20 8 20 10 14 11 14 18 17 5 6 27 19 27 9 17 19 23 28 13 7 31 30 18 16 32 28 15 21 10 6 6 15 8 6 11 8 11 10 9 7 10 10 14 16 12 13 14 8 5 5 5 6 18 17 14 15 15 17 16 16 15 14 12 11 12 14 14 14 15
17 26 22 9 20 30 27 20 12 12 22 4 27 23 0 14 26 23 14 16 19 28 13 12 23 20 17 21 24 16 17 11 27 20 20 16 23 20 8 14 24 22 22 13 15 23 20 16 18 10 17 21 26 26 9 15 28 15 17 18 27 22 20 17 21 20 19 20 18 18 21 22 19 18 18 18 17 17 16 20 20 21 19 17 15 16 15 13 12 12 13 13 13 14 16 17 17 17 16 15 14
11 28 15 12 26 32 20 14 17 12 16 14 29 17 14 0 28 25 5 22 7 30 5 19 17 14 24 13 26 7 16 8 20 7 17 15 13 19 6 6 18 20 24 8 20 22 8 6 20 20 11 13 28 28 11 2 30 20 8 16 20 20 14 13 15 14 12 15 17 17 20 20 18 18 12 15 13 11 14 15 13 14 13 11 1 2 5 5 8 10 11 12 13 14 15 16 17 16 15 15 14
30 2 31 26 15 8 30 30 21 24 30 26 3 31 26 28 0 4 26 15 32 3 26 14 31 30 16 31 5 32 18 31 30 34 24 18 35 21 29 30 28 26 7 30 24 25 32 32 8 28 25 31 0 1 26 28 3 24 30 20 38 26 26 25 34 32 26 25 23 22 24 26 23 22 26 25 25 25 24 24 29 28 30 30 29 29 28 26 23 21 21 20 19 20 21 22 20 19 18 19 19
27 4 28 23 12 8 27 27 18 21 27 23 5 28 23 25 4 0 23 12 29 6 22 11 28 27 13 28 1 29 14 28 27 30 21 15 31 17 26 27 25 23 3 27 20 22 29 29 5 25 22 28 4 4 22 25 6 21 27 17 35 22 23 22 31 29 22 22 19 19 21 22 20 19 22 22 22 22 21 21 25 25 26 27 26 26 24 23 20 18 17 17 16 17 18 19 17 15 15 16 16
8 26 13 10 24 30 18 11 15 10 13 14 27 14 14 5 26 23 0 20 9 28 1 17 14 11 22 11 24 10 14 10 18 10 15 12 13 16 8 7 15 17 22 8 18 19 9 9 18 18 8 11 26 26 8 5 28 18 7 14 18 17 10 10 12 11 9 12 14 14 17 17 15 15 9 12 10 8 11 12 10 11 10 8 6 6 5 1 5 7 8 9 10 11 12 13 14 12 12 12 11
24 15 28 18 8 19 29 27 11 16 29 16 16 30 16 22 15 12 20 0 26 17 20 4 30 27 5 26 13 26 16 21 29 28 23 17 29 20 19 25 27 25 11 24 13 24 26 27 7 18 22 26 15 15 15 22 17 14 24 18 32 25 25 21 28 27 23 24 22 21 23 25 22 21 22 22 22 22 21 23 27 27 26 24 23 23 22 20 17 15 17 17 17 18 20 21 19 18 17 18 18
11 32 16 16 30 36 21 14 21 16 16 19 33 17 19 7 32 29 9 26 0 34 9 23 17 14 27 13 30 11 19 14 21 5 19 18 8 22 12 12 18 20 28 13 23 22 3 10 24 25 12 13 32 32 14 7 34 24 3 19 18 19 13 14 14 14 14 15 18 17 21 20 20 19 13 17 14 12 15 15 13 14 13 11 8 6 6 9 10 13 14 15 15 16 18 18 20 18 18 18 17
32 2 33 28 16 9 31 32 23 26 32 28 1 32 28 30 3 6 28 17 34 0 27 16 33 32 18 33 7 34 19 33 31 35 26 19 36 22 31 32 30 27 8 32 25 26 34 34 10 30 26 33 3 2 27 29 0 26 32 22 40 27 28 26 35 33 27 26 24 24 26 27 24 24 27 27 26 26 26 26 30 30 31 32 31 30 29 28 25 23 22 22 21 21 23 24 22 20 20 20 20
8 26 12 10 24 30 18 11 14 9 13 13 27 14 13 5 26 22 1 20 9 27 0 16 14 11 21 10 23 10 13 9 18 10 14 12 12 16 7 7 15 17 22 7 17 19 8 9 18 18 8 10 26 25 9 4 27 18 7 13 17 17 11 10 12 11 9 12 14 14 17 17 15 15 9 12 10 8 11 12 10 11 10 8 5 5 4 1 5 7 8 9 10 11 12 13 14 12 12 12 11
20 14 25 15 8 18 26 23 7 12 25 12 15 26 12 19 14 11 17 4 23 16 16 0 26 23 5 22 12 23 14 18 26 24 20 15 25 17 16 21 23 22 10 20 10 22 23 23 6 14 18 22 14 14 12 18 16 11 20 14 29 22 22 18 24 23 20 21 18 19 20 22 19 18 19 18 18 18 17 20 23 23 23 20 19 19 18 17 13 12 13 13 14 15 16 17 16 15 14 15 15
6 31 5 19 29 35 9 4 25 20 4 23 32 5 23 17 31 28 14 30 17 33 14 26 0 5 31 7 29 20 17 20 9 20 9 14 12 14 18 17 3 7 27 19 27 9 17 19 23 28 12 7 31 31 18 16 33 28 15 21 12 8 5 14 9 7 10 7 10 9 9 8 9 10 13 14 11 12 13 7 5 5 5 6 18 17 14 15 15 17 15 14 14 13 11 10 12 13 14 13 14
3 30 3 16 29 34 10 2 22 17 4 20 31 5 20 14 30 27 11 27 14 32 11 23 5 0 28 5 28 17 16 17 10 17 10 13 9 15 15 14 6 8 26 16 24 10 14 16 22 25 11 5 30 30 15 14 32 25 12 20 10 8 4 13 6 4 9 6 9 8 10 9 11 10 12 15 10 11 12 6 2 3 2 3 15 15 11 12 12 14 15 14 13 12 10 9 11 12 13 13 13
25 16 30 19 10 20 30 28 12 17 30 17 17 31 17 24 16 13 22 5 27 18 21 5 31 28 0 27 14 28 17 22 30 29 24 18 30 21 21 26 28 26 12 25 14 25 28 28 8 19 23 27 16 16 16 23 18 15 25 19 34 26 26 23 29 28 24 25 23 22 24 26 23 22 24 23 23 23 22 24 28 28 27 25 24 24 23 22 18 16 18 18 19 20 21 22 20 19 18 19 19
6 31 6 16 30 35 12 4 21 16 6 21 32 7 21 13 31 28 11 26 13 33 10 22 7 5 27 0 29 17 17 15 12 16 11 14 12 17 14 15 8 10 27 14 23 12 13 17 23 24 9 0 31 31 15 12 33 24 11 19 13 10 5 11 3 4 10 7 10 9 12 10 12 11 10 14 11 9 12 7 4 4 3 6 13 13 10 11 10 13 14 15 14 13 11 10 12 14 14 14 15
28 5 29 24 13 9 28 28 19 22 28 24 6 29 24 26 5 1 24 13 30 7 23 12 29 28 14 29 0 30 15 29 28 31 22 16 32 18 27 28 26 24 3 28 21 23 30 30 6 26 23 29 5 5 23 26 7 22 28 18 36 23 24 23 32 30 23 23 20 20 22 23 21 20 23 23 23 23 22 22 26 26 27 28 27 27 25 24 21 19 18 18 17 18 19 20 18 16 16 17 17
14 32 19 16 30 36 24 17 21 16 19 16 33 20 16 7 32 29 10 26 11 34 10 23 20 17 28 17 30 0 20 7 24 12 21 18 18 22 8 3 21 23 28 7 24 25 13 1 24 22 14 17 32 32 14 7 34 24 12 19 24 23 17 16 18 17 15 18 20 20 24 23 22 21 15 18 16 14 17 18 16 17 16 14 7 8 9 10 11 13 14 15 16 17 18 19 20 19 18 18 17
17 18 17 14 16 22 15 16 12 11 16 17 19 16 17 16 18 14 14 16 19 19 13 14 17 16 17 17 15 20 0 18 15 21 10 3 22 6 17 18 14 11 14 17 14 10 20 20 10 19 12 17 18 17 13 15 19 15 17 7 24 11 12 12 19 17 12 10 8 8 10 11 8 7 13 12 12 12 11 10 14 13 15 17 16 16 15 14 10 8 8 7 6 6 7 7 6 4 4 4 4
14 31 18 10 25 35 23 17 18 14 19 10 32 20 11 8 31 28 10 21 14 33 9 18 20 17 22 15 29 7 18 0 23 14 20 17 18 21 3 5 21 23 27 5 20 25 14 7 23 17 14 15 31 31 10 9 33 21 12 18 23 23 17 16 18 17 15 18 20 20 24 23 22 21 15 18 16 14 17 18 16 17 16 14 9 10 9 10 11 13 14 15 16 17 18 19 20 18 18 18 17
10 30 7 23 28 34 0 9 24 23 10 27 31 8 27 20 30 27 18 29 21 31 18 26 9 10 30 12 28 24 15 23 0 24 10 14 14 13 21 21 8 7 26 22 27 8 21 23 22 29 17 12 30 29 22 20 31 27 19 20 10 5 12 18 14 12 14 13 10 11 7 6 9 9 18 19 16 17 17 13 10 11 10 10 21 21 18 18 18 19 17 16 15 14 12 11 12 13 14 13 14
14 34 19 17 32 38 24 17 22 17 19 20 35 20 20 7 34 30 10 28 5 35 10 24 20 17 29 16 31 12 21 14 24 0 21 20 11 24 12 11 21 23 30 14 25 25 4 11 26 26 15 16 34 33 16 6 35 26 6 21 21 22 16 17 17 17 17 18 21 20 24 23 23 22 16 19 17 15 18 18 16 17 16 14 7 5 9 10 12 14 16 17 17 18 20 21 22 20 20 20 19
12 24 11 17 23 28 10 10 19 16 10 20 25 10 20 17 24 21 15 23 19 26 14 20 9 10 24 11 22 21 10 20 10 21 0 7 17 10 18 19 7 4 20 19 21 8 19 21 16 22 9 11 24 24 15 17 26 22 17 15 18 6 6 10 13 11 6 4 3 2 5 5 4 4 10 11 8 9 9 4 8 7 9 12 18 18 14 15 14 12 9 8 7 6 4 3 5 7 7 7 8
15 18 14 12 17 22 14 13 12 11 14 16 19 14 16 15 18 15 12 17 18 19 12 15 14 13 18 14 16 18 3 17 14 20 7 0 20 5 15 17 11 8 14 16 14 9 19 19 10 18 10 14 18 17 12 14 19 15 16 8 22 9 9 10 16 14 10 8 5 5 8 9 6 5 11 10 9 10 9 7 11 11 12 15 15 15 14 12 9 7 6 5 4 4 4 5 3 1 1 2 2
6 35 9 19 33 39 14 8 23 20 10 23 36 11 23 13 35 31 13 29 8 36 12 25 12 9 30 12 32 18 22 18 14 11 17 20 0 22 16 17 13 14 31 17 26 17 8 17 27 27 13 12 35 34 18 12 36 27 8 22 10 14 11 15 10 9 14 13 16 15 16 15 17 17 14 18 15 13 16 13 10 10 9 6 13 11 10 13 14 16 17 18 19 19 17 16 18 20 20 20 20
16 21 14 17 19 25 13 14 15 14 13 20 22 14 20 19 21 17 16 20 22 22 16 17 14 15 21 17 18 22 6 21 13 24 10 5 22 0 20 20 12 10 17 20 18 8 22 22 13 22 14 17 21 20 16 18 22 18 20 11 21 8 12 14 19 17 12 10 8 8 7 9 7 7 15 15 14 14 13 10 14 13 15 16 19 19 18 15 13 11 10 10 8 8 8 8 5 4 4 5 6
12 29 16 8 23 33 21 15 16 11 17 8 30 18 8 6 29 26 8 19 12 31 7 16 18 15 21 14 27 8 17 3 21 12 18 15 16 20 0 6 19 21 25 6 18 23 12 8 21 14 12 14 29 29 7 7 31 19 10 17 21 21 15 14 16 15 14 17 19 18 22 21 20 19 13 16 14 12 15 16 15 15 14 12 7 8 8 8 9 11 12 13 14 15 17 18 18 16 16 17 16
11 30 16 13 28 34 21 14 19 14 16 14 31 17 14 6 30 27 7 25 12 32 7 21 17 14 26 15 28 3 18 5 21 11 19 17 17 20 6 0 18 20 26 4 22 22 13 2 22 20 12 15 30 30 13 6 32 22 9 18 21 20 14 14 15 14 13 16 18 18 21 20 19 18 13 15 14 12 15 16 14 15 14 11 6 7 7 7 8 11 12 13 13 14 16 17 18 16 16 16 15
7 28 6 20 27 32 8 5 23 18 4 24 29 5 24 18 28 25 15 27 18 30 15 23 3 6 28 8 26 21 14 21 8 21 7 11 13 12 19 18 0 5 24 20 25 7 18 20 20 26 10 8 28 28 19 17 30 26 16 19 13 6 5 11 9 7 7 5 8 7 6 6 6 7 11 11 9 10 10 5 6 6 6 7 19 18 15 16 15 14 12 11 11 10 9 8 9 10 11 10 11
9 26 7 19 24 30 7 6 20 18 6 22 27 6 22 20 26 23 17 25 20 27 17 22 7 8 26 10 24 23 11 23 7 23 4 8 14 10 21 20 5 0 22 22 22 5 20 22 18 24 12 10 26 25 18 19 27 23 18 16 14 3 9 13 11 9 9 8 5 6 3 2 4 4 13 14 11 12 12 7 8 8 8 9 21 20 17 18 16 14 12 11 10 9 7 6 6 8 8 8 9
26 7 27 22 11 11 26 26 17 20 26 22 8 27 22 24 7 3 22 11 28 8 22 10 27 26 12 27 3 28 14 27 26 30 20 14 31 17 25 26 24 22 0 26 20 21 28 28 4 24 21 27 7 6 22 24 8 20 26 16 34 22 22 21 30 28 22 21 19 18 20 22 19 18 22 21 21 21 20 20 25 24 26 26 25 25 24 22 19 17 17 16 15 16 17 18 16 15 14 15 15
13 30 17 13 28 34 22 16 19 14 18 13 31 19 13 8 30 27 8 24 13 32 7 20 19 16 25 14 28 7 17 5 22 14 19 16 17 20 6 4 20 22 26 0 21 24 13 6 22 19 13 14 30 30 12 8 32 22 10 17 22 22 16 15 17 16 15 18 20 19 23 22 21 20 14 17 15 13 16 17 16 16 15 13 8 9 9 8 10 12 13 14 15 16 18 19 19 17 17 18 17
21 24 26 17 17 28 27 24 6 15 26 15 25 27 15 20 24 20 18 13 23 25 17 10 27 24 14 23 21 24 14 20 27 25 21 14 26 18 18 22 25 22 20 21 0 21 24 24 16 17 20 23 24 23 14 19 25 9 21 15 30 23 23 19 25 24 21 22 19 19 21 23 20 19 20 19 20 20 19 21 24 25 24 21 20 20 19 18 14 13 15 15 16 17 18 19 17 15 15 16 16
11 25 9 20 24 29 8 9 19 19 8 23 26 9 23 22 25 22 19 24 22 26 19 22 9 10 25 12 23 25 10 25 8 25 8 9 17 8 23 22 7 5 21 24 21 0 22 24 17 25 14 12 25 24 19 21 26 22 20 15 16 3 11 16 14 12 12 10 7 7 4 4 5 6 15 16 14 14 15 9 10 11 10 11 23 22 20 19 17 15 12 12 11 10 9 8 7 8 9 9 10
11 32 16 16 30 36 21 14 21 17 16 20 33 17 20 8 32 29 9 26 3 34 8 23 17 14 28 13 30 13 20 14 21 4 19 19 8 22 12 13 18 20 28 13 24 22 0 12 24 24 13 13 32 32 15 7 34 24 4 20 18 20 14 15 15 14 14 16 18 17 21 20 20 19 14 17 15 13 16 15 13 14 13 11 8 6 6 9 11 13 14 15 16 17 18 19 20 19 18 18 17
13 32 18 15 30 36 23 16 21 16 18 16 33 19 16 6 32 29 9 27 10 34 9 23 19 16 28 17 30 1 20 7 23 11 21 19 17 22 8 2 20 22 28 6 24 24 12 0 24 22 14 17 32 32 15 6 34 24 11 20 23 22 16 16 17 16 15 18 20 20 23 22 21 20 15 17 16 14 17 18 16 17 16 13 6 7 9 9 10 13 14 15 15 16 18 19 20 18 18 18 17
22 8 23 18 7 12 22 22 13 16 22 18 9 23 18 20 8 5 18 7 24 10 18 6 23 22 8 23 6 24 10 23 22 26 16 10 27 13 21 22 20 18 4 22 16 17 24 24 0 20 17 23 8 8 18 20 10 16 22 12 30 18 18 17 26 24 18 17 15 14 16 18 15 14 18 17 17 17 16 16 21 20 22 22 21 21 20 18 15 13 13 12 11 12 13 14 12 11 10 11 11
23 28 26 15 22 32 29 25 14 14 27 10 29 28 10 20 28 25 18 18 25 30 18 14 28 25 19 24 26 22 19 17 29 26 22 18 27 22 14 20 26 24 24 19 17 25 24 22 20 0 20 24 28 28 12 21 30 17 22 20 31 25 24 20 27 26 21 23 20 21 23 24 21 20 21 20 20 20 19 23 26 25 25 23 21 22 21 19 16 14 15 15 16 17 18 19 20 19 19 18 17
8 25 12 14 23 29 17 11 17 12 13 18 26 13 17 11 25 22 8 22 12 26 8 18 12 11 23 9 23 14 12 14 17 15 9 10 13 14 12 12 10 12 21 13 20 14 13 14 17 20 0 9 25 24 12 10 26 20 10 15 16 14 7 2 11 11 4 5 8 7 11 12 10 9 1 5 3 0 3 6 10 9 10 8 12 11 8 9 8 10 7 7 8 8 9 9 11 11 11 11 10
6 31 6 16 30 35 12 4 21 16 6 21 32 7 21 13 31 28 11 26 13 33 10 22 7 5 27 0 29 17 17 15 12 16 11 14 12 17 14 15 8 10 27 14 23 12 13 17 23 24 9 0 31 31 15 12 33 24 11 19 13 10 5 11 3 4 10 7 10 9 12 10 12 11 10 14 11 9 12 7 4 4 3 6 13 13 10 11 10 13 14 15 14 13 11 10 12 14 14 14 15
30 2 31 26 15 8 30 30 21 24 30 26 3 31 26 28 0 4 26 15 32 3 26 14 31 30 16 31 5 32 18 31 30 34 24 18 35 21 29 30 28 26 7 30 24 25 32 32 8 28 25 31 0 1 26 28 3 24 30 20 38 26 26 25 34 32 26 25 23 22 24 26 23 22 26 25 25 25 24 24 29 28 30 30 29 29 28 26 23 21 21 20 19 20 21 22 20 19 18 19 19
30 1 31 26 14 7 29 30 21 24 30 26 2 30 26 28 1 4 26 15 32 2 25 14 31 30 16 31 5 32 17 31 29 33 24 17 34 20 29 30 28 25 6 30 23 24 32 32 8 28 24 31 1 0 25 27 2 24 30 20 38 25 26 24 33 31 25 24 22 22 24 25 22 22 25 25 24 24 24 24 28 28 29 30 29 28 27 26 23 21 20 20 19 19 21 22 20 18 18 18 18
12 26 17 3 19 30 22 15 12 4 17 9 27 18 9 11 26 22 8 15 14 27 9 12 18 15 16 15 23 14 13 10 22 16 15 12 18 16 7 13 19 18 22 12 14 19 15 15 18 12 12 15 26 25 0 10 27 15 12 13 22 18 15 12 16 15 14 16 13 14 16 18 14 14 13 12 13 12 12 16 15 16 14 12 11 11 10 8 7 6 8 8 9 10 11 12 13 13 12 11 10
11 28 14 11 26 32 20 13 17 11 15 15 29 16 15 2 28 25 5 22 7 29 4 18 16 14 23 12 26 7 15 9 20 6 17 14 12 18 7 6 17 19 24 8 19 21 7 6 20 21 10 12 28 27 10 0 29 20 7 15 19 19 14 12 15 14 12 15 17 17 21 20 19 18 11 15 13 10 13 15 13 14 13 11 3 1 6 5 8 10 11 12 13 14 15 16 17 15 15 15 14
32 2 33 28 16 9 31 32 23 26 32 28 1 32 28 30 3 6 28 17 34 0 27 16 33 32 18 33 7 34 19 33 31 35 26 19 36 22 31 32 30 27 8 32 25 26 34 34 10 30 26 33 3 2 27 29 0 26 32 22 40 27 28 26 35 33 27 26 24 24 26 27 24 24 27 27 26 26 26 26 30 30 31 32 31 30 29 28 25 23 22 22 21 21 23 24 22 20 20 20 20
22 24 26 18 17 28 27 25 6 15 27 15 25 28 15 20 24 21 18 14 24 26 18 11 28 25 15 24 22 24 15 21 27 26 22 15 27 18 19 22 26 23 20 22 9 22 24 24 16 17 20 24 24 24 15 20 26 0 22 16 30 23 24 19 26 25 22 22 20 20 22 23 20 20 20 20 20 20 20 22 25 25 24 22 21 21 20 18 15 13 16 16 16 17 19 20 18 16 16 16 16
9 30 14 14 28 34 19 12 19 14 14 17 31 15 17 8 30 27 7 24 3 32 7 20 15 12 25 11 28 12 17 12 19 6 17 16 8 20 10 9 16 18 26 10 21 20 4 11 22 22 10 11 30 30 12 7 32 22 0 17 17 17 11 12 12 12 12 13 16 15 19 17 18 17 11 15 12 10 13 13 11 12 10 9 8 6 4 7 8 10 12 13 13 14 16 16 18 16 16 16 15
17 20 21 14 19 24 20 20 12 12 21 18 21 21 18 16 20 17 14 18 19 22 13 14 21 20 19 19 18 19 7 18 20 21 15 8 22 11 17 18 19 16 16 17 15 15 20 20 12 20 15 19 20 20 13 15 22 16 17 0 26 16 17 14 21 20 16 15 13 13 15 16 13 12 15 14 15 15 14 15 19 18 19 17 16 16 15 13 10 8 10 11 9 10 12 12 11 9 9 9 9
10 38 8 23 36 42 10 10 27 24 11 27 39 10 27 20 38 35 18 32 18 40 17 29 12 10 34 13 36 24 24 23 10 21 18 22 10 21 21 21 13 14 34 22 30 16 18 23 30 31 16 13 38 38 22 19 40 30 17 26 0 14 13 18 14 12 17 15 18 17 16 14 17 18 17 21 19 16 19 15 11 12 11 10 21 20 17 18 18 20 21 22 22 21 19 18 20 21 22 21 22
9 26 7 21 24 30 5 6 20 19 7 23 27 6 22 20 26 22 17 25 19 27 17 22 8 8 26 10 23 23 11 23 5 22 6 9 14 8 21 20 6 3 22 22 23 3 20 22 18 25 14 10 26 25 18 19 27 23 17 16 14 0 9 15 11 9 11 9 6 7 3 2 5 5 15 15 13 14 14 9 7 8 8 9 20 20 17 18 17 15 13 12 11 10 8 7 7 9 9 9 10
7 26 5 16 25 30 12 4 21 17 6 20 27 6 20 14 26 23 10 25 13 28 11 22 5 4 26 5 24 17 12 17 12 16 6 9 11 12 15 14 5 9 22 16 23 11 14 16 18 24 7 5 26 26 15 14 28 24 11 17 13 9 0 9 8 6 5 2 5 4 9 9 7 6 8 11 6 7 8 2 3 2 4 7 14 14 11 11 11 13 11 10 9 8 6 5 7 9 9 9 10
10 25 14 13 23 29 18 13 16 11 15 17 26 15 17 13 25 22 10 21 14 26 10 18 14 13 23 11 23 16 12 16 18 17 10 10 15 14 14 14 11 13 21 15 19 16 15 16 17 20 2 11 25 24 12 12 26 19 12 14 18 15 9 0 13 13 5 7 9 9 13 14 11 10 1 3 3 2 2 8 12 11 12 10 14 13 10 11 10 8 6 6 7 7 8 8 11 11 10 10 9
4 34 7 17 32 38 14 6 23 18 8 21 35 8 21 15 34 31 12 28 14 35 12 24 9 6 29 3 32 18 19 18 14 17 13 16 10 19 16 15 9 11 30 17 25 14 15 17 26 27 11 3 34 33 16 15 35 26 12 21 14 11 8 13 0 2 13 10 13 12 14 13 15 14 12 16 13 11 14 10 6 7 6 4 15 15 12 13 12 15 16 17 17 16 14 13 15 16 17 17 17
3 32 5 16 30 36 12 4 22 17 6 20 33 6 20 14 32 29 11 27 14 33 11 23 7 4 28 4 30 17 17 17 12 17 11 14 9 17 15 14 7 9 28 16 24 12 14 16 24 26 11 4 32 31 15 14 33 25 12 20 12 9 6 13 2 0 11 8 11 10 12 11 13 12 12 15 12 11 13 8 4 5 5 3 15 15 12 12 12 14 15 16 15 14 12 11 13 14 15 15 15
9 26 10 15 24 30 14 8 19 13 10 19 27 11 19 12 26 22 9 23 14 27 9 20 10 9 24 10 23 15 12 15 14 17 6 10 14 12 14 13 7 9 22 15 21 12 14 15 18 21 4 10 26 25 14 12 27 22 12 16 17 11 5 5 13 11 0 4 7 6 10 9 9 8 5 6 2 4 3 4 8 7 9 9 13 13 10 10 9 10 7 7 7 6 7 7 9 11 10 9 9
9 25 7 18 23 29 13 6 19 16 8 21 26 8 20 15 25 22 12 24 15 26 12 21 7 6 25 7 23 18 10 18 13 18 4 8 13 10 17 16 5 8 21 18 22 10 16 18 17 23 5 7 25 24 16 15 26 22 13 15 15 9 2 7 10 8 4 0 6 5 9 9 7 7 6 9 4 5 6 3 5 4 6 9 14 14 11 11 10 12 9 9 8 7 7 6 8 9 9 9 10
11 23 10 16 21 27 10 9 17 14 11 18 24 11 18 17 23 19 14 22 18 24 14 18 10 9 23 10 20 20 8 20 10 21 3 5 16 8 19 18 8 5 19 20 19 7 18 20 15 20 8 10 23 22 13 17 24 20 16 13 18 6 5 9 13 11 7 6 0 1 5 6 3 2 9 9 8 8 8 3 8 7 9 11 17 17 14 13 12 10 7 6 5 4 2 1 3 4 5 4 5
10 22 9 16 21 26 11 8 17 14 10 18 23 10 18 17 22 19 14 21 17 24 14 19 9 8 22 9 20 20 8 20 11 20 2 5 15 8 18 18 7 6 18 19 19 7 17 20 14 21 7 9 22 22 14 17 24 20 15 13 17 7 4 9 12 10 6 5 1 0 6 6 4 3 8 9 7 7 8 2 7 6 8 10 16 16 13 13 12 10 7 7 5 5 3 2 4 5 6 5 6
10 24 9 19 23 28 7 9 19 17 9 21 25 9 21 20 24 21 17 23 21 26 17 20 9 10 24 12 22 24 10 24 7 24 5 8 16 7 22 21 6 3 20 23 21 4 21 23 16 23 11 12 24 24 16 21 26 22 19 15 16 3 9 13 14 12 10 9 5 6 0 2 2 3 12 13 11 11 11 7 9 9 9 10 21 21 17 17 15 13 10 10 9 8 6 5 5 7 7 7 8
9 26 8 20 24 30 6 7 20 18 8 22 27 7 22 20 26 22 17 25 20 27 17 22 8 9 26 10 23 23 11 23 6 23 5 9 15 9 21 20 6 2 22 22 23 4 20 22 18 24 12 10 26 25 18 20 27 23 17 16 14 2 9 14 13 11 9 9 6 6 2 0 4 4 13 14 11 12 12 8 7 8 7 9 20 20 17 18 16 14 12 11 10 9 7 6 7 8 8 8 9
11 23 11 17 21 27 9 10 17 15 10 19 24 10 19 18 23 20 15 22 20 24 15 19 9 11 23 12 21 22 8 22 9 23 4 6 17 7 20 19 6 4 19 21 20 5 20 21 15 21 10 12 23 22 14 19 24 20 18 13 17 5 7 11 15 13 9 7 3 4 2 4 0 1 11 11 10 10 10 5 10 9 10 11 19 19 16 15 13 11 9 8 7 6 4 3 4 5 6 5 6
12 22 11 16 20 26 9 10 17 14 10 18 23 10 18 18 22 19 15 21 19 24 15 18 10 10 22 11 20 21 7 21 9 22 4 5 17 7 19 18 7 4 18 20 19 6 19 20 14 20 9 11 22 22 14 18 24 20 17 12 18 5 6 10 14 12 8 7 2 3 3 4 1 0 10 10 9 9 9 4 9 8 10 12 18 18 15 14 13 11 8 7 6 5 3 2 3 5 5 5 6
9 26 13 14 24 30 18 12 17 12 14 18 27 14 18 12 26 22 9 22 13 27 9 19 13 12 24 10 23 15 13 15 18 16 10 11 14 15 13 13 11 13 22 14 20 15 14 15 18 21 1 10 26 25 13 11 27 20 11 15 17 15 8 1 12 12 5 6 9 8 12 13 11 10 0 4 4 1 3 7 11 10 11 9 13 12 9 10 9 9 7 6 8 7 9 9 11 12 11 10 9
12 25 16 14 23 29 19 14 17 11 15 18 26 16 18 15 25 22 12 22 17 27 12 18 14 15 23 14 23 18 12 18 19 19 11 10 18 15 16 15 11 14 21 17 19 16 17 17 17 20 5 14 25 25 12 15 27 20 15 14 21 15 11 3 16 15 6 9 9 9 13 14 11 10 4 0 5 5 4 10 14 13 14 12 16 16 12 13 10 8 6 6 7 7 8 8 11 11 11 10 9
10 25 11 14 23 29 16 10 17 12 12 18 26 12 17 13 25 22 10 22 14 26 10 18 11 10 23 11 23 16 12 16 16 17 8 9 15 14 14 14 9 11 21 15 20 14 15 16 17 20 3 11 25 24 13 13 26 20 12 15 19 13 6 3 13 12 2 4 8 7 11 11 10 9 4 5 0 3 2 6 9 8 10 10 14 14 11 11 10 9 6 6 7 6 8 8 10 10 10 9 9
8 25 12 14 23 29 17 11 17 12 13 18 26 13 17 11 25 22 8 22 12 26 8 18 12 11 23 9 23 14 12 14 17 15 9 10 13 14 12 12 10 12 21 13 20 14 13 14 17 20 0 9 25 24 12 10 26 20 10 15 16 14 7 2 11 11 4 5 8 7 11 12 10 9 1 5 3 0 3 6 10 9 10 8 12 11 8 9 8 10 7 7 8 8 9 9 11 11 11 11 10
10 24 13 14 22 28 17 11 17 11 13 17 25 14 16 14 24 21 11 21 15 26 11 17 13 12 22 12 22 17 11 17 17 18 9 9 16 13 15 15 10 12 20 16 19 15 16 17 16 19 3 12 24 24 12 13 26 20 13 14 19 14 8 2 14 13 3 6 8 8 11 12 10 9 3 4 2 3 0 6 10 9 11 10 13 13 10 10 10 8 5 5 6 6 7 7 9 10 9 9 8
9 24 7 18 23 28 13 6 19 16 8 20 25 8 20 15 24 21 12 23 15 26 12 20 7 6 24 7 22 18 10 18 13 18 4 7 13 10 16 16 5 7 20 17 21 9 15 18 16 23 6 7 24 24 16 15 26 22 13 15 15 9 2 8 10 8 4 3 3 2 7 8 5 4 7 10 6 6 6 0 5 4 6 9 14 14 11 11 11 12 9 9 7 7 5 4 6 7 8 7 8
4 29 3 16 27 33 10 2 22 16 4 20 30 5 20 13 29 25 10 27 13 30 10 23 5 2 28 4 26 16 14 16 10 16 8 11 10 14 15 14 6 8 25 16 24 10 13 16 21 26 10 4 29 28 15 13 30 25 11 19 11 7 3 12 6 4 8 5 8 7 9 7 10 9 11 14 9 10 10 5 0 1 1 4 14 14 11 11 11 14 13 12 11 10 8 7 9 10 11 11 11
5 28 4 17 26 32 11 3 22 17 5 21 29 5 21 14 28 25 11 27 14 30 11 23 5 3 28 4 26 17 13 17 11 17 7 11 10 13 15 15 6 8 24 16 25 11 14 17 20 25 9 4 28 28 16 14 30 25 12 18 12 8 2 11 7 5 7 4 7 6 9 8 9 8 10 13 8 9 9 4 1 0 2 5 15 15 11 12 12 14 12 11 10 9 7 6 8 10 10 10 11
3 30 4 16 28 34 10 2 21 16 4 20 31 5 19 13 30 26 10 26 13 31 10 23 5 2 27 3 27 16 15 16 10 16 9 12 9 15 14 14 6 8 26 15 24 10 13 16 22 25 10 3 30 29 14 13 31 24 10 19 11 8 4 12 6 5 9 6 9 8 9 7 10 10 11 14 10 10 11 6 1 2 0 3 14 14 11 11 11 13 14 13 12 11 9 8 10 11 12 12 12
0 30 5 13 28 34 10 3 19 14 5 17 31 6 17 11 30 27 8 24 11 32 8 20 6 3 25 6 28 14 17 14 10 14 12 15 6 16 12 11 7 9 26 13 21 11 11 13 22 23 8 6 30 30 12 11 32 22 9 17 10 9 7 10 4 3 9 9 11 10 10 9 11 12 9 12 10 8 10 9 4 5 3 0 12 12 9 9 9 11 12 13 14 13 12 11 12 14 14 14 15
12 29 16 12 27 33 21 15 18 13 17 15 30 18 15 1 29 26 6 23 8 31 5 19 18 15 24 13 27 7 16 9 21 7 18 15 13 19 7 6 19 21 25 8 20 23 8 6 21 21 12 13 29 29 11 3 31 21 8 16 21 20 14 14 15 15 13 14 17 16 21 20 19 18 13 16 14 12 13 14 14 15 14 12 0 3 6 6 9 11 12 13 14 15 16 17 18 16 16 16 15
12 29 15 12 27 33 21 14 18 12 16 16 30 17 16 2 29 26 6 23 6 30 5 19 17 15 24 13 27 8 16 10 21 5 18 15 11 19 8 7 18 20 25 9 20 22 6 7 21 22 11 13 29 28 11 1 30 21 6 16 20 20 14 13 15 15 13 14 17 16 21 20 19 18 12 16 14 11 13 14 14 15 14 12 3 0 5 5 8 10 11 12 13 14 15 16 17 16 15 15 14
9 28 12 11 26 32 18 11 16 11 13 15 29 14 15 5 28 24 5 22 6 29 4 18 14 11 23 10 25 9 15 9 18 9 14 14 10 18 8 7 15 17 24 9 19 20 6 9 20 21 8 10 28 27 10 6 29 20 4 15 17 17 11 10 12 12 10 11 14 13 17 17 16 15 9 12 11 8 10 11 11 11 11 9 6 5 0 5 6 9 10 11 11 12 14 15 16 14 14 14 13
9 26 13 10 24 30 18 12 15 10 14 14 27 15 13 5 26 23 1 20 9 28 1 17 15 12 22 11 24 10 14 10 18 10 15 12 13 15 8 7 16 18 22 8 18 19 9 9 18 19 9 11 26 26 8 5 28 18 7 13 18 18 11 11 13 12 10 11 13 13 17 18 15 14 10 13 11 9 10 11 11 12 11 9 6 5 5 0 4 6 7 8 9 10 11 12 13 11 11 11 10
9 23 13 8 21 27 18 12 12 6 14 12 24 15 12 8 23 20 5 17 10 25 5 13 15 12 18 10 21 11 10 11 18 12 14 9 14 13 9 8 15 16 19 10 14 17 11 10 15 16 8 10 23 23 7 8 25 15 8 10 18 17 11 10 12 12 9 10 12 12 15 16 13 13 9 10 10 8 10 11 11 12 11 9 9 8 6 4 0 3 6 7 8 9 10 11 12 10 10 10 9
11 21 15 9 19 25 19 14 10 5 16 12 22 17 12 10 21 18 7 15 13 23 7 12 17 14 16 13 19 13 8 13 19 14 12 7 16 11 11 11 14 14 17 12 13 15 13 13 13 14 10 13 21 21 6 10 23 13 10 8 20 15 13 8 15 14 10 12 10 10 13 14 11 11 9 8 9 10 8 12 14 14 13 11 11 10 9 6 3 0 3 4 5 6 8 9 9 8 7 8 7
12 21 16 10 19 25 17 15 13 7 16 13 22 16 13 11 21 17 8 17 14 22 8 13 15 15 18 14 18 14 8 14 17 16 9 6 17 10 12 12 12 12 17 13 15 12 14 14 13 15 7 14 21 20 8 11 22 16 12 10 21 13 11 6 16 15 7 9 7 7 10 12 9 8 7 6 6 7 5 9 13 12 14 12 12 11 10 7 6 3 0 1 2 3 5 6 7 7 6 5 4
13 20 15 11 19 24 16 14 13 8 15 13 21 16 13 12 20 17 9 17 15 22 9 13 14 14 18 15 18 15 7 15 16 17 8 5 18 10 13 13 11 11 16 14 15 12 15 15 12 15 7 15 20 20 8 12 22 16 13 11 22 12 10 6 17 16 7 9 6 7 10 11 8 7 6 6 6 7 5 9 12 11 13 13 13 12 11 8 7 4 1 0 2 3 4 5 7 6 6 5 4
14 19 14 11 17 23 15 13 13 9 15 13 20 15 13 13 19 16 10 17 15 21 10 14 14 13 19 14 17 16 6 16 15 17 7 4 19 8 14 13 11 10 15 15 16 11 16 15 11 16 8 14 19 19 9 13 21 16 13 9 22 11 9 7 17 15 7 8 5 5 9 10 7 6 8 7 7 8 6 7 11 10 12 14 14 13 11 9 8 5 2 2 0 1 3 4 5 5 4 3 2
13 20 13 12 18 24 14 12 14 10 14 14 21 14 14 14 20 17 11 18 16 21 11 15 13 12 20 13 18 17 6 17 14 18 6 4 19 8 15 14 10 9 16 16 17 10 17 16 12 17 8 13 20 19 10 14 21 17 14 10 21 10 8 7 16 14 6 7 4 5 8 9 6 5 7 7 6 8 6 7 10 9 11 13 15 14 12 10 9 6 3 3 1 0 2 3 4 5 4 3 3
12 21 11 14 20 25 12 10 16 12 12 16 22 12 16 15 21 18 12 20 18 23 12 16 11 10 21 11 19 18 7 18 12 20 4 4 17 8 17 16 9 7 17 18 18 9 18 18 13 18 9 11 21 21 11 15 23 19 16 12 19 8 6 8 14 12 7 7 2 3 6 7 4 3 9 8 8 9 7 5 8 7 9 12 16 15 14 11 10 8 5 4 3 2 0 1 4 5 4 4 4
11 22 10 15 20 26 11 9 17 13 11 17 23 11 17 16 22 19 13 21 18 24 13 17 10 9 22 10 20 19 7 19 11 21 3 5 16 8 18 17 8 6 18 19 19 8 19 19 14 19 9 10 22 22 12 16 24 20 16 12 18 7 5 8 13 11 7 6 1 2 5 6 3 2 9 8 8 9 7 4 7 6 8 11 17 16 15 12 11 9 6 5 4 3 1 0 3 4 4 4 5
12 20 12 15 18 24 12 11 15 14 12 18 21 12 17 17 20 17 14 19 20 22 14 16 12 11 20 12 18 20 6 20 12 22 5 3 18 5 18 18 9 6 16 19 17 7 20 20 12 20 11 12 20 20 13 17 22 18 18 11 20 7 7 11 15 13 9 8 3 4 5 7 4 3 11 11 10 11 9 6 9 8 10 12 18 17 16 13 12 9 7 7 5 4 4 3 0 2 2 3 4
14 19 13 13 17 23 13 12 13 12 14 17 20 14 17 16 19 15 12 18 18 20 12 15 13 12 19 14 16 19 4 18 13 20 7 1 20 4 16 16 10 8 15 17 15 8 19 18 11 19 11 14 19 18 13 15 20 16 16 9 21 9 9 11 16 14 11 9 4 5 7 8 5 5 12 11 10 11 10 7 10 10 11 14 16 16 14 11 10 8 7 6 5 5 5 4 2 0 1 2 3
14 18 14 13 16 22 14 13 13 12 14 17 19 14 16 15 18 15 12 17 18 20 12 14 14 13 18 14 16 18 4 18 14 20 7 1 20 4 16 16 11 8 14 17 15 9 18 18 10 19 11 14 18 18 12 15 20 16 16 9 22 9 9 10 17 15 10 9 5 6 7 8 6 5 11 11 10 11 9 8 11 10 12 14 16 15 14 11 10 7 6 6 4 4 4 4 2 1 0 1 2
14 19 14 14 17 23 13 13 13 12 14 16 20 14 15 15 19 16 12 18 18 20 12 15 13 13 19 14 17 18 4 18 13 20 7 2 20 5 17 16 10 8 15 18 16 9 18 18 11 18 11 14 19 18 11 15 20 16 16 9 21 9 9 10 17 15 9 9 4 5 7 8 5 5 10 10 9 11 9 7 11 10 12 14 16 15 14 11 10 8 5 5 3 3 4 4 3 2 1 0 1
15 19 14 13 17 23 14 13 13 11 15 15 20 15 14 14 19 16 11 18 17 20 11 15 14 13 19 15 17 17 4 17 14 19 8 2 20 6 16 15 11 9 15 17 16 10 17 17 11 17 10 15 19 18 10 14 20 16 15 9 22 10 10 9 17 15 9 10 5 6 8 9 6 6 9 9 9 10 8 8 11 11 12 15 15 14 13 10 9 7 4 4 2 3 4 5 4 3 2 1 0