0 15 30 8 38 20 6 6 17 6 31 5 15 12 18 10 17 16 17 7 18 19 10 24 13 28 11 8 25 12 6 12 10 29 7 12 25 8 17 10 30 12 22 13 10 7 21 11 28 30 16 1 24 14 31 22 10 22 10 11 21 9 7 10 4 3 9 9 11 10 10 9 11 12 9 12 10 8 10 9 4 5 3 0 12 12 9 9 9 11 12 13 14 13 12 11 12 14 14 14 15
15 0 22 16 36 17 12 14 20 15 23 13 13 8 15 21 20 6 22 10 15 16 7 21 21 20 18 13 22 16 12 15 11 20 20 7 17 12 20 6 22 6 19 16 9 18 18 20 20 22 7 15 23 4 23 21 21 22 19 18 18 7 9 13 17 15 10 8 5 6 6 7 4 4 13 13 12 12 12 7 12 11 13 15 19 19 17 14 13 11 10 9 8 7 6 5 3 3 4 5 6
30 22 0 28 41 14 31 32 26 34 2 32 21 25 22 33 26 19 30 27 20 20 26 16 33 2 29 26 17 27 31 26 30 15 34 24 10 30 26 23 2 24 24 26 28 31 22 31 6 0 21 30 29 18 2 27 33 27 30 29 24 26 27 25 34 32 26 25 23 23 25 26 23 22 26 25 25 25 24 25 29 28 30 30 29 29 28 27 23 22 21 21 19 20 22 22 20 19 18 19 19
8 16 28 0 36 18 13 10 15 13 29 12 13 15 16 7 15 16 12 11 15 16 18 22 8 26 5 9 23 11 14 10 17 26 8 14 22 13 15 13 28 16 19 11 17 10 18 5 26 28 17 8 21 13 29 22 7 20 4 5 19 17 11 10 12 11 10 13 14 13 18 17 16 16 9 13 10 8 11 12 11 11 10 8 6 6 2 4 6 8 9 10 11 12 13 14 15 13 13 13 12
38 36 41 36 0 27 43 40 31 43 42 43 26 38 25 41 31 34 35 41 25 23 40 31 41 39 37 37 31 32 44 31 44 36 42 37 35 43 30 36 41 38 23 31 42 39 25 39 39 41 35 38 33 32 42 30 41 32 38 37 24 40 40 36 42 41 38 39 37 36 38 40 37 36 37 36 36 36 36 38 41 42 41 38 37 37 36 35 31 30 32 32 32 33 35 36 34 33 32 33 33
20 17 14 18 27 0 25 22 12 25 15 24 8 19 8 23 12 15 16 23 6 6 22 4 23 12 19 18 5 13 26 12 26 10 24 19 10 25 12 18 14 19 10 12 24 21 8 21 12 14 17 20 15 14 15 13 23 13 20 19 10 21 22 18 24 23 19 21 18 18 20 21 19 18 18 18 18 18 17 20 23 23 22 20 19 19 18 16 13 11 13 13 14 15 16 17 16 15 14 15 15
6 12 31 13 43 25 0 7 23 6 32 3 20 11 23 15 23 13 21 7 22 24 7 29 19 29 16 13 30 18 4 18 10 29 11 10 25 6 23 10 31 9 26 19 8 12 25 16 29 31 13 5 28 13 32 26 15 27 15 16 26 7 6 15 8 6 11 8 11 10 9 8 11 11 14 16 12 13 14 8 5 5 5 6 17 17 13 14 14 16 17 16 15 14 12 11 13 14 13 14 15
6 14 32 10 40 22 7 0 20 8 33 6 17 11 20 11 20 16 17 6 19 21 11 26 17 30 13 10 27 16 7 15 12 30 10 11 26 7 20 9 32 13 23 16 11 6 22 13 30 32 17 7 25 14 33 23 11 23 12 13 23 10 5 11 4 4 10 7 10 9 12 10 12 11 10 14 11 9 12 7 4 4 3 6 13 13 10 11 10 13 14 15 14 13 11 10 12 14 14 14 15
17 20 26 15 31 12 23 20 0 23 27 22 13 20 12 20 4 19 9 22 12 12 23 16 16 24 14 19 17 10 23 9 27 22 22 20 21 23 4 18 26 20 15 10 26 21 14 17 24 26 20 18 11 17 27 9 20 10 17 14 14 23 20 17 21 20 19 21 18 18 21 22 19 18 18 18 18 18 17 20 20 21 20 17 15 16 15 14 12 12 13 13 13 14 16 17 18 18 17 16 15
6 15 34 13 43 25 6 8 23 0 35 3 20 14 23 15 23 16 21 9 23 24 10 29 19 32 16 13 30 18 5 18 7 33 11 14 29 9 23 12 34 13 26 19 7 12 26 16 32 34 17 5 28 17 35 26 15 27 15 16 26 9 8 15 10 8 13 10 13 12 11 10 12 13 14 18 14 13 16 10 6 7 6 6 17 17 13 14 14 16 17 18 17 16 14 13 15 16 17 17 17
31 23 2 29 42 15 32 33 27 35 0 33 22 26 23 34 27 20 31 28 21 21 27 17 34 3 30 27 18 28 32 27 31 16 35 25 11 31 27 24 3 25 25 27 29 32 23 32 7 2 22 31 30 19 2 28 34 28 31 30 25 27 28 26 35 33 27 26 24 24 26 27 24 23 27 26 26 26 25 26 30 29 31 31 30 30 29 28 24 23 22 22 20 21 23 23 21 20 19 20 20
5 13 32 12 43 24 3 6 22 3 33 0 20 11 22 14 22 14 20 6 22 23 8 28 18 30 15 12 29 17 3 17 7 30 11 11 26 6 22 9 32 10 26 18 6 10 25 15 30 32 14 5 27 14 33 25 14 25 14 15 25 7 5 14 7 5 10 7 10 9 9 8 11 11 13 16 11 12 13 7 3 4 4 5 16 16 12 13 13 15 16 15 14 13 11 10 12 13 14 14 14
15 13 21 13 26 8 20 17 13 20 22 20 0 16 5 18 13 10 17 18 5 7 17 12 18 19 14 14 13 12 21 11 21 18 19 15 17 20 13 14 21 15 10 12 19 16 9 16 19 21 12 15 16 9 22 14 18 15 15 14 9 17 17 13 19 18 15 16 14 14 15 17 14 13 14 13 14 14 13 15 18 19 18 15 14 14 13 12 8 7 9 9 10 11 12 13 11 10 9 10 10
12 8 25 15 38 19 11 11 20 14 26 11 16 0 18 18 20 10 22 7 18 19 8 23 21 23 17 9 24 17 11 16 11 23 17 2 19 9 20 2 25 4 22 16 9 14 21 17 23 25 10 12 23 7 26 22 18 22 16 17 21 7 6 11 13 11 6 4 3 2 6 6 5 5 10 11 8 9 9 4 9 8 10 12 18 18 15 15 14 12 9 9 7 6 5 4 5 7 7 7 8
18 15 22 16 25 8 23 20 12 23 23 22 5 18 0 21 12 12 17 21 2 7 19 12 20 20 16 17 12 13 24 12 23 18 22 18 16 23 12 16 21 18 9 13 22 19 9 18 20 22 14 18 15 12 23 13 21 14 17 16 8 19 20 15 22 21 18 18 16 16 18 19 16 16 16 16 16 17 16 18 21 21 20 18 17 17 16 14 11 9 12 12 12 13 15 16 14 12 12 12 12
10 21 33 7 41 23 15 11 20 15 34 14 18 18 21 0 20 22 18 13 20 22 20 27 10 31 8 13 28 16 16 15 19 32 4 18 28 15 20 16 33 20 24 16 18 9 24 7 31 33 22 10 26 18 34 27 0 25 6 8 24 18 12 15 13 13 14 14 17 16 20 18 19 18 14 17 15 13 16 14 12 13 11 10 8 6 7 9 11 13 14 15 16 17 18 17 19 19 18 18 17
17 20 26 15 31 12 23 20 4 23 27 22 13 20 12 20 0 19 9 22 12 12 23 16 16 24 14 18 17 10 23 9 27 22 22 20 21 23 2 18 26 20 15 10 25 21 14 18 24 26 20 18 11 16 27 9 20 9 17 14 14 22 20 17 21 20 19 20 18 18 21 22 19 18 18 18 17 17 16 20 20 21 19 17 15 16 15 13 12 12 13 13 13 14 16 17 17 17 16 15 14
16 6 19 16 34 15 13 16 19 16 20 14 10 10 12 22 19 0 21 12 12 13 7 18 21 17 18 14 20 16 13 15 12 18 22 9 15 14 19 8 19 7 16 16 10 20 15 20 17 19 2 16 22 4 20 20 22 21 19 18 17 8 11 14 18 16 12 10 7 8 7 8 6 6 15 14 14 14 13 9 13 13 14 16 19 19 17 14 13 11 10 10 8 8 8 7 5 3 4 5 6
17 22 30 12 35 16 21 17 9 21 31 20 17 22 17 18 9 21 0 19 16 16 25 20 9 28 11 16 21 11 22 10 25 26 18 22 25 21 10 21 30 22 19 11 24 18 18 13 28 30 22 16 17 18 31 15 18 14 14 11 19 26 20 19 21 20 19 22 22 21 25 26 23 22 18 19 19 17 19 21 20 20 19 17 12 13 13 13 12 14 16 17 17 18 20 21 20 19 18 19 19
7 10 27 11 41 23 7 6 22 9 28 6 18 7 21 13 22 12 19 0 20 22 10 26 18 25 14 8 27 17 7 16 12 26 12 6 22 4 22 5 27 8 24 17 10 9 24 14 25 27 13 7 26 9 28 24 13 24 13 14 24 10 2 10 8 6 5 3 6 5 9 9 8 7 9 11 7 8 8 3 4 3 5 7 15 15 12 12 12 14 12 11 10 9 7 6 8 9 9 10 10
18 15 20 15 25 6 22 19 12 23 21 22 5 18 2 20 12 12 16 20 0 6 19 10 20 18 16 17 11 13 24 12 23 16 21 17 16 23 12 16 20 17 8 12 21 19 8 18 18 20 14 18 15 11 21 13 20 13 17 16 8 19 20 15 22 21 18 18 16 16 18 19 16 15 16 15 16 16 15 18 20 21 20 18 17 17 15 14 11 9 12 12 12 13 15 15 13 12 11 12 12
19 16 20 16 23 6 24 21 12 24 21 23 7 19 7 22 12 13 16 22 6 0 20 10 21 18 17 18 11 13 25 12 24 16 23 19 16 24 12 17 20 19 4 12 22 20 6 19 18 20 15 19 15 13 21 13 22 13 18 17 4 20 21 16 23 22 19 19 17 17 19 20 17 17 17 17 17 17 17 19 22 22 21 19 18 18 16 15 12 10 13 13 13 14 16 17 15 13 13 13 13
10 7 26 18 40 22 7 11 23 10 27 8 17 8 19 20 23 7 25 10 19 20 0 25 23 24 21 15 27 20 7 19 6 25 17 8 22 10 23 7 26 6 23 20 5 16 22 21 24 26 9 11 26 9 27 24 20 24 20 21 23 2 10 15 12 10 12 10 6 7 4 3 5 6 15 15 14 14 14 9 9 9 9 10 22 22 18 19 17 15 12 12 11 10 8 7 7 9 9 9 10
24 21 16 22 31 4 29 26 16 29 17 28 12 23 12 27 16 18 20 26 10 10 25 0 27 14 23 22 2 17 30 16 29 11 28 23 11 29 16 22 16 23 14 16 27 25 12 25 14 16 20 24 19 17 17 17 27 17 24 23 14 25 26 22 28 27 23 24 22 22 24 25 22 21 22 22 22 22 21 24 27 27 26 24 23 23 22 20 17 15 17 17 18 19 20 21 19 18 17 18 18
13 21 33 8 41 23 19 17 16 19 34 18 18 21 20 10 16 21 9 18 20 21 23 27 0 31 6 15 28 16 19 14 23 31 14 21 27 19 15 20 33 22 24 15 23 17 23 8 31 33 22 14 22 18 34 21 10 21 7 6 23 22 16 16 17 16 15 18 20 20 23 22 21 20 15 17 16 14 17 18 16 17 15 13 6 7 9 9 10 12 14 15 15 16 18 19 20 18 18 18 17
28 20 2 26 39 12 29 30 24 32 3 30 19 23 20 31 24 17 28 25 18 18 24 14 31 0 27 24 15 25 29 24 28 13 32 22 8 28 24 21 2 22 22 24 26 29 20 29 4 2 19 28 27 16 3 25 31 25 28 27 22 24 25 23 32 30 24 23 21 21 23 24 21 20 24 23 23 23 22 23 27 26 28 28 27 27 26 25 21 20 19 19 17 18 20 20 18 17 16 17 17
11 18 29 5 37 19 16 13 14 16 30 15 14 17 16 8 14 18 11 14 16 17 21 23 6 27 0 11 24 12 17 10 20 27 11 17 23 16 14 16 29 19 20 11 20 13 19 4 27 29 19 11 21 15 30 22 8 20 4 0 20 20 14 13 15 14 12 15 17 16 20 20 18 18 12 15 13 11 14 15 13 14 13 11 1 2 5 5 8 10 11 12 13 14 15 16 17 16 15 15 14
8 13 26 9 37 18 13 10 19 13 27 12 14 9 17 13 18 14 16 8 17 18 15 22 15 24 11 0 23 14 14 13 17 24 12 9 20 11 19 8 26 11 20 14 16 9 20 11 23 26 14 8 22 10 27 21 13 20 10 11 20 14 8 3 12 11 4 6 9 8 12 13 11 10 2 6 3 1 4 7 11 10 11 8 12 12 9 9 8 10 8 7 8 8 9 10 11 11 10 11 10
25 22 17 23 31 5 30 27 17 30 18 29 13 24 12 28 17 20 21 27 11 11 27 2 28 15 24 23 0 18 31 17 30 12 29 24 12 30 17 23 17 24 14 17 28 26 13 26 15 17 21 25 20 18 18 18 28 18 25 24 15 26 27 23 29 28 24 25 23 23 25 26 23 22 23 23 23 23 22 25 28 28 27 25 24 24 23 21 18 16 18 18 19 20 21 22 20 19 18 19 19
12 16 27 11 32 13 18 16 10 18 28 17 12 17 13 16 10 16 11 17 13 13 20 17 16 25 12 14 18 0 18 3 22 23 18 17 21 18 10 15 27 17 16 4 22 16 15 13 25 27 17 13 14 13 28 14 16 12 13 12 15 20 15 12 16 15 14 17 15 15 18 19 16 15 13 13 13 13 13 17 15 16 15 12 11 11 10 9 7 8 9 10 10 11 13 14 15 13 13 13 12
6 12 31 14 44 26 4 7 23 5 32 3 21 11 24 16 23 13 22 7 24 25 7 30 19 29 17 14 31 18 0 18 8 30 12 11 26 7 23 10 31 10 28 19 7 12 27 17 29 31 14 7 29 14 32 27 16 27 16 17 27 6 6 15 8 6 11 8 11 10 9 7 10 11 14 16 12 13 14 8 5 5 5 6 18 18 14 15 15 17 16 16 15 14 12 11 13 14 14 14 15
12 15 26 10 31 12 18 15 9 18 27 17 11 16 12 15 9 15 10 16 12 12 19 16 14 24 10 13 17 3 18 0 22 22 17 16 20 18 9 14 26 16 15 1 22 15 14 13 24 26 16 13 13 12 27 14 15 11 12 10 15 19 15 12 16 15 14 16 14 14 17 18 15 14 13 12 13 12 12 16 14 15 14 12 11 11 9 8 6 7 8 9 9 10 12 13 14 13 12 12 11
10 11 30 17 44 26 10 12 27 7 31 7 21 11 23 19 27 12 25 12 23 24 6 29 23 28 20 17 30 22 8 22 0 29 15 11 25 11 27 11 30 9 27 23 3 16 26 20 28 30 13 9 30 13 31 29 19 29 19 20 27 5 12 18 14 12 14 13 10 11 7 6 9 9 18 19 16 17 17 13 10 11 10 10 21 21 17 18 18 19 17 16 15 14 12 11 12 13 13 13 14
29 20 15 26 36 10 29 30 22 33 16 30 18 23 18 32 22 18 26 26 16 16 25 11 31 13 27 24 12 23 30 22 29 0 32 23 10 28 21 21 15 23 20 22 27 30 18 29 13 15 19 29 24 17 16 23 32 23 28 27 19 24 25 24 33 31 24 24 21 21 23 24 22 21 24 24 24 24 23 23 27 27 28 29 28 28 26 25 22 20 19 19 18 19 20 21 19 17 17 18 17
7 20 34 8 42 24 11 10 22 11 35 11 19 17 22 4 22 22 18 12 21 23 17 28 14 32 11 12 29 18 12 17 15 32 0 17 29 14 22 15 34 19 25 18 14 8 24 10 32 34 23 6 27 20 35 25 4 25 9 11 25 16 11 14 11 10 13 13 16 15 17 16 18 17 13 16 14 12 15 13 11 11 10 7 11 9 8 11 12 15 16 17 18 18 17 16 18 19 20 20 19
12 7 24 14 37 19 10 11 20 14 25 11 15 2 18 18 20 9 22 6 17 19 8 23 21 22 17 9 24 17 11 16 11 23 17 0 19 9 20 2 24 3 21 16 9 14 21 17 22 24 10 12 23 6 25 21 18 21 16 17 21 7 6 10 13 11 6 4 3 2 6 6 5 4 10 11 8 9 9 4 8 7 9 12 18 18 14 15 14 12 9 8 7 6 4 3 5 7 6 7 8
25 17 10 22 35 10 25 26 21 29 11 26 17 19 16 28 21 15 25 22 16 16 22 11 27 8 23 20 12 21 26 20 25 10 29 19 0 24 21 17 10 19 19 21 23 26 18 25 8 10 16 25 24 13 11 22 28 22 24 23 19 20 21 20 29 27 21 20 17 17 19 21 18 17 20 20 20 20 19 19 24 23 25 25 24 24 23 21 18 16 16 15 14 15 16 17 15 14 13 14 14
8 12 30 13 43 25 6 7 23 9 31 6 20 9 23 15 23 14 21 4 23 24 10 29 19 28 16 11 30 18 7 18 11 28 14 9 24 0 23 7 30 10 27 19 10 12 26 16 28 30 15 8 28 12 31 26 15 26 15 16 26 10 3 12 9 7 8 5 8 7 10 10 10 9 11 14 9 10 11 5 4 3 5 8 17 17 13 14 14 16 14 13 12 11 9 8 10 12 12 12 13
17 20 26 15 30 12 23 20 4 23 27 22 13 20 12 20 2 19 10 22 12 12 23 16 15 24 14 19 17 10 23 9 27 21 22 20 21 23 0 18 26 20 14 10 25 21 14 18 24 26 20 18 11 16 27 9 20 9 17 14 14 23 20 17 21 20 19 21 18 18 21 22 19 18 18 18 17 18 17 20 20 21 20 17 15 16 15 14 12 12 13 13 13 14 16 17 18 17 16 16 15
10 6 23 13 36 18 10 9 18 12 24 9 14 2 16 16 18 8 21 5 16 17 7 22 20 21 16 8 23 15 10 14 11 21 15 2 17 7 18 0 23 4 20 14 9 13 19 16 21 23 8 10 21 5 24 20 16 20 15 16 19 7 4 9 12 10 5 3 1 0 5 6 3 3 8 9 7 7 8 2 7 6 8 10 16 16 13 13 12 10 7 7 5 5 3 2 3 5 5 5 6
30 22 2 28 41 14 31 32 26 34 3 32 21 25 21 33 26 19 30 27 20 20 26 16 33 2 29 26 17 27 31 26 30 15 34 24 10 30 26 23 0 24 24 26 28 31 22 31 6 2 21 30 29 18 3 27 33 27 30 29 24 26 27 25 34 32 26 25 23 23 25 26 23 22 26 25 25 25 24 25 29 28 30 30 29 29 28 27 23 22 21 21 19 20 22 22 20 19 18 19 19
12 6 24 16 38 19 9 13 20 13 25 10 15 4 18 20 20 7 22 8 17 19 6 23 22 22 19 11 24 17 10 16 9 23 19 3 19 10 20 4 24 0 21 16 8 16 20 19 22 24 9 13 23 6 25 22 20 22 18 19 21 5 8 12 14 12 8 6 3 4 4 4 2 2 12 12 10 11 11 6 10 9 11 12 20 20 17 16 14 12 10 9 8 7 5 4 4 6 6 6 7
22 19 24 19 23 10 26 23 15 26 25 26 10 22 9 24 15 16 19 24 8 4 23 14 24 22 20 20 14 16 28 15 27 20 25 21 19 27 14 20 24 21 0 15 25 23 8 22 22 24 18 21 18 15 25 16 24 16 21 20 8 23 24 19 26 25 21 22 20 20 22 23 20 19 20 19 20 20 19 22 24 25 24 22 21 20 19 18 15 13 15 15 16 17 18 19 17 16 15 16 16
13 16 26 11 31 12 19 16 10 19 27 18 12 16 13 16 10 16 11 17 12 12 20 16 15 24 11 14 17 4 19 1 23 22 18 16 21 19 10 14 26 16 15 0 22 16 14 13 24 26 17 14 13 13 27 14 16 12 12 11 15 19 16 13 17 16 15 17 14 14 17 18 15 14 14 13 14 13 13 16 15 16 15 13 12 12 10 9 7 7 9 9 9 10 12 13 14 14 13 12 11
10 9 28 17 42 24 8 11 26 7 29 6 19 9 22 18 25 10 24 10 21 22 5 27 23 26 20 16 28 22 7 22 3 27 14 9 23 10 25 9 28 8 25 22 0 15 24 20 26 28 11 9 29 11 29 27 18 27 19 20 25 3 10 17 12 10 12 11 9 9 6 4 7 8 16 17 14 15 15 11 8 9 8 10 20 20 17 18 17 18 15 15 13 12 11 10 10 11 11 11 12
7 18 31 10 39 21 12 6 21 12 32 10 16 14 19 9 21 20 18 9 19 20 16 25 17 29 13 9 26 16 12 15 16 30 8 14 26 12 21 13 31 16 23 16 15 0 22 13 29 31 20 7 25 17 32 23 9 24 12 13 22 15 9 12 8 8 11 11 14 13 17 15 16 15 11 15 12 10 13 11 8 9 8 7 14 13 10 11 11 13 14 15 16 17 15 14 16 17 17 17 18
21 18 22 18 25 8 25 22 14 26 23 25 9 21 9 24 14 15 18 24 8 6 22 12 23 20 19 20 13 15 27 14 26 18 24 21 18 26 14 19 22 20 8 14 24 22 0 21 20 22 17 21 17 15 23 15 24 15 20 19 8 22 23 18 25 24 21 21 19 19 21 22 19 18 19 19 19 19 18 21 23 24 23 21 20 20 18 17 14 12 15 15 15 16 18 18 17 15 15 15 15
11 20 31 5 39 21 16 13 17 16 32 15 16 17 18 7 18 20 13 14 18 19 21 25 8 29 4 11 26 13 17 13 20 29 10 17 25 16 18 16 31 19 22 13 20 13 21 0 29 31 20 11 23 16 32 22 7 22 1 4 21 20 14 13 15 14 12 15 17 16 21 20 19 19 12 16 13 11 14 15 13 14 13 11 4 2 5 7 9 11 12 13 14 15 17 18 18 17 16 17 16
28 20 6 26 39 12 29 30 24 32 7 30 19 23 20 31 24 17 28 25 18 18 24 14 31 4 27 23 15 25 29 24 28 13 32 22 8 28 24 21 6 22 22 24 26 29 20 29 0 6 19 28 27 16 7 25 31 25 28 27 22 24 25 23 32 30 24 23 21 21 23 24 21 20 24 23 23 23 22 23 27 26 28 28 27 27 26 24 21 19 19 18 17 18 20 20 18 17 16 17 17
30 22 0 28 41 14 31 32 26 34 2 32 21 25 22 33 26 19 30 27 20 20 26 16 33 2 29 26 17 27 31 26 30 15 34 24 10 30 26 23 2 24 24 26 28 31 22 31 6 0 21 30 29 18 2 27 33 27 30 29 24 26 27 25 34 32 26 25 23 23 25 26 23 22 26 25 25 25 24 25 29 28 30 30 29 29 28 27 23 22 21 21 19 20 22 22 20 19 18 19 19
16 7 21 17 35 17 13 17 20 17 22 14 12 10 14 22 20 2 22 13 14 15 9 20 22 19 19 14 21 17 14 16 13 19 23 10 16 15 20 8 21 9 18 17 11 20 17 20 19 21 0 17 23 4 22 21 22 21 19 19 17 8 12 14 19 17 12 10 8 8 7 9 7 7 15 15 14 14 13 10 14 13 15 16 19 19 18 15 13 11 10 10 8 8 8 8 5 4 4 5 6
1 15 30 8 38 20 5 7 18 5 31 5 15 12 18 10 18 16 16 7 18 19 11 24 14 28 11 8 25 13 7 13 9 29 6 12 25 8 18 10 30 13 21 14 9 7 21 11 28 30 17 0 23 15 31 21 10 22 10 11 21 10 6 10 5 4 9 8 11 10 11 10 12 12 9 13 10 8 11 8 5 5 4 1 12 12 8 9 9 11 12 13 14 14 12 11 13 15 15 15 15
24 23 29 21 33 15 28 25 11 28 30 27 16 23 15 26 11 22 17 26 15 15 26 19 22 27 21 22 20 14 29 13 30 24 27 23 24 28 11 21 29 23 18 13 29 25 17 23 27 29 23 23 0 20 30 11 26 3 23 21 17 26 25 20 28 27 22 24 21 21 24 25 22 21 21 21 21 21 20 23 26 26 26 24 22 23 21 20 17 15 16 16 16 17 19 20 21 20 20 19 18
14 4 18 13 32 14 13 14 17 17 19 14 9 7 12 18 16 4 18 9 11 13 9 17 18 16 15 10 18 13 14 12 13 17 20 6 13 12 16 5 18 6 15 13 11 17 15 16 16 18 4 15 20 0 19 18 18 18 15 15 15 9 9 10 16 14 9 7 5 5 7 8 5 4 11 11 10 10 9 7 11 10 12 14 16 15 14 11 10 7 6 6 4 4 4 4 2 1 0 1 2
31 23 2 29 42 15 32 33 27 35 2 33 22 26 23 34 27 20 31 28 21 21 27 17 34 3 30 27 18 28 32 27 31 16 35 25 11 31 27 24 3 25 25 27 29 32 23 32 7 2 22 31 30 19 0 28 34 28 31 30 25 27 28 26 35 33 27 26 24 24 26 27 24 23 27 26 26 26 25 26 30 29 31 31 30 30 29 28 24 23 22 22 20 21 23 23 21 20 19 20 20
22 21 27 22 30 13 26 23 9 26 28 25 14 22 13 27 9 20 15 24 13 13 24 17 21 25 22 21 18 14 27 14 29 23 25 21 22 26 9 20 27 22 16 14 27 23 15 22 25 27 21 21 11 18 28 0 27 8 23 22 15 26 24 21 26 25 23 23 21 20 25 26 23 22 22 21 21 21 20 22 26 26 25 22 22 23 22 20 17 15 16 16 17 18 19 20 20 19 18 19 18
10 21 33 7 41 23 15 11 20 15 34 14 18 18 21 0 20 22 18 13 20 22 20 27 10 31 8 13 28 16 16 15 19 32 4 18 28 15 20 16 33 20 24 16 18 9 24 7 31 33 22 10 26 18 34 27 0 25 6 8 24 18 12 15 13 13 14 14 17 16 20 18 19 18 14 17 15 13 16 14 12 13 11 10 8 6 7 9 11 13 14 15 16 17 18 17 19 19 18 18 17
22 22 27 20 32 13 27 23 10 27 28 25 15 22 14 25 9 21 14 24 13 13 24 17 21 25 20 20 18 12 27 11 29 23 25 21 22 26 9 20 27 22 16 12 27 24 15 22 25 27 21 22 3 18 28 8 25 0 21 20 16 24 23 19 26 25 20 22 19 20 22 24 20 20 20 19 19 19 18 22 25 24 24 22 20 21 20 18 15 13 14 14 15 16 17 18 19 19 18 17 16
10 19 30 4 38 20 15 12 17 15 31 14 15 16 17 6 17 19 14 13 17 18 20 24 7 28 4 10 25 13 16 12 19 28 9 16 24 15 17 15 30 18 21 12 19 12 20 1 28 30 19 10 23 15 31 23 6 21 0 4 21 19 13 12 14 13 11 14 16 15 20 19 18 18 11 15 12 10 13 14 12 13 12 10 4 2 4 6 8 10 11 12 13 14 16 17 17 16 15 16 15
11 18 29 5 37 19 16 13 14 16 30 15 14 17 16 8 14 18 11 14 16 17 21 23 6 27 0 11 24 12 17 10 20 27 11 17 23 16 14 16 29 19 20 11 20 13 19 4 27 29 19 11 21 15 30 22 8 20 4 0 20 20 14 13 15 14 12 15 17 16 20 20 18 18 12 15 13 11 14 15 13 14 13 11 1 2 5 5 8 10 11 12 13 14 15 16 17 16 15 15 14
21 18 24 19 24 10 26 23 14 26 25 25 9 21 8 24 14 17 19 24 8 4 23 14 23 22 20 20 15 15 27 15 27 19 25 21 19 26 14 19 24 21 8 15 25 22 8 21 22 24 17 21 17 15 25 15 24 16 21 20 0 22 23 18 25 24 21 21 19 19 21 22 20 19 19 19 20 20 19 21 24 25 23 21 20 20 19 17 14 12 15 15 15 16 18 19 17 15 15 16 15
9 7 26 17 40 21 7 10 23 9 27 7 17 7 19 18 22 8 26 10 19 20 2 25 22 24 20 14 26 20 6 19 5 24 16 7 20 10 23 7 26 5 23 19 3 15 22 20 24 26 8 10 26 9 27 26 18 24 19 20 22 0 9 15 11 9 11 9 6 7 3 2 5 5 15 15 13 14 14 9 7 8 8 9 20 20 17 18 17 15 13 12 11 10 8 7 7 9 9 9 10
7 9 27 11 40 22 6 5 20 8 28 5 17 6 20 12 20 11 20 2 20 21 10 26 16 25 14 8 27 15 6 15 12 25 11 6 21 3 20 4 27 8 24 16 10 9 23 14 25 27 12 6 25 9 28 24 12 23 13 14 23 9 0 9 8 6 5 2 5 4 9 9 7 6 8 11 6 7 8 2 3 2 4 7 14 14 11 11 11 13 11 10 9 8 6 5 7 9 9 9 10
10 13 25 10 36 18 15 11 17 15 26 14 13 11 15 15 17 14 19 10 15 16 15 22 16 23 13 3 23 12 15 12 18 24 14 10 20 12 17 9 25 12 19 13 17 12 18 13 23 25 14 10 20 10 26 21 15 19 12 13 18 15 9 0 13 13 5 7 9 9 13 14 11 10 1 3 3 2 2 8 12 11 12 10 14 14 10 11 10 8 6 6 7 7 8 8 11 11 10 10 9
4 17 34 12 42 24 8 4 21 10 35 7 19 13 22 13 21 18 21 8 22 23 12 28 17 32 15 12 29 16 8 16 14 33 11 13 29 9 21 12 34 14 26 17 12 8 25 15 32 34 19 5 28 16 35 26 13 26 14 15 25 11 8 13 0 2 13 10 13 12 14 13 15 14 12 16 13 11 14 10 6 7 6 4 15 15 12 13 12 15 16 17 17 16 14 13 15 16 16 17 17
3 15 32 11 41 23 6 4 20 8 33 5 18 11 21 13 20 16 20 6 21 22 10 27 16 30 14 11 28 15 6 15 12 31 10 11 27 7 20 10 32 12 25 16 10 8 24 14 30 32 17 4 27 14 33 25 13 25 13 14 24 9 6 13 2 0 11 8 11 10 12 11 13 12 12 15 12 11 13 8 4 5 5 3 15 15 12 12 12 14 15 16 15 14 12 11 13 14 14 15 15
9 10 26 10 38 19 11 10 19 13 27 10 15 6 18 14 19 12 19 5 18 19 12 23 15 24 12 4 24 14 11 14 14 24 13 6 21 8 19 5 26 8 21 15 12 11 21 12 24 26 12 9 22 9 27 23 14 20 11 12 21 11 5 5 13 11 0 4 6 5 10 9 8 8 5 6 2 4 3 4 8 7 9 9 13 13 10 10 9 10 7 7 7 6 7 7 8 10 9 9 9
9 8 25 13 39 21 8 7 21 10 26 7 16 4 18 14 20 10 22 3 18 19 10 24 18 23 15 6 25 17 8 16 13 24 13 4 20 5 21 3 25 6 22 17 11 11 21 15 23 25 10 8 24 7 26 23 14 22 14 15 21 9 2 7 10 8 4 0 4 3 8 9 6 6 6 9 4 5 6 3 5 4 6 9 14 14 11 11 10 12 9 9 8 7 6 5 6 8 7 8 9
11 5 23 14 37 18 11 10 18 13 24 10 14 3 16 17 18 7 22 6 16 17 6 22 20 21 17 9 23 15 11 14 10 21 16 3 17 8 18 1 23 3 20 14 9 14 19 17 21 23 8 11 21 5 24 21 17 19 16 17 19 6 5 9 13 11 6 4 0 1 5 6 3 2 9 9 8 8 8 3 8 7 9 11 17 17 14 13 12 10 7 6 5 4 2 1 3 4 5 4 5
10 6 23 13 36 18 10 9 18 12 24 9 14 2 16 16 18 8 21 5 16 17 7 22 20 21 16 8 23 15 10 14 11 21 15 2 17 7 18 0 23 4 20 14 9 13 19 16 21 23 8 10 21 5 24 20 16 20 15 16 19 7 4 9 12 10 5 3 1 0 5 6 3 3 8 9 7 7 8 2 7 6 8 10 16 16 13 13 12 10 7 7 5 5 3 2 3 5 5 5 6
10 6 25 18 38 20 9 12 21 11 26 9 15 6 18 20 21 7 25 9 18 19 4 24 23 23 20 12 25 18 9 17 7 23 17 6 19 10 21 5 25 4 22 17 6 17 21 21 23 25 7 11 24 7 26 25 20 22 20 20 21 3 9 13 14 12 10 8 5 5 0 2 2 3 12 13 11 11 11 7 9 9 9 10 21 21 17 17 15 13 10 10 9 8 6 5 5 7 7 7 8
9 7 26 17 40 21 8 10 22 10 27 8 17 6 19 18 22 8 26 9 19 20 3 25 22 24 20 13 26 19 7 18 6 24 16 6 21 10 22 6 26 4 23 18 4 15 22 20 24 26 9 10 25 8 27 26 18 24 19 20 22 2 9 14 13 11 9 9 6 6 2 0 4 4 14 14 11 13 12 8 7 8 7 9 20 20 17 18 16 14 12 11 10 9 7 6 7 8 8 8 9
11 4 23 16 37 19 11 12 19 12 24 11 14 5 16 19 19 6 23 8 16 17 5 22 21 21 18 11 23 16 10 15 9 22 18 5 18 10 19 3 23 2 20 15 7 16 19 19 21 23 7 12 22 5 24 23 19 20 18 18 20 5 7 11 15 13 8 6 3 3 2 4 0 1 11 11 10 10 10 5 10 9 10 11 19 19 16 15 13 11 9 8 7 6 4 3 4 5 5 5 6
12 4 22 16 36 18 11 11 18 13 23 11 13 5 16 18 18 6 22 7 15 17 6 21 20 20 18 10 22 15 11 14 9 21 17 4 17 9 18 3 22 2 19 14 8 15 18 19 20 22 7 12 21 4 23 22 18 20 18 18 19 5 6 10 14 12 8 6 2 3 3 4 1 0 10 10 9 9 9 4 9 8 10 12 18 18 15 14 13 11 8 7 6 5 3 2 3 5 4 5 6
9 13 26 9 37 18 14 10 18 14 27 13 14 10 16 14 18 15 18 9 16 17 15 22 15 24 12 2 23 13 14 13 18 24 13 10 20 11 18 8 26 12 20 14 16 11 19 12 24 26 15 9 21 11 27 22 14 20 11 12 19 15 8 1 12 12 5 6 9 8 12 14 11 10 0 4 4 1 3 7 11 10 11 9 13 13 9 10 9 9 7 6 8 7 9 9 11 12 11 10 9
12 13 25 13 36 18 16 14 18 18 26 16 13 11 16 17 18 14 19 11 15 17 15 22 17 23 15 6 23 13 16 12 19 24 16 11 20 14 18 9 25 12 19 13 17 15 19 16 23 25 15 13 21 11 26 21 17 19 15 15 19 15 11 3 16 15 6 9 9 9 13 14 11 10 4 0 5 5 4 10 14 13 14 12 16 16 12 13 10 8 6 6 7 7 8 8 11 11 11 10 9
10 12 25 10 36 18 12 11 18 14 26 11 14 8 16 15 17 14 19 7 16 17 14 22 16 23 13 3 23 13 12 13 16 24 14 8 20 9 17 7 25 10 20 14 14 12 19 13 23 25 14 10 21 10 26 21 15 19 12 13 20 13 6 3 13 12 2 4 8 7 11 11 10 9 4 5 0 3 2 6 9 8 10 10 14 14 11 11 10 9 6 6 7 6 8 8 10 11 10 9 9
8 12 25 8 36 18 13 9 18 13 26 12 14 9 17 13 17 14 17 8 16 17 14 22 14 23 11 1 23 13 13 12 17 24 12 9 20 10 18 7 25 11 20 13 15 10 19 11 23 25 14 8 21 10 26 21 13 19 10 11 20 14 7 2 11 11 4 5 8 7 11 13 10 9 1 5 3 0 4 6 10 9 10 8 12 12 8 9 8 10 8 7 8 8 9 9 10 11 10 11 10
10 12 24 11 36 17 14 12 17 16 25 13 13 9 16 16 16 13 19 8 15 17 14 21 17 22 14 4 22 13 14 12 17 23 15 9 19 11 17 8 24 11 19 13 15 13 18 14 22 24 13 11 20 9 25 20 16 18 13 14 19 14 8 2 14 13 3 6 8 8 11 12 10 9 3 4 2 4 0 6 10 9 11 10 13 13 10 10 10 8 5 5 6 6 7 7 9 10 9 9 8
9 7 25 12 38 20 8 7 20 10 26 7 15 4 18 14 20 9 21 3 18 19 9 24 18 23 15 7 25 17 8 16 13 23 13 4 19 5 20 2 25 6 22 16 11 11 21 15 23 25 10 8 23 7 26 22 14 22 14 15 21 9 2 8 10 8 4 3 3 2 7 8 5 4 7 10 6 6 6 0 5 4 6 9 14 14 11 11 11 12 9 9 7 7 5 4 5 7 7 7 8
4 12 29 11 41 23 5 4 20 6 30 3 18 9 21 12 20 13 20 4 20 22 9 27 16 27 13 11 28 15 5 14 10 27 11 8 24 4 20 7 29 10 24 15 8 8 23 13 27 29 14 5 26 11 30 26 12 25 12 13 24 7 3 12 6 4 8 5 8 7 9 7 10 9 11 14 9 10 10 5 0 1 1 4 14 14 11 11 11 14 13 12 11 10 8 7 9 10 11 11 11
5 11 28 11 42 23 5 4 21 7 29 4 19 8 21 13 21 13 20 3 21 22 9 27 17 26 14 10 28 16 5 15 11 27 11 7 23 3 21 6 28 9 25 16 9 9 24 14 26 28 13 5 26 10 29 26 13 24 13 14 25 8 2 11 7 5 7 4 7 6 9 8 9 8 10 13 8 9 9 4 1 0 2 5 15 15 11 12 12 14 12 11 10 9 7 6 8 10 10 10 11
3 13 30 10 41 22 5 3 20 6 31 4 18 10 20 11 19 14 19 5 20 21 9 26 15 28 13 11 27 15 5 14 10 28 10 9 25 5 20 8 30 11 24 15 8 8 23 13 28 30 15 4 26 12 31 25 11 24 12 13 23 8 4 12 6 5 9 6 9 8 9 7 10 10 11 14 10 10 11 6 1 2 0 3 14 14 11 11 11 13 14 13 12 11 9 8 10 11 12 12 12
0 15 30 8 38 20 6 6 17 6 31 5 15 12 18 10 17 16 17 7 18 19 10 24 13 28 11 8 25 12 6 12 10 29 7 12 25 8 17 10 30 12 22 13 10 7 21 11 28 30 16 1 24 14 31 22 10 22 10 11 21 9 7 10 4 3 9 9 11 10 10 9 11 12 9 12 10 8 10 9 4 5 3 0 12 12 9 9 9 11 12 13 14 13 12 11 12 14 14 14 15
12 19 29 6 37 19 17 13 15 17 30 16 14 18 17 8 15 19 12 15 17 18 22 23 6 27 1 12 24 11 18 11 21 28 11 18 24 17 15 16 29 20 21 12 20 14 20 4 27 29 19 12 22 16 30 22 8 20 4 1 20 20 14 14 15 15 13 14 17 16 21 20 19 18 13 16 14 12 13 14 14 15 14 12 0 3 6 6 9 11 12 13 14 15 16 17 18 17 16 16 15
12 19 29 6 37 19 17 13 16 17 30 16 14 18 17 6 16 19 13 15 17 18 22 23 7 27 2 12 24 11 18 11 21 28 9 18 24 17 16 16 29 20 20 12 20 13 20 2 27 29 19 12 23 15 30 23 6 21 2 2 20 20 14 14 15 15 13 14 17 16 21 20 19 18 13 16 14 12 13 14 14 15 14 12 3 0 5 5 8 10 11 12 13 14 15 16 17 16 15 15 14
9 17 28 2 36 18 13 10 15 13 29 12 13 15 16 7 15 17 13 12 15 16 18 22 9 26 5 9 23 10 14 9 17 26 8 14 23 13 15 13 28 17 19 10 17 10 18 5 26 28 18 8 21 14 29 22 7 20 4 5 19 17 11 10 12 12 10 11 14 13 17 17 16 15 9 12 11 8 10 11 11 11 11 9 6 5 0 5 6 9 10 11 11 12 14 15 16 14 14 14 13
9 14 27 4 35 16 14 11 14 14 28 13 12 15 14 9 13 14 13 12 14 15 19 20 9 25 5 9 21 9 15 8 18 25 11 15 21 14 14 13 27 16 18 9 18 11 17 7 24 27 15 9 20 11 28 20 9 18 6 5 17 18 11 11 13 12 10 11 13 13 17 18 15 14 10 13 11 9 10 11 11 12 11 9 6 5 5 0 4 6 7 8 9 10 11 12 13 11 11 11 10
9 13 23 6 31 13 14 10 12 14 24 13 8 14 11 11 12 13 12 12 11 12 17 17 10 21 8 8 18 7 15 6 18 22 12 14 18 14 12 12 23 14 15 7 17 11 14 9 21 23 13 9 17 10 24 17 11 15 8 8 14 17 11 10 12 12 9 10 12 12 15 16 13 13 9 10 10 8 10 11 11 12 11 9 9 8 6 4 0 3 6 7 8 9 10 11 12 10 10 10 9
11 11 22 8 30 11 16 13 12 16 23 15 7 12 9 13 12 11 14 14 9 10 15 15 12 20 10 10 16 8 17 7 19 20 15 12 16 16 12 10 22 12 13 7 18 13 12 11 19 22 11 11 15 7 23 15 13 13 10 10 12 15 13 8 15 14 10 12 10 10 13 14 11 11 9 8 9 10 8 12 14 14 13 11 11 10 9 6 3 0 3 4 5 6 8 9 9 8 7 8 7
12 10 21 9 32 13 17 14 13 17 22 16 9 9 12 14 13 10 16 12 12 13 12 17 14 19 11 8 18 9 16 8 17 19 16 9 16 14 13 7 21 10 15 9 15 14 15 12 19 21 10 12 16 6 22 16 14 14 11 11 15 13 11 6 16 15 7 9 7 7 10 12 9 8 7 6 6 8 5 9 13 12 14 12 12 11 10 7 6 3 0 1 2 3 5 6 7 7 6 5 4
13 9 21 10 32 13 16 15 13 18 22 15 9 9 12 15 13 10 17 11 12 13 12 17 15 19 12 7 18 10 16 9 16 19 17 8 15 13 13 7 21 9 15 9 15 15 15 13 18 21 10 13 16 6 22 16 15 14 12 12 15 12 10 6 17 16 7 9 6 7 10 11 8 7 6 6 6 7 5 9 12 11 13 13 13 12 11 8 7 4 1 0 2 3 4 5 7 7 6 5 4
14 8 19 11 32 14 15 14 13 17 20 14 10 7 12 16 13 8 17 10 12 13 11 18 15 17 13 8 19 10 15 9 15 18 18 7 14 12 13 5 19 8 16 9 13 16 15 14 17 19 8 14 16 4 20 17 16 15 13 13 15 11 9 7 17 15 7 8 5 5 9 10 7 6 8 7 7 8 6 7 11 10 12 14 14 13 11 9 8 5 2 2 0 1 3 4 5 5 4 3 2
13 7 20 12 33 15 14 13 14 16 21 13 11 6 13 17 14 8 18 9 13 14 10 19 16 18 14 8 20 11 14 10 14 19 18 6 15 11 14 5 20 7 17 10 12 17 16 15 18 20 8 14 17 4 21 18 17 16 14 14 16 10 8 7 16 14 6 7 4 5 8 9 6 5 7 7 6 8 6 7 10 9 11 13 15 14 12 10 9 6 3 3 1 0 2 3 4 5 4 3 3
12 6 22 13 35 16 12 11 16 14 23 11 12 5 15 18 16 8 20 7 15 16 8 20 18 20 15 9 21 13 12 12 12 20 17 4 16 9 16 3 22 5 18 12 11 15 18 17 20 22 8 12 19 4 23 19 18 17 16 15 18 8 6 8 14 12 7 6 2 3 6 7 4 3 9 8 8 9 7 5 8 7 9 12 16 15 14 11 10 8 5 4 3 2 0 1 4 5 4 4 4
11 5 22 14 36 17 11 10 17 13 23 10 13 4 16 17 17 7 21 6 15 17 7 21 19 20 16 10 22 14 11 13 11 21 16 3 17 8 17 2 22 4 19 13 10 14 18 18 20 22 8 11 20 4 23 20 17 18 17 16 19 7 5 8 13 11 7 5 1 2 5 6 3 2 9 8 8 9 7 4 7 6 8 11 17 16 15 12 11 9 6 5 4 3 1 0 3 4 4 4 5
12 3 20 15 34 16 13 12 18 15 21 12 11 5 14 19 17 5 20 8 13 15 7 19 20 18 17 11 20 15 13 14 12 19 18 5 15 10 18 3 20 4 17 14 10 16 17 18 18 20 5 13 21 2 21 20 19 19 17 17 17 7 7 11 15 13 8 6 3 3 5 7 4 3 11 11 10 10 9 5 9 8 10 12 18 17 16 13 12 9 7 7 5 4 4 3 0 2 2 3 4
14 3 19 13 33 15 14 14 18 16 20 13 10 7 12 19 17 3 19 9 12 13 9 18 18 17 16 11 19 13 14 13 13 17 19 7 14 12 17 5 19 6 16 14 11 17 15 17 17 19 4 15 20 1 20 19 19 19 16 16 15 9 9 11 16 14 10 8 4 5 7 8 5 5 12 11 11 11 10 7 10 10 11 14 17 16 14 11 10 8 7 7 5 5 5 4 2 0 1 2 3
14 4 18 13 32 14 13 14 17 17 19 14 9 7 12 18 16 4 18 9 11 13 9 17 18 16 15 10 18 13 14 12 13 17 20 6 13 12 16 5 18 6 15 13 11 17 15 16 16 18 4 15 20 0 19 18 18 18 15 15 15 9 9 10 16 14 9 7 5 5 7 8 5 4 11 11 10 10 9 7 11 10 12 14 16 15 14 11 10 7 6 6 4 4 4 4 2 1 0 1 2
14 5 19 13 33 15 14 14 16 17 20 14 10 7 12 18 15 5 19 10 12 13 9 18 18 17 15 11 19 13 14 12 13 18 20 7 14 12 16 5 19 6 16 12 11 17 15 17 17 19 5 15 19 1 20 19 18 17 16 15 16 9 9 10 17 15 9 8 4 5 7 8 5 5 10 10 9 11 9 7 11 10 12 14 16 15 14 11 10 8 5 5 3 3 4 4 3 2 1 0 1
15 6 19 12 33 15 15 15 15 17 20 14 10 8 12 17 14 6 19 10 12 13 10 18 17 17 14 10 19 12 15 11 14 17 19 8 14 13 15 6 19 7 16 11 12 18 15 16 17 19 6 15 18 2 20 18 17 16 15 14 15 10 10 9 17 15 9 9 5 6 8 9 6 6 9 9 9 10 8 8 11 11 12 15 15 14 13 10 9 7 4 4 2 3 4 5 4 3 2 1 0