0 10 29 15 22 17 9 10 38 11 11 15 31 9 17 13 7 12 31 15 38 19 7 19 13 5 22 3 20 30 13 13 20 12 26 13 8 13 12 30 10 10 13 5 19 21 6 31 9 9 29 19 13 31 11 6 18 12 11 5 24 8 7 10 4 3 9 9 11 10 10 9 11 12 9 12 10 8 10 9 4 5 3 0 12 12 9 9 9 11 12 13 14 13 12 11 12 14 14 14 15
10 0 29 16 19 12 19 14 38 4 21 14 31 16 17 12 17 15 31 11 38 19 17 19 9 13 22 13 20 30 12 6 20 12 26 7 18 11 18 30 10 20 13 15 19 21 16 31 19 12 29 19 6 31 11 15 18 6 18 13 24 18 13 13 14 13 12 15 17 17 20 19 18 17 12 14 13 11 14 15 13 14 13 10 5 6 6 6 7 10 11 12 12 13 15 16 17 15 15 15 14
29 29 0 19 26 23 27 24 39 27 24 18 2 25 18 25 30 24 2 25 39 20 31 20 32 29 7 30 25 1 25 29 13 24 4 29 25 33 25 1 23 26 26 30 20 23 29 2 26 25 0 21 30 2 18 30 17 29 22 29 14 25 25 24 33 31 25 24 22 22 23 25 22 21 25 24 24 24 23 23 28 27 29 29 28 28 27 25 22 20 20 19 18 19 20 21 19 18 17 18 18
15 16 19 0 19 16 11 10 33 16 7 5 20 9 12 14 14 12 21 16 33 13 15 13 20 13 12 17 14 19 13 18 14 13 15 17 9 21 8 19 11 9 14 14 13 16 13 21 10 12 19 14 18 21 6 14 7 17 5 13 18 9 9 12 17 15 10 8 5 5 7 9 5 5 13 12 11 12 11 7 11 11 12 15 16 16 15 12 10 9 8 7 6 6 6 5 3 1 2 3 4
22 19 26 19 0 8 26 21 32 20 24 16 28 24 11 12 28 20 28 9 32 13 29 13 25 21 19 23 21 27 13 21 13 13 23 19 24 25 22 27 14 24 13 25 14 16 27 28 26 20 26 14 20 28 13 23 19 18 20 21 17 24 23 19 26 25 20 22 19 20 22 24 20 20 20 19 19 19 18 22 24 24 24 22 20 21 20 18 15 13 14 14 15 16 17 18 19 18 18 17 16
17 12 23 16 8 0 24 18 29 13 21 13 25 21 9 9 24 17 25 3 29 11 24 11 19 17 16 19 18 24 8 15 10 9 20 12 21 20 19 24 11 22 10 22 11 13 23 25 23 17 23 11 14 25 10 19 16 12 18 17 14 21 19 16 20 20 18 19 16 17 20 21 18 17 17 17 16 16 15 19 19 20 19 17 14 15 14 13 11 10 11 12 12 13 14 15 16 15 15 14 13
9 19 27 11 26 24 0 7 42 20 6 13 29 11 21 22 7 11 29 24 42 23 8 23 22 10 20 11 24 28 22 22 24 21 24 22 3 22 9 28 19 5 22 9 23 25 6 29 5 13 27 23 22 29 16 11 16 21 6 10 27 3 10 14 12 10 9 10 8 9 6 4 6 7 13 14 11 12 12 9 8 9 8 9 21 21 17 18 18 17 14 14 13 12 10 9 9 11 11 11 12
10 14 24 10 21 18 7 0 38 14 10 8 26 5 17 16 9 4 26 19 38 19 10 19 17 8 17 12 20 25 16 16 20 15 21 16 8 18 4 25 14 10 16 10 20 21 8 26 10 6 24 19 16 26 11 9 13 15 7 8 24 8 5 7 12 10 2 4 6 5 8 7 7 7 6 7 4 5 5 3 7 6 8 10 15 15 11 12 11 10 8 7 7 6 6 5 8 9 9 8 8
38 38 39 33 32 29 42 38 0 37 38 32 41 40 23 32 44 37 41 30 0 25 45 25 41 38 32 39 33 40 33 39 26 32 36 38 40 42 38 40 32 40 32 43 23 24 44 41 41 37 39 26 39 41 29 40 32 38 36 38 30 40 40 36 42 41 38 39 37 36 38 40 36 36 37 36 36 36 36 38 41 42 41 38 37 37 36 35 31 30 32 32 32 33 35 36 34 33 32 33 33
11 4 27 16 20 13 20 14 37 0 22 14 29 16 15 11 18 15 29 12 37 17 18 17 6 11 20 12 18 28 12 3 19 10 24 8 19 7 18 28 9 21 12 15 18 20 17 29 19 12 27 17 3 29 10 13 16 7 18 11 22 19 14 13 15 14 12 15 17 17 20 20 18 18 12 15 13 11 14 15 13 14 13 11 1 2 5 5 8 10 11 12 13 14 15 16 17 15 15 15 14
11 21 24 7 24 21 6 10 38 22 0 12 26 11 17 20 8 14 26 22 38 19 9 19 24 12 17 13 20 25 19 24 20 19 20 23 3 24 10 25 18 3 20 9 20 21 7 26 5 15 24 19 24 26 13 12 12 23 5 12 24 3 11 15 13 11 12 10 6 7 4 4 5 5 15 15 14 14 14 9 9 10 10 11 22 22 19 19 17 15 12 12 11 10 8 7 7 8 8 9 10
15 14 18 5 16 13 13 8 32 14 12 0 20 10 11 12 16 8 20 14 32 13 17 13 18 14 11 16 14 19 11 16 14 11 14 15 11 19 9 19 9 11 12 16 14 15 15 20 13 9 18 13 16 20 5 15 6 15 7 14 17 11 10 8 18 16 8 9 6 7 9 11 7 7 8 8 8 8 7 8 12 11 13 15 14 14 13 10 8 6 3 3 2 3 4 5 6 4 4 3 2
31 31 2 20 28 25 29 26 41 29 26 20 0 27 20 27 32 26 1 27 41 22 33 22 34 31 9 32 27 2 27 31 15 26 6 31 27 35 27 2 25 28 28 32 22 25 31 2 28 27 2 23 32 2 20 32 19 31 24 31 16 27 27 26 35 33 27 26 24 24 25 27 24 23 27 26 26 26 25 25 30 29 31 31 30 30 29 27 24 22 22 21 20 21 22 23 21 20 19 20 20
9 16 25 9 24 21 11 5 40 16 11 10 27 0 19 18 10 8 27 21 40 21 10 21 18 6 18 10 22 26 18 18 22 18 22 17 11 18 6 26 16 11 19 9 21 23 9 27 12 8 25 21 18 27 13 8 15 17 7 6 25 11 3 9 10 8 5 3 5 4 9 10 7 6 8 11 7 7 8 2 5 4 6 9 16 16 13 13 13 14 11 11 9 8 7 6 8 9 9 9 10
17 17 18 12 11 9 21 17 23 15 17 11 20 19 0 11 23 16 20 10 23 2 24 2 20 17 11 18 12 19 12 17 5 12 15 17 18 21 18 19 11 19 12 22 5 6 22 20 20 16 18 4 18 20 9 19 11 17 15 17 8 18 19 14 21 20 17 17 15 15 17 18 15 15 15 15 15 16 15 17 20 20 19 17 16 16 15 13 10 8 11 11 11 12 14 15 13 11 11 12 11
13 12 25 14 12 9 22 16 32 11 20 12 27 18 11 0 20 15 27 7 32 13 20 13 15 14 18 15 16 26 2 14 13 2 22 13 20 17 17 26 3 20 3 18 14 15 19 27 22 14 25 14 14 27 8 16 14 9 16 14 17 20 15 13 17 16 14 17 15 15 18 19 16 15 13 13 14 13 13 17 15 16 15 13 12 12 10 9 7 8 9 10 10 11 13 14 15 13 13 13 12
7 17 30 14 28 24 7 9 44 18 8 16 32 10 23 20 0 12 32 22 44 25 2 25 20 7 23 8 26 31 20 20 26 19 27 19 5 20 11 31 17 7 20 6 26 27 2 32 6 15 30 25 20 32 18 8 19 19 9 7 29 5 7 16 9 7 11 9 11 11 8 6 9 10 15 16 13 14 14 9 5 6 6 7 18 18 15 15 15 18 17 16 16 15 13 12 12 13 14 14 14
12 15 24 12 20 17 11 4 37 15 14 8 26 8 16 15 12 0 26 18 37 18 13 18 18 11 17 13 19 25 15 17 19 14 21 16 12 19 8 25 13 13 15 14 19 20 12 26 13 5 24 18 17 26 10 13 13 16 10 11 23 12 8 4 15 13 3 6 9 9 11 11 10 10 5 6 2 4 3 7 11 10 12 12 15 15 12 12 11 9 7 6 7 6 7 8 10 11 10 9 9
31 31 2 21 28 25 29 26 41 29 26 20 1 27 20 27 32 26 0 27 41 22 33 22 34 31 9 32 27 2 27 31 15 26 6 31 27 35 27 2 25 28 28 32 22 25 31 1 28 27 2 23 32 1 20 32 19 31 24 31 16 27 27 26 35 33 27 26 24 24 25 27 24 23 27 26 26 26 25 25 30 29 31 31 30 30 29 27 24 22 22 21 20 21 22 23 21 20 19 20 20
15 11 25 16 9 3 24 19 30 12 22 14 27 21 10 7 22 18 27 0 30 12 22 12 17 16 18 18 19 26 7 14 12 8 22 11 22 19 20 26 9 22 10 20 12 14 21 27 24 16 25 13 13 27 10 18 17 10 18 16 15 22 18 15 19 18 17 20 18 18 20 22 18 18 16 15 16 15 15 19 18 18 17 15 13 14 13 11 10 11 12 13 13 14 16 17 17 15 15 16 15
38 38 39 33 32 29 42 38 0 37 38 32 41 40 23 32 44 37 41 30 0 25 45 25 41 38 32 39 33 40 33 39 26 32 36 38 40 42 38 40 32 40 32 43 23 24 44 41 41 37 39 26 39 41 29 40 32 38 36 38 30 40 40 36 42 41 38 39 37 36 38 40 36 36 37 36 36 36 36 38 41 42 41 38 37 37 36 35 31 30 32 32 32 33 35 36 34 33 32 33 33
19 19 20 13 13 11 23 19 25 17 19 13 22 21 2 13 25 18 22 12 25 0 26 0 22 19 13 20 14 21 14 19 7 14 17 19 20 23 20 21 13 21 14 24 7 8 24 22 22 18 20 6 20 22 11 21 13 19 17 19 10 20 21 16 23 22 19 19 17 17 19 20 17 17 17 17 17 18 17 19 22 22 21 19 18 18 17 15 12 10 13 13 13 14 16 17 15 13 13 14 13
7 17 31 15 29 24 8 10 45 18 9 17 33 10 24 20 2 13 33 22 45 26 0 26 20 8 24 8 27 32 20 20 27 19 28 20 7 20 12 32 17 8 20 5 26 28 4 33 7 16 31 26 20 33 18 8 20 19 10 8 31 7 8 17 10 8 12 10 12 12 10 8 10 11 16 17 14 15 15 10 6 7 6 7 19 19 16 16 16 18 18 17 16 16 14 13 13 15 15 15 16
19 19 20 13 13 11 23 19 25 17 19 13 22 21 2 13 25 18 22 12 25 0 26 0 22 19 13 20 14 21 14 19 7 14 17 19 20 23 20 21 13 21 14 24 7 8 24 22 22 18 20 6 20 22 11 21 13 19 17 19 10 20 21 16 23 22 19 19 17 17 19 20 17 17 17 17 17 18 17 19 22 22 21 19 18 18 17 15 12 10 13 13 13 14 16 17 15 13 13 14 13
13 9 32 20 25 19 22 17 41 6 24 18 34 18 20 15 20 18 34 17 41 22 20 22 0 13 25 16 23 33 16 4 23 15 29 13 21 2 21 33 13 23 16 18 22 24 19 34 22 15 32 22 9 34 14 15 21 12 22 13 27 21 16 16 17 16 16 18 20 19 23 22 22 21 15 18 16 14 17 17 15 16 15 13 6 4 8 9 11 14 15 16 16 17 19 20 21 19 19 19 18
5 13 29 13 21 17 10 8 38 11 12 14 31 6 17 14 7 11 31 16 38 19 8 19 13 0 22 6 20 30 13 13 20 13 26 12 9 13 10 30 11 11 14 7 19 21 7 31 9 8 29 19 13 31 11 2 18 12 10 0 24 9 4 9 5 4 8 6 9 8 12 10 10 10 8 12 9 7 10 6 3 4 3 5 11 11 8 8 8 11 12 13 12 12 10 9 11 12 13 12 13
22 22 7 12 19 16 20 17 32 20 17 11 9 18 11 18 23 17 9 18 32 13 24 13 25 22 0 23 18 8 18 22 6 17 4 22 18 26 18 8 16 19 19 23 13 16 22 9 19 18 7 14 23 9 11 23 11 22 15 22 7 18 18 17 26 24 18 17 15 15 16 18 15 14 18 17 17 17 16 16 21 20 22 22 21 21 20 18 15 13 13 12 11 12 13 14 12 11 10 11 11
3 13 30 17 23 19 11 12 39 12 13 16 32 10 18 15 8 13 32 18 39 20 8 20 16 6 23 0 21 31 15 14 21 14 27 14 10 16 14 31 13 12 16 5 20 22 8 32 8 10 30 20 15 32 12 8 19 14 13 6 25 10 8 11 6 6 10 10 13 12 13 11 13 14 10 14 11 9 12 10 6 7 6 3 13 13 10 10 10 12 13 14 15 16 14 13 15 16 17 16 17
20 20 25 14 21 18 24 20 33 18 20 14 27 22 12 16 26 19 27 19 33 14 27 14 23 20 18 21 0 26 16 20 14 15 21 20 21 24 21 26 14 22 16 25 14 16 25 27 23 19 25 12 21 27 12 22 14 20 18 20 18 21 22 17 24 23 20 20 18 18 20 21 18 18 18 18 18 19 18 20 23 23 22 20 19 19 18 16 13 11 14 14 14 15 17 18 16 14 14 15 14
30 30 1 19 27 24 28 25 40 28 25 19 2 26 19 26 31 25 2 26 40 21 32 21 33 30 8 31 26 0 26 30 14 25 5 30 26 34 26 0 24 27 27 31 21 24 30 2 27 26 1 22 31 2 19 31 18 30 23 30 15 26 26 25 34 32 26 25 23 23 24 26 23 22 26 25 25 25 24 24 29 28 30 30 29 29 28 26 23 21 21 20 19 20 21 22 20 19 18 19 19
13 12 25 13 13 8 22 16 33 12 19 11 27 18 12 2 20 15 27 7 33 14 20 14 16 13 18 15 16 26 0 14 14 2 22 13 19 17 17 26 4 20 4 18 15 17 19 27 21 14 25 15 14 27 7 15 14 8 16 13 18 19 16 13 17 16 15 18 16 16 18 20 16 16 14 13 14 13 13 18 16 17 15 13 12 12 11 9 8 9 10 11 11 12 14 15 14 12 12 13 12
13 6 29 18 21 15 22 16 39 3 24 16 31 18 17 14 20 17 31 14 39 19 20 19 4 13 22 14 20 30 14 0 21 13 26 11 21 6 20 30 11 23 13 17 20 21 19 31 20 14 29 19 6 31 12 15 18 9 20 13 24 21 15 15 17 16 14 17 20 19 22 22 20 20 14 17 15 13 16 17 15 16 15 13 4 3 7 8 10 12 13 14 15 16 18 19 19 17 17 18 17
20 20 13 14 13 10 24 20 26 19 20 14 15 22 5 13 26 19 15 12 26 7 27 7 23 20 6 21 14 14 14 21 0 14 10 20 22 24 19 14 14 22 14 25 7 10 26 15 23 19 13 8 21 15 11 22 13 20 18 20 4 22 22 18 24 23 20 21 18 19 20 22 18 18 19 18 18 18 17 20 23 23 23 20 19 19 18 17 13 12 13 13 14 15 16 17 16 15 14 15 15
12 12 24 13 13 9 21 15 32 10 19 11 26 18 12 2 19 14 26 8 32 14 19 14 15 13 17 14 15 25 2 13 14 0 21 12 19 16 17 25 2 19 3 17 14 16 18 26 21 13 24 14 13 26 7 15 13 9 15 13 17 19 15 12 16 15 13 16 14 15 17 19 15 15 12 12 13 12 12 16 14 15 14 12 11 11 9 8 6 7 8 9 10 11 12 13 14 12 12 12 11
26 26 4 15 23 20 24 21 36 24 20 14 6 22 15 22 27 21 6 22 36 17 28 17 29 26 4 27 21 5 22 26 10 21 0 26 22 30 22 5 20 22 23 27 17 20 26 6 23 22 4 18 27 6 15 27 14 26 19 26 11 22 22 21 30 28 22 21 19 19 20 22 19 18 22 21 21 21 20 20 25 24 26 26 25 25 24 22 19 17 17 16 15 16 17 18 16 15 14 15 15
13 7 29 17 19 12 22 16 38 8 23 15 31 17 17 13 19 16 31 11 38 19 20 19 13 12 22 14 20 30 13 11 20 12 26 0 21 14 19 30 10 23 13 17 19 21 19 31 20 14 29 19 8 31 11 14 18 7 20 12 24 21 16 15 17 16 15 18 20 19 22 22 20 20 14 17 15 13 16 17 15 16 15 13 8 9 9 9 10 12 13 14 15 16 18 19 18 16 16 17 16
8 18 25 9 24 21 3 8 40 19 3 11 27 11 18 20 5 12 27 22 40 20 7 20 21 9 18 10 21 26 19 21 22 19 22 21 0 21 8 26 18 2 20 6 21 22 5 27 2 14 25 20 21 27 13 9 14 20 4 9 25 0 9 15 11 9 10 9 6 7 3 1 4 5 14 15 12 13 13 9 7 8 7 8 20 20 17 17 16 15 12 12 11 10 8 7 7 8 9 9 9
13 11 33 21 25 20 22 18 42 7 24 19 35 18 21 17 20 19 35 19 42 23 20 23 2 13 26 16 24 34 17 6 24 16 30 14 21 0 22 34 14 23 17 18 23 25 19 35 22 16 33 23 10 35 15 15 22 14 23 13 28 21 16 17 17 16 17 18 21 20 23 22 23 22 16 20 17 15 18 18 16 17 15 13 7 5 9 10 13 15 16 17 18 19 20 21 22 20 20 20 19
12 18 25 8 22 19 9 4 38 18 10 9 27 6 18 17 11 8 27 20 38 20 12 20 21 10 18 14 21 26 17 20 19 17 22 19 8 22 0 26 15 9 18 12 21 22 10 27 10 10 25 20 20 27 12 11 14 19 5 10 23 8 6 11 13 11 6 4 4 3 7 7 5 5 10 11 8 9 9 4 9 8 10 12 18 18 15 15 14 12 9 9 7 6 5 4 6 7 8 7 8
30 30 1 19 27 24 28 25 40 28 25 19 2 26 19 26 31 25 2 26 40 21 32 21 33 30 8 31 26 0 26 30 14 25 5 30 26 34 26 0 24 27 27 31 21 24 30 2 27 26 1 22 31 2 19 31 18 30 23 30 15 26 26 25 34 32 26 25 23 23 24 26 23 22 26 25 25 25 24 24 29 28 30 30 29 29 28 26 23 21 21 20 19 20 21 22 20 19 18 19 19
10 10 23 11 14 11 19 14 32 9 18 9 25 16 11 3 17 13 25 9 32 13 17 13 13 11 16 13 14 24 4 11 14 2 20 10 18 14 15 24 0 18 3 15 14 15 16 25 19 12 23 13 11 25 5 13 12 10 14 11 18 18 13 10 14 13 12 15 13 14 16 17 14 13 11 11 11 11 11 15 13 14 13 10 9 9 8 7 5 6 7 8 9 9 11 12 12 10 10 11 10
10 20 26 9 24 22 5 10 40 21 3 11 28 11 19 20 7 13 28 22 40 21 8 21 23 11 19 12 22 27 20 23 22 19 22 23 2 23 9 27 18 0 20 8 22 23 6 28 4 15 26 21 23 28 13 11 14 22 5 11 25 2 10 15 12 10 12 10 6 7 4 3 5 6 15 15 14 14 14 9 9 9 9 10 22 22 18 19 17 15 12 12 11 10 8 7 7 9 9 9 10
13 13 26 14 13 10 22 16 32 12 20 12 28 19 12 3 20 15 28 10 32 14 20 14 16 14 19 16 16 27 4 13 14 3 23 13 20 17 18 27 3 20 0 18 14 16 19 28 22 14 26 15 14 28 8 16 14 11 16 14 17 20 16 13 17 16 15 18 15 16 18 20 16 16 14 13 14 13 13 18 16 17 15 13 12 12 11 9 8 8 10 10 11 12 13 14 15 13 13 13 12
5 15 30 14 25 22 9 10 43 15 9 16 32 9 22 18 6 14 32 20 43 24 5 24 18 7 23 5 25 31 18 17 25 17 27 17 6 18 12 31 15 8 18 0 24 26 5 32 4 12 30 23 17 32 16 7 19 16 10 7 29 6 6 13 8 6 11 8 11 10 9 7 10 11 12 16 12 11 14 8 5 5 5 5 16 15 12 13 13 15 16 16 15 14 12 11 13 14 15 15 15
19 19 20 13 14 11 23 20 23 18 20 14 22 21 5 14 26 19 22 12 23 7 26 7 22 19 13 20 14 21 15 20 7 14 17 19 21 23 21 21 14 22 14 24 0 4 25 22 22 19 20 8 20 22 12 21 13 19 18 19 11 21 21 17 23 22 19 20 18 18 19 21 18 17 18 17 18 18 17 19 22 23 22 19 18 18 17 16 12 11 13 13 14 15 16 17 15 14 13 14 14
21 21 23 16 16 13 25 21 24 20 21 15 25 23 6 15 27 20 25 14 24 8 28 8 24 21 16 22 16 24 17 21 10 16 20 21 22 25 22 24 15 23 16 26 4 0 26 25 24 21 23 9 22 25 13 23 14 21 20 21 13 22 23 18 25 24 21 21 19 19 21 22 20 19 19 19 20 20 19 21 24 25 23 21 20 20 19 17 14 12 15 15 15 16 18 19 17 15 15 16 15
6 16 29 13 27 23 6 8 44 17 7 15 31 9 22 19 2 12 31 21 44 24 4 24 19 7 22 8 25 30 19 19 26 18 26 19 5 19 10 30 16 6 19 5 25 26 0 31 5 14 29 24 19 31 17 7 18 18 8 7 29 5 6 15 8 6 10 8 10 10 7 6 8 9 14 15 12 13 13 8 5 5 5 6 18 18 14 15 15 17 16 15 15 14 12 11 11 13 13 13 14
31 31 2 21 28 25 29 26 41 29 26 20 2 27 20 27 32 26 1 27 41 22 33 22 34 31 9 32 27 2 27 31 15 26 6 31 27 35 27 2 25 28 28 32 22 25 31 0 28 27 2 23 32 0 20 32 19 31 24 31 16 27 27 26 35 33 27 26 24 24 25 27 24 23 27 26 26 26 25 25 30 29 31 31 30 30 29 27 24 22 22 21 20 21 22 23 21 20 19 20 20
9 19 26 10 26 23 5 10 41 19 5 13 28 12 20 22 6 13 28 24 41 22 7 22 22 9 19 8 23 27 21 20 23 21 23 20 2 22 10 27 19 4 22 4 22 24 5 28 0 15 26 22 21 28 15 10 15 20 6 9 26 2 9 16 11 9 12 11 8 9 5 3 6 7 16 17 14 15 15 10 7 8 8 9 19 19 16 16 16 17 14 14 13 12 10 9 9 10 11 11 11
9 12 25 12 20 17 13 6 37 12 15 9 27 8 16 14 15 5 27 16 37 18 16 18 15 8 18 10 19 26 14 14 19 13 22 14 14 16 10 26 12 15 14 12 19 21 14 27 15 0 25 18 14 27 10 10 14 14 11 8 23 14 8 3 12 12 5 6 9 8 12 13 11 10 2 5 3 1 3 7 11 10 11 9 13 13 9 10 9 9 7 6 7 7 8 9 11 11 11 10 9
29 29 0 19 26 23 27 24 39 27 24 18 2 25 18 25 30 24 2 25 39 20 31 20 32 29 7 30 25 1 25 29 13 24 4 29 25 33 25 1 23 26 26 30 20 23 29 2 26 25 0 21 30 2 18 30 17 29 22 29 14 25 25 24 33 31 25 24 22 22 23 25 22 21 25 24 24 24 23 23 28 27 29 29 28 28 27 25 22 20 20 19 18 19 20 21 19 18 17 18 18
19 19 21 14 14 11 23 19 26 17 19 13 23 21 4 14 25 18 23 13 26 6 26 6 22 19 14 20 12 22 15 19 8 14 18 19 20 23 20 22 13 21 15 23 8 9 24 23 22 18 21 0 20 23 11 20 13 19 17 19 11 20 21 16 23 22 19 19 17 17 19 20 17 16 17 17 17 17 16 19 21 22 21 19 18 18 16 15 12 10 13 13 13 14 16 16 15 13 13 13 13
13 6 30 18 20 14 22 16 39 3 24 16 32 18 18 14 20 17 32 13 39 20 20 20 9 13 23 15 21 31 14 6 21 13 27 8 21 10 20 31 11 23 14 17 20 22 19 32 21 14 30 20 0 32 12 15 19 8 20 13 25 21 15 15 16 16 14 17 19 19 22 22 20 19 14 16 15 13 16 17 15 16 15 13 4 5 8 8 10 12 13 14 15 16 17 18 19 17 17 17 16
31 31 2 21 28 25 29 26 41 29 26 20 2 27 20 27 32 26 1 27 41 22 33 22 34 31 9 32 27 2 27 31 15 26 6 31 27 35 27 2 25 28 28 32 22 25 31 0 28 27 2 23 32 0 20 32 19 31 24 31 16 27 27 26 35 33 27 26 24 24 25 27 24 23 27 26 26 26 25 25 30 29 31 31 30 30 29 27 24 22 22 21 20 21 22 23 21 20 19 20 20
11 11 18 6 13 10 16 11 29 10 13 5 20 13 9 8 18 10 20 10 29 11 18 11 14 11 11 12 12 19 7 12 11 7 15 11 13 15 12 19 5 13 8 16 12 13 17 20 15 10 18 11 12 20 0 13 7 11 10 11 15 13 13 8 15 14 10 11 9 9 12 13 10 9 9 8 9 9 8 11 14 15 13 11 10 10 9 7 4 3 4 5 5 6 8 9 7 5 5 6 5
6 15 30 14 23 19 11 9 40 13 12 15 32 8 19 16 8 13 32 18 40 21 8 21 15 2 23 8 22 31 15 15 22 15 27 14 9 15 11 31 13 11 16 7 21 23 7 32 10 10 30 20 15 32 13 0 20 14 12 2 26 9 5 11 4 4 10 7 10 9 12 10 12 11 10 14 11 9 12 7 4 4 3 6 13 13 10 10 10 13 14 15 14 13 11 10 12 14 14 14 15
18 18 17 7 19 16 16 13 32 16 12 6 19 15 11 14 19 13 19 17 32 13 20 13 21 18 11 19 14 18 14 18 13 13 14 18 14 22 14 18 12 14 14 19 13 14 18 19 15 14 17 13 19 19 7 20 0 18 11 18 17 14 15 13 22 20 14 13 11 11 13 14 11 10 14 13 13 13 12 13 17 16 18 18 17 17 15 14 11 9 9 8 7 8 9 10 8 7 6 7 7
12 6 29 17 18 12 21 15 38 7 23 15 31 17 17 9 19 16 31 10 38 19 19 19 12 12 22 14 20 30 8 9 20 9 26 7 20 14 19 30 10 22 11 16 19 21 18 31 20 14 29 19 8 31 11 14 18 0 20 12 23 20 15 15 16 15 14 17 19 19 22 21 20 19 14 16 15 13 16 17 15 16 15 12 8 9 8 8 9 11 13 14 14 15 17 18 18 16 16 17 16
11 18 22 5 20 18 6 7 36 18 5 7 24 7 15 16 9 10 24 18 36 17 10 17 22 10 15 13 18 23 16 20 18 15 19 20 4 23 5 23 14 5 16 10 18 20 8 24 6 11 22 17 20 24 10 12 11 20 0 10 22 4 7 11 14 12 8 5 2 3 2 4 0 1 11 11 9 10 10 5 10 9 10 11 19 19 16 15 13 11 8 8 7 6 4 3 3 5 5 5 6
5 13 29 13 21 17 10 8 38 11 12 14 31 6 17 14 7 11 31 16 38 19 8 19 13 0 22 6 20 30 13 13 20 13 26 12 9 13 10 30 11 11 14 7 19 21 7 31 9 8 29 19 13 31 11 2 18 12 10 0 24 9 4 9 5 4 8 6 9 8 12 10 10 10 8 12 9 7 10 6 3 4 3 5 11 11 8 8 8 11 12 13 12 12 10 9 11 12 13 12 13
24 24 14 18 17 14 27 24 30 22 24 17 16 25 8 17 29 23 16 15 30 10 31 10 27 24 7 25 18 15 18 24 4 17 11 24 25 28 23 15 18 25 17 29 11 13 29 16 26 23 14 11 25 16 15 26 17 23 22 24 0 25 25 21 28 27 23 24 22 22 23 25 22 21 22 22 22 22 21 23 27 27 26 24 23 23 22 20 17 15 17 17 17 18 20 21 19 18 17 18 18
8 18 25 9 24 21 3 8 40 19 3 11 27 11 18 20 5 12 27 22 40 20 7 20 21 9 18 10 21 26 19 21 22 19 22 21 0 21 8 26 18 2 20 6 21 22 5 27 2 14 25 20 21 27 13 9 14 20 4 9 25 0 9 15 11 9 10 9 6 7 3 1 4 5 14 15 12 13 13 9 7 8 7 8 20 20 17 17 16 15 12 12 11 10 8 7 7 8 9 9 9
7 13 25 9 23 19 10 5 40 14 11 10 27 3 19 15 7 8 27 18 40 21 8 21 16 4 18 8 22 26 16 15 22 15 22 16 9 16 6 26 13 10 16 6 21 23 6 27 9 8 25 21 15 27 13 5 15 15 7 4 25 9 0 9 8 6 5 2 5 4 9 9 7 6 8 11 6 7 8 2 3 2 4 7 14 14 11 11 11 13 11 10 9 8 6 5 7 9 9 9 10
10 13 24 12 19 16 14 7 36 13 15 8 26 9 14 13 16 4 26 15 36 16 17 16 16 9 17 11 17 25 13 15 18 12 21 15 15 17 11 25 10 15 13 13 17 18 15 26 16 3 24 16 15 26 8 11 13 15 11 9 21 15 9 0 13 13 5 7 9 9 13 14 11 10 1 3 3 2 2 8 12 11 12 10 14 14 10 11 10 8 6 6 7 7 8 8 11 11 10 10 9
4 14 33 17 26 20 12 12 42 15 13 18 35 10 21 17 9 15 35 19 42 23 10 23 17 5 26 6 24 34 17 17 24 16 30 17 11 17 13 34 14 12 17 8 23 25 8 35 11 12 33 23 16 35 15 4 22 16 14 5 28 11 8 13 0 2 13 10 13 12 14 12 14 14 12 16 13 11 14 10 6 7 6 4 15 15 12 13 12 15 16 17 17 16 14 13 15 16 17 17 17
3 13 31 15 25 20 10 10 41 14 11 16 33 8 20 16 7 13 33 18 41 22 8 22 16 4 24 6 23 32 16 16 23 15 28 16 9 16 11 32 13 10 16 6 22 24 6 33 9 12 31 22 16 33 14 4 20 15 12 4 27 9 6 13 2 0 11 8 11 10 12 10 12 12 12 15 12 11 13 8 4 5 5 3 15 15 12 12 12 14 15 16 15 14 12 11 13 14 15 15 15
9 12 25 10 20 18 9 2 38 12 12 8 27 5 17 14 11 3 27 17 38 19 12 19 16 8 18 10 20 26 15 14 20 13 22 15 10 17 6 26 12 12 15 11 19 21 10 27 12 5 25 19 14 27 10 10 14 14 8 8 23 10 5 5 13 11 0 4 7 6 10 9 8 8 5 6 2 4 3 4 8 7 9 9 13 13 10 10 9 10 7 7 7 6 7 7 9 11 10 9 9
9 15 24 8 22 19 10 4 39 15 10 9 26 3 17 17 9 6 26 20 39 19 10 19 18 6 17 10 20 25 18 17 21 16 21 18 9 18 4 25 15 10 18 8 20 21 8 26 11 6 24 19 17 26 11 7 13 17 5 6 24 9 2 7 10 8 4 0 6 5 7 9 5 6 6 9 4 5 6 3 5 4 6 9 14 14 11 11 10 12 9 9 8 7 7 6 8 9 10 9 10
11 17 22 5 19 16 8 6 37 17 6 6 24 5 15 15 11 9 24 18 37 17 12 17 20 9 15 13 18 23 16 20 18 14 19 20 6 21 4 23 13 6 15 11 18 19 10 24 8 9 22 17 19 24 9 10 11 19 2 9 22 6 5 9 13 11 7 6 0 1 4 6 2 2 9 9 8 8 8 3 8 7 9 11 17 17 14 13 12 10 7 6 5 4 2 1 3 4 5 4 5
10 17 22 5 20 17 9 5 36 17 7 7 24 4 15 15 11 9 24 18 36 17 12 17 19 8 15 12 18 23 16 19 19 15 19 19 7 20 3 23 14 7 16 10 18 19 10 24 9 8 22 17 19 24 9 9 11 19 3 8 22 7 4 9 12 10 6 5 1 0 5 6 3 3 8 9 7 7 8 2 7 6 8 10 16 16 13 13 12 10 7 7 5 5 3 2 4 5 6 5 6
10 20 23 7 22 20 6 8 38 20 4 9 25 9 17 18 8 11 25 20 38 19 10 19 23 12 16 13 20 24 18 22 20 17 20 22 3 23 7 24 16 4 18 9 19 21 7 25 5 12 23 19 22 25 12 12 13 22 2 12 23 3 9 13 14 12 10 7 4 5 0 2 2 3 12 13 11 11 11 7 9 9 9 10 21 21 17 17 15 13 10 10 9 8 6 5 5 7 7 7 8
9 19 25 9 24 21 4 7 40 20 4 11 27 10 18 19 6 11 27 22 40 20 8 20 22 10 18 11 21 26 20 22 22 19 22 22 1 22 7 26 17 3 20 7 21 22 6 27 3 13 25 20 22 27 13 10 14 21 4 10 25 1 9 14 12 10 9 9 6 6 2 0 4 4 13 14 11 12 12 8 7 8 7 9 20 20 17 18 16 14 12 11 10 9 7 6 7 8 8 8 9
11 18 22 5 20 18 6 7 36 18 5 7 24 7 15 16 9 10 24 18 36 17 10 17 22 10 15 13 18 23 16 20 18 15 19 20 4 23 5 23 14 5 16 10 18 20 8 24 6 11 22 17 20 24 10 12 11 20 0 10 22 4 7 11 14 12 8 5 2 3 2 4 0 1 11 11 9 10 10 5 10 9 10 11 19 19 16 15 13 11 8 8 7 6 4 3 3 5 5 5 6
12 17 21 5 20 17 7 7 36 18 5 7 23 6 15 15 10 10 23 18 36 17 11 17 21 10 14 14 18 22 16 20 18 15 18 20 5 22 5 22 13 6 16 11 17 19 9 23 7 10 21 16 19 23 9 11 10 19 1 10 21 5 6 10 14 12 8 6 2 3 3 4 1 0 10 10 9 9 9 4 9 8 10 12 18 18 15 14 13 11 8 7 6 5 3 2 3 5 5 5 6
9 12 25 13 20 17 13 6 37 12 15 8 27 8 15 13 15 5 27 16 37 17 16 17 15 8 18 10 18 26 14 14 19 12 22 14 14 16 10 26 11 15 14 12 18 19 14 27 16 2 25 17 14 27 9 10 14 14 11 8 22 14 8 1 12 12 5 6 9 8 12 13 11 10 0 4 4 1 3 7 11 10 11 9 13 13 9 10 9 9 7 6 8 7 9 9 11 12 11 10 9
12 14 24 12 19 17 14 7 36 15 15 8 26 11 15 13 16 6 26 15 36 17 17 17 18 12 17 14 18 25 13 17 18 12 21 17 15 20 11 25 11 15 13 16 17 19 15 26 17 5 24 17 16 26 8 14 13 16 11 12 22 15 11 3 16 15 6 9 9 9 13 14 11 10 4 0 5 5 4 10 14 13 14 12 16 16 12 13 10 8 6 6 7 7 8 8 11 11 11 10 9
10 13 24 11 19 16 11 4 36 13 14 8 26 7 15 14 13 2 26 16 36 17 14 17 16 9 17 11 18 25 14 15 18 13 21 15 12 17 8 25 11 14 14 12 18 20 12 26 14 3 24 17 15 26 9 11 13 15 9 9 22 12 6 3 13 12 2 4 8 7 11 11 9 9 4 5 0 3 2 6 9 8 10 10 14 14 11 11 10 9 6 6 7 6 8 8 10 11 10 9 9
8 11 24 12 19 16 12 5 36 11 14 8 26 7 16 13 14 4 26 15 36 18 15 18 14 7 17 9 19 25 13 13 18 12 21 13 13 15 9 25 11 14 13 11 18 20 13 26 15 1 24 17 13 26 9 9 13 13 10 7 22 13 7 2 11 11 4 5 8 7 11 12 10 9 1 5 3 0 4 6 10 9 10 8 12 12 8 9 8 10 8 7 8 8 9 9 11 12 12 11 10
10 14 23 11 18 15 12 5 36 14 14 7 25 8 15 13 14 3 25 15 36 17 15 17 17 10 16 12 18 24 13 16 17 12 20 16 13 18 9 24 11 14 13 14 17 19 13 25 15 3 23 16 16 25 8 12 12 16 10 10 21 13 8 2 14 13 3 6 8 8 11 12 10 9 3 4 2 4 0 6 10 9 11 10 13 13 10 10 10 8 5 5 6 6 7 7 9 10 9 9 8
9 15 23 7 22 19 9 3 38 15 9 8 25 2 17 17 9 7 25 19 38 19 10 19 17 6 16 10 20 24 18 17 20 16 20 17 9 18 4 24 15 9 18 8 19 21 8 25 10 7 23 19 17 25 11 7 13 17 5 6 23 9 2 8 10 8 4 3 3 2 7 8 5 4 7 10 6 6 6 0 5 4 6 9 14 14 11 11 11 12 9 9 7 7 5 4 6 7 8 7 8
4 13 28 11 24 19 8 7 41 13 9 12 30 5 20 15 5 11 30 18 41 22 6 22 15 3 21 6 23 29 16 15 23 14 25 15 7 16 9 29 13 9 16 5 22 24 5 30 7 11 28 21 15 30 14 4 17 15 10 3 27 7 3 12 6 4 8 5 8 7 9 7 10 9 11 14 9 10 10 5 0 1 1 4 14 14 11 11 11 14 13 12 11 10 8 7 9 10 11 11 11
5 14 27 11 24 20 9 6 42 14 10 11 29 4 20 16 6 10 29 18 42 22 7 22 16 4 20 7 23 28 17 16 23 15 24 16 8 17 8 28 14 9 17 5 23 25 5 29 8 10 27 22 16 29 15 4 16 16 9 4 27 8 2 11 7 5 7 4 7 6 9 8 9 8 10 13 8 9 9 4 1 0 2 5 15 15 11 12 12 14 12 11 10 9 7 6 8 10 10 10 11
3 13 29 12 24 19 8 8 41 13 10 13 31 6 19 15 6 12 31 17 41 21 6 21 15 3 22 6 22 30 15 15 23 14 26 15 7 15 10 30 13 9 15 5 22 23 5 31 8 11 29 21 15 31 13 3 18 15 10 3 26 7 4 12 6 5 9 6 9 8 9 7 10 10 11 14 10 10 11 6 1 2 0 3 14 14 11 11 11 13 14 13 12 11 9 8 10 11 12 12 12
0 10 29 15 22 17 9 10 38 11 11 15 31 9 17 13 7 12 31 15 38 19 7 19 13 5 22 3 20 30 13 13 20 12 26 13 8 13 12 30 10 10 13 5 19 21 6 31 9 9 29 19 13 31 11 6 18 12 11 5 24 8 7 10 4 3 9 9 11 10 10 9 11 12 9 12 10 8 10 9 4 5 3 0 12 12 9 9 9 11 12 13 14 13 12 11 12 14 14 14 15
12 5 28 16 20 14 21 15 37 1 22 14 30 16 16 12 18 15 30 13 37 18 19 18 6 11 21 13 19 29 12 4 19 11 25 8 20 7 18 29 9 22 12 16 18 20 18 30 19 13 28 18 4 30 10 13 17 8 19 11 23 20 14 14 15 15 13 14 17 16 21 20 19 18 13 16 14 12 13 14 14 15 14 12 0 3 6 6 9 11 12 13 14 15 16 17 17 15 15 16 15
12 6 28 16 21 15 21 15 37 2 22 14 30 16 16 12 18 15 30 14 37 18 19 18 4 11 21 13 19 29 12 3 19 11 25 9 20 5 18 29 9 22 12 15 18 20 18 30 19 13 28 18 5 30 10 13 17 9 19 11 23 20 14 14 15 15 13 14 17 16 21 20 19 18 13 16 14 12 13 14 14 15 14 12 3 0 5 5 8 10 11 12 13 14 15 16 17 15 15 15 14
9 6 27 15 20 14 17 11 36 5 19 13 29 13 15 10 15 12 29 13 36 17 16 17 8 8 20 10 18 28 11 7 18 9 24 9 17 9 15 28 8 18 11 12 17 19 14 29 16 9 27 16 8 29 9 10 15 8 16 8 22 17 11 10 12 12 10 11 14 13 17 17 16 15 9 12 11 8 10 11 11 11 11 9 6 5 0 5 6 9 10 11 11 12 14 15 16 14 14 14 13
9 6 25 12 18 13 18 12 35 5 19 10 27 13 13 9 15 12 27 11 35 15 16 15 9 8 18 10 16 26 9 8 17 8 22 9 17 10 15 26 7 19 9 13 16 17 15 27 16 10 25 15 8 27 7 10 14 8 15 8 20 17 11 11 13 12 10 11 13 13 17 18 15 14 10 13 11 9 10 11 11 12 11 9 6 5 5 0 4 6 7 8 9 10 11 12 13 11 11 11 10
9 7 22 10 15 11 18 11 31 8 17 8 24 13 10 7 15 11 24 10 31 12 16 12 11 8 15 10 13 23 8 10 13 6 19 10 16 13 14 23 5 17 8 13 12 14 15 24 16 9 22 12 10 24 4 10 11 9 13 8 17 16 11 10 12 12 9 10 12 12 15 16 13 13 9 10 10 8 10 11 11 12 11 9 9 8 6 4 0 3 6 7 8 9 10 11 11 9 9 10 9
11 10 20 9 13 10 17 10 30 10 15 6 22 14 8 8 18 9 22 11 30 10 18 10 14 11 13 12 11 21 9 12 12 7 17 12 15 15 12 21 6 15 8 15 11 12 17 22 17 9 20 10 12 22 3 13 9 11 11 11 15 15 13 8 15 14 10 12 10 10 13 14 11 11 9 8 9 10 8 12 14 14 13 11 11 10 9 6 3 0 3 4 5 6 8 9 9 8 7 8 7
12 11 20 8 14 11 14 8 32 11 12 3 22 11 11 9 17 7 22 12 32 13 18 13 15 12 13 13 14 21 10 13 13 8 17 13 12 16 9 21 7 12 10 16 13 15 16 22 14 7 20 13 13 22 4 14 9 13 8 12 17 12 11 6 16 15 7 9 7 7 10 12 8 8 7 6 6 8 5 9 13 12 14 12 12 11 10 7 6 3 0 1 2 3 5 6 7 7 6 5 4
13 12 19 7 14 12 14 7 32 12 12 3 21 11 11 10 16 6 21 13 32 13 17 13 16 13 12 14 14 20 11 14 13 9 16 14 12 17 9 20 8 12 10 16 13 15 15 21 14 6 19 13 14 21 5 15 8 14 8 13 17 12 10 6 17 16 7 9 6 7 10 11 8 7 6 6 6 7 5 9 12 11 13 13 13 12 11 8 7 4 1 0 2 3 4 5 7 7 6 5 4
14 12 18 6 15 12 13 7 32 13 11 2 20 9 11 10 16 7 20 13 32 13 16 13 16 12 11 15 14 19 11 15 14 10 15 15 11 18 7 19 9 11 11 15 14 15 15 20 13 7 18 13 15 20 5 14 7 14 7 12 17 11 9 7 17 15 7 8 5 5 9 10 7 6 8 7 7 8 6 7 11 10 12 14 14 13 11 9 8 5 2 2 0 1 3 4 5 5 4 3 2
13 13 19 6 16 13 12 6 33 14 10 3 21 8 12 11 15 6 21 14 33 14 16 14 17 12 12 16 15 20 12 16 15 11 16 16 10 19 6 20 9 10 12 14 15 16 14 21 12 7 19 14 16 21 6 13 8 15 6 12 18 10 8 7 16 14 6 7 4 5 8 9 6 5 7 7 6 8 6 7 10 9 11 13 15 14 12 10 9 6 3 3 1 0 2 3 4 5 4 3 3
12 15 20 6 17 14 10 6 35 15 8 4 22 7 14 13 13 7 22 16 35 16 14 16 19 10 13 14 17 21 14 18 16 12 17 18 8 20 5 21 11 8 13 12 16 18 12 22 10 8 20 16 17 22 8 11 9 17 4 10 20 8 6 8 14 12 7 7 2 3 6 7 4 3 9 8 8 9 7 5 8 7 9 12 16 15 14 11 10 8 5 4 3 2 0 1 4 5 4 4 4
11 16 21 5 18 15 9 5 36 16 7 5 23 6 15 14 12 8 23 17 36 17 13 17 20 9 14 13 18 22 15 19 17 13 18 19 7 21 4 22 12 7 14 11 17 19 11 23 9 9 21 16 18 23 9 10 10 18 3 9 21 7 5 8 13 11 7 6 1 2 5 6 3 2 9 8 8 9 7 4 7 6 8 11 17 16 15 12 11 9 6 5 4 3 1 0 3 4 4 4 5
12 17 19 3 19 16 9 8 34 17 7 6 21 8 13 15 12 10 21 17 34 15 13 15 21 11 12 15 16 20 14 19 16 14 16 18 7 22 6 20 12 7 15 13 15 17 11 21 9 11 19 15 19 21 7 12 8 18 3 11 19 7 7 11 15 13 9 8 3 4 5 7 3 3 11 11 10 11 9 6 9 8 10 12 17 17 16 13 11 9 7 7 5 4 4 3 0 2 2 3 4
14 15 18 1 18 15 11 9 33 15 8 4 20 9 11 13 13 11 20 15 33 13 15 13 19 12 11 16 14 19 12 17 15 12 15 16 8 20 7 19 10 9 13 14 14 15 13 20 10 11 18 13 17 20 5 14 7 16 5 12 18 8 9 11 16 14 11 9 4 5 7 8 5 5 12 11 11 12 10 7 10 10 11 14 15 15 14 11 9 8 7 7 5 5 5 4 2 0 1 2 3
14 15 17 2 18 15 11 9 32 15 8 4 19 9 11 13 14 10 19 15 32 13 15 13 19 13 10 17 14 18 12 17 14 12 14 16 9 20 8 18 10 9 13 15 13 15 13 19 11 11 17 13 17 19 5 14 6 16 5 13 17 9 9 10 17 15 10 10 5 6 7 8 5 5 11 11 10 12 9 8 11 10 12 14 15 15 14 11 9 7 6 6 4 4 4 4 2 1 0 1 2
14 15 18 3 17 14 11 8 33 15 9 3 20 9 12 13 14 9 20 16 33 14 15 14 19 12 11 16 15 19 13 18 15 12 15 17 9 20 7 19 11 9 13 15 14 16 13 20 11 10 18 13 17 20 6 14 7 17 5 12 18 9 9 10 17 15 9 9 4 5 7 8 5 5 10 10 9 11 9 7 11 10 12 14 16 15 14 11 10 8 5 5 3 3 4 4 3 2 1 0 1
15 14 18 4 16 13 12 8 33 14 10 2 20 10 11 12 14 9 20 15 33 13 16 13 18 13 11 17 14 19 12 17 15 11 15 16 9 19 8 19 10 10 12 15 14 15 14 20 11 9 18 13 16 20 5 15 7 16 6 13 18 9 10 9 17 15 9 10 5 6 8 9 6 6 9 9 9 10 8 8 11 11 12 15 15 14 13 10 9 7 4 4 2 3 4 5 4 3 2 1 0