0 30 6 21 13 29 6 12 27 25 13 34 25 24 14 25 11 13 16 11 20 30 10 25 9 13 28 17 29 26 3 6 31 7 29 10 15 9 25 7 15 17 6 30 7 6 20 38 20 17 15 10 26 20 13 16 11 25 9 12 31 9 7 10 4 3 9 9 11 10 10 9 11 12 9 12 10 8 10 9 4 5 3 0 11 11 9 9 9 11 12 13 14 13 12 11 12 14 14 14 15
30 0 31 27 32 1 30 26 4 16 22 36 16 15 21 16 25 27 35 26 22 2 28 16 28 27 15 25 1 7 32 28 1 31 1 33 19 26 17 31 21 29 34 2 27 32 22 40 22 23 36 28 11 26 27 35 26 16 26 23 1 26 27 25 34 32 26 25 23 23 25 26 23 22 26 25 25 25 24 25 29 28 30 30 29 29 28 26 23 21 21 20 19 20 22 22 20 19 18 19 19
6 31 0 26 17 30 5 12 27 30 12 39 29 28 13 29 12 15 21 10 25 31 9 29 8 18 29 21 30 26 8 4 31 3 30 14 13 12 30 6 20 21 10 31 12 6 25 43 24 22 19 9 27 25 15 21 10 29 13 17 32 8 4 13 7 5 9 6 9 8 10 9 11 10 12 15 10 11 12 6 2 3 3 6 16 16 13 13 13 16 15 14 13 12 10 9 11 12 13 13 13
21 27 26 0 23 26 26 20 23 21 18 30 20 19 18 20 20 21 26 22 16 27 24 20 24 18 23 19 26 23 23 25 27 27 26 24 15 20 21 27 11 22 24 27 18 23 16 34 16 11 27 25 23 1 21 26 22 20 17 15 28 22 23 18 25 24 21 21 19 19 21 22 20 19 19 19 20 20 19 21 24 24 23 21 20 20 19 17 14 12 15 15 15 16 18 19 17 15 15 16 15
13 32 17 23 0 31 19 17 28 27 23 36 26 25 22 26 17 18 10 22 21 32 19 26 22 15 29 14 31 27 16 19 32 19 31 10 18 14 27 20 17 15 16 32 7 16 21 40 21 19 11 23 28 22 18 10 22 26 7 13 33 22 15 15 17 16 14 17 19 19 22 22 20 20 14 17 15 13 16 17 15 16 15 13 5 5 8 8 10 12 13 14 15 16 17 18 19 17 17 17 16
29 1 30 26 31 0 29 25 3 15 21 35 15 14 20 15 24 26 34 25 22 1 27 15 27 26 14 24 0 6 31 27 2 30 0 32 18 25 16 30 20 28 33 1 26 31 22 39 22 22 35 27 10 25 26 34 25 15 25 22 2 25 26 24 33 31 25 24 22 22 24 25 22 21 25 24 24 24 23 24 28 27 29 29 28 28 27 25 22 20 20 19 18 19 21 21 19 18 17 18 18
6 30 5 26 19 29 0 12 27 30 9 40 29 28 11 29 12 17 22 8 25 30 8 29 6 19 28 23 29 26 8 2 30 5 29 16 13 14 30 2 21 23 11 30 13 7 25 44 25 23 21 6 26 25 17 22 8 29 15 18 31 5 6 15 8 6 11 8 10 10 7 6 9 9 14 15 12 13 14 8 5 5 5 6 17 17 14 15 15 17 16 15 15 14 12 11 12 13 13 13 14
12 26 12 20 17 25 12 0 22 24 13 33 23 22 14 23 1 7 20 10 19 26 6 23 13 15 24 17 25 21 13 10 26 10 25 16 11 5 24 13 15 19 15 26 12 13 19 37 19 17 20 14 22 19 7 20 10 23 13 12 26 12 8 4 15 13 3 6 9 9 11 11 11 10 5 6 2 4 3 7 11 10 12 12 15 15 12 12 11 9 7 6 7 6 7 8 10 11 10 9 9
27 4 27 23 28 3 27 22 0 13 19 33 12 11 17 12 22 24 31 22 19 4 24 12 24 23 12 21 3 3 28 25 4 27 3 30 16 23 13 27 18 25 30 4 23 28 19 37 19 19 33 25 7 22 24 31 22 12 23 19 5 22 23 22 31 29 22 22 19 19 21 22 20 19 22 22 22 22 21 21 25 25 26 27 26 26 24 23 20 18 17 17 16 17 18 19 17 15 15 16 16
25 16 30 21 27 15 30 24 13 0 22 27 5 4 21 1 23 25 30 25 13 16 27 1 28 18 9 15 15 12 27 28 16 30 15 28 19 24 3 31 13 19 28 16 22 27 13 31 12 18 31 28 12 20 25 30 25 1 21 17 17 26 26 22 29 28 24 25 23 23 24 26 23 22 23 23 23 23 22 24 28 28 27 25 24 24 23 21 18 16 18 18 18 19 21 22 20 19 18 19 19
13 22 12 18 23 21 9 13 19 22 0 32 22 21 2 21 12 15 26 6 17 22 10 21 6 18 21 19 21 18 15 8 23 12 21 21 6 13 22 10 13 22 17 22 17 14 17 36 17 14 26 8 19 17 15 26 6 21 17 15 23 5 9 13 15 13 10 8 4 5 4 5 3 3 13 13 12 12 12 7 12 11 12 13 21 21 18 17 15 13 10 10 9 8 6 5 5 6 6 7 8
34 36 39 30 36 35 40 33 33 27 32 0 26 25 31 26 33 34 39 35 15 36 37 26 37 28 30 25 35 32 36 38 36 40 35 37 29 33 27 41 23 29 38 36 31 36 15 4 20 27 40 38 32 29 34 39 35 26 30 26 37 36 36 32 38 37 34 35 32 32 34 36 33 32 33 32 32 32 32 34 37 38 37 34 33 33 32 31 27 26 28 28 28 29 31 32 30 29 28 29 29
25 16 29 20 26 15 29 23 12 5 22 26 0 1 21 5 23 24 29 25 12 16 27 5 27 18 9 15 15 11 26 28 16 30 15 27 18 23 6 30 12 19 28 16 21 26 12 30 12 17 31 28 12 19 24 29 25 5 20 16 17 25 26 22 29 28 24 24 22 22 24 25 22 22 23 22 22 22 21 24 27 28 27 25 24 24 22 21 18 16 18 18 18 19 21 22 20 18 18 18 18
24 15 28 19 25 14 28 22 11 4 21 25 1 0 20 4 22 23 28 24 11 15 26 4 26 17 8 14 14 10 25 27 15 29 14 26 17 22 5 29 11 18 27 15 20 25 11 29 11 16 30 27 11 18 23 28 24 4 19 15 16 24 25 21 28 27 23 23 21 21 23 24 21 21 22 21 21 21 20 23 26 27 26 24 23 23 21 20 17 15 17 17 17 18 20 21 19 17 17 17 17
14 21 13 18 22 20 11 14 17 21 2 31 21 20 0 21 14 17 26 8 17 21 11 21 8 18 20 19 20 18 17 9 21 13 20 23 5 15 22 12 12 22 19 21 17 16 17 35 17 14 27 9 18 17 17 26 8 21 17 14 22 7 11 15 17 15 12 9 6 7 6 7 5 5 15 15 13 14 14 9 13 13 13 14 20 20 19 16 14 12 11 11 9 9 8 7 6 5 5 6 7
25 16 29 20 26 15 29 23 12 1 21 26 5 4 21 0 23 24 29 25 12 16 27 0 27 18 9 14 15 11 26 28 16 30 15 27 18 23 2 30 12 18 28 16 21 26 12 30 11 17 30 28 12 19 24 29 25 0 20 16 17 25 26 22 28 28 24 24 22 22 24 25 22 21 23 22 22 22 21 24 27 27 27 25 23 23 22 21 17 16 17 18 18 19 20 21 19 18 17 18 18
11 25 12 20 17 24 12 1 22 23 12 33 23 22 14 23 0 6 19 10 19 25 6 23 13 15 23 16 24 21 13 10 25 10 24 16 11 5 23 13 14 19 14 25 12 13 19 37 18 16 20 14 21 19 6 19 10 23 12 11 26 12 8 4 15 13 4 6 8 9 11 11 10 9 5 6 2 4 3 7 11 10 12 11 15 15 11 12 11 9 6 6 7 6 7 7 10 10 10 9 8
13 27 15 21 18 26 17 7 24 25 15 34 24 23 17 24 6 0 21 14 19 27 12 24 18 15 25 18 26 23 15 16 27 15 26 17 13 5 25 18 15 19 17 27 13 14 19 38 19 17 21 19 23 20 0 21 14 24 14 12 28 17 11 3 16 16 7 9 11 11 15 16 13 12 4 2 5 5 5 11 14 13 15 13 17 17 13 14 12 10 8 7 9 9 10 10 13 13 12 11 10
16 35 21 26 10 34 22 20 31 30 26 39 29 28 26 29 19 21 0 24 24 35 22 29 25 18 33 21 34 30 16 22 35 23 34 8 22 17 30 23 20 21 15 35 9 18 24 43 24 22 5 25 31 25 21 0 24 29 10 17 36 25 19 18 20 19 18 20 23 22 26 25 24 23 17 20 18 16 19 20 19 19 18 16 8 6 10 11 13 15 17 18 18 19 21 22 23 21 21 21 20
11 26 10 22 22 25 8 10 22 25 6 35 25 24 8 25 10 14 24 0 21 26 6 25 5 19 24 20 25 21 14 6 26 8 25 19 8 11 25 8 17 23 15 26 16 12 21 39 21 18 24 7 22 21 14 24 0 25 17 16 27 5 7 12 14 12 8 5 4 3 4 4 3 4 11 12 9 10 11 5 10 9 10 11 19 19 16 16 15 13 10 10 8 7 6 5 6 8 8 8 9
20 22 25 16 21 22 25 19 19 13 17 15 12 11 17 12 19 19 24 21 0 22 23 12 23 15 15 11 22 18 21 24 23 26 22 23 14 18 13 26 8 16 23 22 16 22 0 19 5 13 26 24 19 15 19 24 21 12 16 13 23 21 22 17 24 23 20 20 18 18 20 21 18 18 18 18 18 18 18 20 23 23 22 20 19 19 17 16 13 11 14 14 14 15 17 18 16 14 14 14 14
30 2 31 27 32 1 30 26 4 16 22 36 16 15 21 16 25 27 35 26 22 0 28 16 28 27 15 25 1 7 32 28 2 31 1 33 19 26 17 31 21 29 34 0 27 32 22 40 22 23 36 28 11 26 27 35 26 16 26 23 2 26 27 25 34 32 26 25 23 23 25 26 23 22 26 25 25 25 24 25 29 28 30 30 29 29 28 26 23 21 21 20 19 20 22 22 20 19 18 19 19
10 28 9 24 19 27 8 6 24 27 10 37 27 26 11 27 6 12 22 6 23 28 0 27 9 19 26 20 27 23 13 7 28 7 27 17 12 9 27 9 18 23 15 28 14 10 23 41 22 20 22 10 24 23 12 22 6 27 15 15 29 8 6 9 12 10 5 5 8 7 7 7 7 8 9 10 7 8 8 5 8 7 9 10 17 17 14 15 14 13 10 10 9 8 8 8 10 11 11 11 11
25 16 29 20 26 15 29 23 12 1 21 26 5 4 21 0 23 24 29 25 12 16 27 0 27 18 9 14 15 11 26 28 16 30 15 27 18 23 2 30 12 18 28 16 21 26 12 30 11 17 30 28 12 19 24 29 25 0 20 16 17 25 26 22 28 28 24 24 22 22 24 25 22 21 23 22 22 22 21 24 27 27 27 25 23 23 22 21 17 16 17 18 18 19 20 21 19 18 17 18 18
9 28 8 24 22 27 6 13 24 28 6 37 27 26 8 27 13 18 25 5 23 28 9 27 0 21 26 23 27 23 12 4 28 8 27 19 10 15 28 6 19 25 13 28 16 10 23 41 23 20 24 4 24 23 18 25 5 27 18 18 29 2 10 16 12 10 11 10 7 8 4 3 5 6 15 16 13 14 14 10 8 9 8 9 20 20 18 18 18 16 13 13 12 11 9 8 8 10 10 10 11
13 27 18 18 15 26 19 15 23 18 18 28 18 17 18 18 15 15 18 19 15 27 19 18 21 0 21 10 26 22 16 19 27 20 26 16 14 14 19 20 12 11 19 27 9 16 15 32 14 14 19 23 23 17 15 18 19 18 8 7 28 20 16 13 17 16 15 18 15 16 18 20 16 16 14 13 14 13 13 18 16 17 15 13 12 12 11 9 8 8 10 10 11 12 13 14 15 14 13 13 12
28 15 29 23 29 14 28 24 12 9 21 30 9 8 20 9 23 25 33 24 15 15 26 9 26 21 0 18 14 11 30 26 15 29 14 31 17 24 10 29 15 22 31 15 24 30 15 34 15 20 34 26 11 22 25 33 24 9 24 20 16 24 25 23 32 30 24 23 21 21 23 24 21 20 24 23 23 23 22 23 27 26 28 28 27 27 26 24 21 19 19 19 17 18 20 20 18 17 16 17 17
17 25 21 19 14 24 23 17 21 15 19 25 15 14 19 14 16 18 21 20 11 25 20 14 23 10 18 0 24 20 20 23 25 23 24 19 16 17 15 24 12 6 22 25 12 20 11 29 11 15 22 24 21 18 18 21 20 14 12 10 26 21 19 16 20 20 18 19 16 17 20 21 18 17 17 17 16 16 15 19 19 20 19 17 14 15 14 13 11 10 11 12 12 13 14 15 16 16 15 14 13
29 1 30 26 31 0 29 25 3 15 21 35 15 14 20 15 24 26 34 25 22 1 27 15 27 26 14 24 0 6 31 27 2 30 0 32 18 25 16 30 20 28 33 1 26 31 22 39 22 22 35 27 10 25 26 34 25 15 25 22 2 25 26 24 33 31 25 24 22 22 24 25 22 21 25 24 24 24 23 24 28 27 29 29 28 28 27 25 22 20 20 19 18 19 21 21 19 18 17 18 18
26 7 26 23 27 6 26 21 3 12 18 32 11 10 18 11 21 23 30 21 18 7 23 11 23 22 11 20 6 0 27 24 7 26 6 29 15 22 12 26 17 24 29 7 22 27 18 36 17 18 32 24 7 22 23 30 21 11 22 18 8 21 22 21 30 28 21 21 18 18 20 21 19 18 21 21 21 21 20 20 24 24 25 26 25 25 23 22 19 17 16 16 15 16 17 18 16 14 14 15 15
3 32 8 23 16 31 8 13 28 27 15 36 26 25 17 26 13 15 16 14 21 32 13 26 12 16 30 20 31 27 0 8 32 9 31 8 17 11 27 9 17 20 3 32 10 9 21 40 21 19 14 11 28 22 15 16 14 26 11 15 33 11 8 12 7 6 11 10 13 12 13 12 14 14 11 14 12 10 13 10 6 7 6 3 14 14 10 11 11 13 14 15 16 16 14 13 15 16 17 17 17
6 28 4 25 19 27 2 10 25 28 8 38 28 27 9 28 10 16 22 6 24 28 7 28 4 19 26 23 27 24 8 0 29 4 27 15 11 14 28 3 19 23 10 28 13 7 24 42 23 21 20 5 24 24 16 22 6 28 15 18 29 4 6 14 8 6 10 8 9 9 6 5 8 8 14 14 12 13 13 8 4 5 4 6 17 17 14 14 14 16 15 14 14 13 11 10 10 12 12 12 13
31 1 31 27 32 2 30 26 4 16 23 36 16 15 21 16 25 27 35 26 23 2 28 16 28 27 15 25 2 7 32 29 0 31 2 33 19 26 17 31 21 29 34 2 27 32 23 40 22 23 36 29 11 26 27 35 26 16 26 23 1 26 27 25 34 32 26 25 23 23 25 26 23 22 26 26 25 25 24 25 29 28 30 31 29 29 28 27 24 22 21 21 19 20 22 22 21 19 19 19 19
7 31 3 27 19 30 5 10 27 30 12 40 30 29 13 30 10 15 23 8 26 31 7 30 8 20 29 23 30 26 9 4 31 0 30 16 13 12 31 6 21 24 11 31 14 8 26 44 26 23 21 8 27 26 15 23 8 30 15 19 32 8 4 13 9 7 9 6 9 8 9 9 9 10 12 14 10 11 12 6 5 4 5 7 18 18 15 15 15 17 15 14 13 12 10 9 11 13 13 13 14
29 1 30 26 31 0 29 25 3 15 21 35 15 14 20 15 24 26 34 25 22 1 27 15 27 26 14 24 0 6 31 27 2 30 0 32 18 25 16 30 20 28 33 1 26 31 22 39 22 22 35 27 10 25 26 34 25 15 25 22 2 25 26 24 33 31 25 24 22 22 24 25 22 21 25 24 24 24 23 24 28 27 29 29 28 28 27 25 22 20 20 19 18 19 21 21 19 18 17 18 18
10 33 14 24 10 32 16 16 30 28 21 37 27 26 23 27 16 17 8 19 23 33 17 27 19 16 31 19 32 29 8 15 33 16 32 0 19 14 28 17 18 19 7 33 7 12 23 41 22 20 6 19 29 23 17 8 19 27 8 15 34 18 12 15 13 13 14 14 17 16 20 18 19 18 14 17 15 13 16 14 12 13 11 10 8 6 7 9 11 13 14 15 16 17 18 17 19 19 18 18 17
15 19 13 15 18 18 13 11 16 19 6 29 18 17 5 18 11 13 22 8 14 19 12 18 10 14 17 16 18 15 17 11 19 13 18 19 0 12 19 14 10 18 20 19 13 14 14 33 14 11 23 12 15 14 13 22 8 18 13 11 20 9 9 11 16 14 10 8 5 5 8 9 6 5 12 12 11 11 10 7 11 11 12 15 17 16 15 12 11 8 7 7 5 5 5 5 3 1 1 2 3
9 26 12 20 14 25 14 5 23 24 13 33 23 22 15 23 5 5 17 11 18 26 9 23 15 14 24 17 25 22 11 14 26 12 25 14 12 0 24 15 14 18 13 26 9 10 18 37 18 16 17 16 22 19 5 17 11 23 10 11 27 15 8 2 12 12 5 6 9 8 12 14 11 10 1 4 4 1 3 7 11 10 11 9 13 13 9 10 9 9 7 6 8 7 9 9 11 12 11 10 9
25 17 30 21 27 16 30 24 13 3 22 27 6 5 22 2 23 25 30 25 13 17 27 2 28 19 10 15 16 12 27 28 17 31 16 28 19 24 0 31 13 19 29 17 22 27 13 31 12 17 31 28 13 20 25 30 25 2 21 17 17 26 27 23 29 28 24 25 23 23 25 26 23 22 24 23 23 23 22 25 28 28 27 25 24 24 23 22 18 16 18 18 19 20 21 22 20 19 18 19 19
7 31 6 27 20 30 2 13 27 31 10 41 30 29 12 30 13 18 23 8 26 31 9 30 6 20 29 24 30 26 9 3 31 6 30 17 14 15 31 0 22 24 12 31 14 8 26 45 26 23 22 7 27 26 18 23 8 30 16 19 32 6 7 16 9 7 12 9 11 11 8 7 10 10 15 16 13 14 15 9 5 6 6 7 18 18 15 16 16 18 17 16 16 15 13 12 12 14 14 14 15
15 21 20 11 17 20 21 15 18 13 13 23 12 11 12 12 14 15 20 17 8 21 18 12 19 12 15 12 20 17 17 19 21 21 20 18 10 14 13 22 0 16 19 21 12 17 8 26 8 8 21 19 17 10 15 20 17 12 11 9 22 17 17 13 19 18 15 16 14 14 15 17 14 13 14 13 14 14 13 15 18 19 18 15 14 14 13 12 8 7 9 9 10 11 12 13 11 10 9 10 10
17 29 21 22 15 28 23 19 25 19 22 29 19 18 22 18 19 19 21 23 16 29 23 18 25 11 22 6 28 24 20 23 29 24 28 19 18 18 19 24 16 0 23 29 13 20 16 33 15 18 22 27 25 21 19 21 23 18 12 13 30 24 20 17 21 20 18 21 19 20 23 24 21 20 18 17 18 17 17 21 19 20 19 17 14 15 14 13 11 12 13 14 15 16 17 18 19 18 17 17 16
6 34 10 24 16 33 11 15 30 28 17 38 28 27 19 28 14 17 15 15 23 34 15 28 13 19 31 22 33 29 3 10 34 11 33 7 20 13 29 12 19 23 0 34 12 11 23 42 23 21 13 13 30 23 17 15 15 28 13 17 34 14 11 14 10 9 13 13 16 15 16 15 17 17 13 17 14 12 15 13 9 10 9 6 15 13 12 13 13 15 17 18 18 19 17 16 18 19 20 20 20
30 2 31 27 32 1 30 26 4 16 22 36 16 15 21 16 25 27 35 26 22 0 28 16 28 27 15 25 1 7 32 28 2 31 1 33 19 26 17 31 21 29 34 0 27 32 22 40 22 23 36 28 11 26 27 35 26 16 26 23 2 26 27 25 34 32 26 25 23 23 25 26 23 22 26 25 25 25 24 25 29 28 30 30 29 29 28 26 23 21 21 20 19 20 22 22 20 19 18 19 19
7 27 12 18 7 26 13 12 23 22 17 31 21 20 17 21 12 13 9 16 16 27 14 21 16 9 24 12 26 22 10 13 27 14 26 7 13 9 22 14 12 13 12 27 0 10 16 35 16 14 10 17 23 17 13 9 16 21 2 8 28 16 10 10 11 10 9 12 14 14 17 16 15 14 9 11 10 8 11 12 10 11 9 7 4 4 2 3 4 6 8 9 9 10 12 13 14 12 12 12 11
6 32 6 23 16 31 7 13 28 27 14 36 26 25 16 26 13 14 18 12 22 32 10 26 10 16 30 20 31 27 9 7 32 8 31 12 14 10 27 8 17 20 11 32 10 0 22 40 21 19 16 11 28 22 14 18 12 26 11 14 33 10 5 11 3 4 10 7 10 9 12 10 12 11 10 14 11 9 12 7 4 4 3 6 13 13 10 11 10 13 14 15 14 13 11 10 12 14 14 14 15
20 22 25 16 21 22 25 19 19 13 17 15 12 11 17 12 19 19 24 21 0 22 23 12 23 15 15 11 22 18 21 24 23 26 22 23 14 18 13 26 8 16 23 22 16 22 0 19 5 13 26 24 19 15 19 24 21 12 16 13 23 21 22 17 24 23 20 20 18 18 20 21 18 18 18 18 18 18 18 20 23 23 22 20 19 19 17 16 13 11 14 14 14 15 17 18 16 14 14 14 14
38 40 43 34 40 39 44 37 37 31 36 4 30 29 35 30 37 38 43 39 19 40 41 30 41 32 34 29 39 36 40 42 40 44 39 41 33 37 31 45 26 33 42 40 35 40 19 0 24 31 44 42 36 33 38 43 39 30 34 30 41 40 40 36 42 41 38 39 36 36 38 40 37 36 37 36 36 36 36 38 41 42 41 38 37 37 36 35 31 30 32 32 32 33 35 36 34 33 32 33 33
20 22 24 16 21 22 25 19 19 12 17 20 12 11 17 11 18 19 24 21 5 22 22 11 23 14 15 11 22 17 21 23 22 26 22 22 14 18 12 26 8 15 23 22 16 21 5 24 0 12 26 23 18 15 19 24 21 11 15 13 22 21 22 17 24 23 19 20 18 18 20 21 18 17 18 17 18 18 17 20 22 23 22 20 19 19 17 16 13 11 13 13 14 15 16 17 15 14 13 14 14
17 23 22 11 19 22 23 17 19 18 14 27 17 16 14 17 16 17 22 18 13 23 20 17 20 14 20 15 22 18 19 21 23 23 22 20 11 16 17 23 8 18 21 23 14 19 13 31 12 0 23 21 19 10 17 22 18 17 13 11 24 18 19 15 21 20 17 18 15 15 17 18 16 15 15 15 16 16 15 17 20 21 19 17 16 16 15 13 10 8 11 11 11 12 14 15 13 12 11 12 12
15 36 19 27 11 35 21 20 33 31 26 40 31 30 27 30 20 21 5 24 26 36 22 30 24 19 34 22 35 32 14 20 36 21 35 6 23 17 31 22 21 22 13 36 10 16 26 44 26 23 0 24 32 26 21 5 24 30 11 18 37 23 17 18 18 18 18 19 22 21 25 23 24 23 17 21 18 16 19 19 17 18 16 15 10 8 10 13 14 16 18 19 19 20 22 22 24 22 22 22 21
10 28 9 25 23 27 6 14 25 28 8 38 28 27 9 28 14 19 25 7 24 28 10 28 4 23 26 24 27 24 11 5 29 8 27 19 12 16 28 7 19 27 13 28 17 11 24 42 23 21 24 0 24 24 19 25 7 28 18 20 29 3 10 17 12 10 12 11 9 9 6 4 7 8 16 17 14 15 15 11 8 9 8 10 20 20 17 18 17 18 15 15 14 13 11 10 10 11 12 12 12
26 11 27 23 28 10 26 22 7 12 19 32 12 11 18 12 21 23 31 22 19 11 24 12 24 23 11 21 10 7 28 24 11 27 10 29 15 22 13 27 17 25 30 11 23 28 19 36 18 19 32 24 0 22 23 31 22 12 22 19 12 22 23 21 30 28 22 21 19 19 21 22 19 18 22 21 21 21 20 21 25 24 26 26 25 25 24 23 19 18 17 17 15 16 18 18 16 15 14 15 15
20 26 25 1 22 25 25 19 22 20 17 29 19 18 17 19 19 20 25 21 15 26 23 19 23 17 22 18 25 22 22 24 26 26 25 23 14 19 20 26 10 21 23 26 17 22 15 33 15 10 26 24 22 0 20 25 21 19 16 14 27 21 22 17 24 23 20 20 18 18 20 21 19 18 18 18 19 19 18 20 23 23 22 20 19 19 18 16 13 11 14 14 14 15 17 18 16 14 14 15 14
13 27 15 21 18 26 17 7 24 25 15 34 24 23 17 24 6 0 21 14 19 27 12 24 18 15 25 18 26 23 15 16 27 15 26 17 13 5 25 18 15 19 17 27 13 14 19 38 19 17 21 19 23 20 0 21 14 24 14 12 28 17 11 3 16 16 7 9 11 11 15 16 13 12 4 2 5 5 5 11 14 13 15 13 17 17 13 14 12 10 8 7 9 9 10 10 13 13 12 11 10
16 35 21 26 10 34 22 20 31 30 26 39 29 28 26 29 19 21 0 24 24 35 22 29 25 18 33 21 34 30 16 22 35 23 34 8 22 17 30 23 20 21 15 35 9 18 24 43 24 22 5 25 31 25 21 0 24 29 10 17 36 25 19 18 20 19 18 20 23 22 26 25 24 23 17 20 18 16 19 20 19 19 18 16 8 6 10 11 13 15 17 18 18 19 21 22 23 21 21 21 20
11 26 10 22 22 25 8 10 22 25 6 35 25 24 8 25 10 14 24 0 21 26 6 25 5 19 24 20 25 21 14 6 26 8 25 19 8 11 25 8 17 23 15 26 16 12 21 39 21 18 24 7 22 21 14 24 0 25 17 16 27 5 7 12 14 12 8 5 4 3 4 4 3 4 11 12 9 10 11 5 10 9 10 11 19 19 16 16 15 13 10 10 8 7 6 5 6 8 8 8 9
25 16 29 20 26 15 29 23 12 1 21 26 5 4 21 0 23 24 29 25 12 16 27 0 27 18 9 14 15 11 26 28 16 30 15 27 18 23 2 30 12 18 28 16 21 26 12 30 11 17 30 28 12 19 24 29 25 0 20 16 17 25 26 22 28 28 24 24 22 22 24 25 22 21 23 22 22 22 21 24 27 27 27 25 23 23 22 21 17 16 17 18 18 19 20 21 19 18 17 18 18
9 26 13 17 7 25 15 13 23 21 17 30 20 19 17 20 12 14 10 17 16 26 15 20 18 8 24 12 25 22 11 15 26 15 25 8 13 10 21 16 11 12 13 26 2 11 16 34 15 13 11 18 22 16 14 10 17 20 0 7 27 18 11 11 13 12 10 13 15 15 18 18 16 15 10 12 11 9 12 13 11 12 11 9 4 4 3 2 5 7 9 10 10 11 13 14 15 13 13 13 12
12 23 17 15 13 22 18 12 19 17 15 26 16 15 14 16 11 12 17 16 13 23 15 16 18 7 20 10 22 18 15 18 23 19 22 15 11 11 17 19 9 13 17 23 8 14 13 30 13 11 18 20 19 14 12 17 16 16 7 0 24 17 15 9 16 15 12 14 13 13 16 17 14 13 10 10 10 11 10 15 15 16 14 12 11 11 10 8 5 3 6 7 8 9 11 12 12 11 10 10 9
31 1 32 28 33 2 31 26 5 17 23 37 17 16 22 17 26 28 36 27 23 2 29 17 29 28 16 26 2 8 33 29 1 32 2 34 20 27 17 32 22 30 34 2 28 33 23 41 22 24 37 29 12 27 28 36 27 17 27 24 0 27 28 26 35 33 27 26 24 24 26 27 24 23 27 26 26 26 25 26 30 29 31 31 30 30 29 27 24 22 22 21 20 21 22 23 21 20 19 20 20
9 26 8 22 22 25 5 12 22 26 5 36 25 24 7 25 12 17 25 5 21 26 8 25 2 20 24 21 25 21 11 4 26 8 25 18 9 15 26 6 17 24 14 26 16 10 21 40 21 18 23 3 22 21 17 25 5 25 18 17 27 0 9 15 11 9 11 9 6 7 3 2 5 5 15 15 13 14 14 9 7 8 8 9 20 20 17 18 17 15 13 12 11 10 8 7 7 9 9 9 10
7 27 4 23 15 26 6 8 23 26 9 36 26 25 11 26 8 11 19 7 22 27 6 26 10 16 25 19 26 22 8 6 27 4 26 12 9 8 27 7 17 20 11 27 10 5 22 40 22 19 17 10 23 22 11 19 7 26 11 15 28 9 0 9 8 6 5 2 5 4 9 9 7 6 8 11 6 7 8 2 3 2 4 7 14 14 11 11 11 13 11 10 9 8 6 5 7 9 9 9 10
10 25 13 18 15 24 15 4 22 22 13 32 22 21 15 22 4 3 18 12 17 25 9 22 16 13 23 16 24 21 12 14 25 13 24 15 11 2 23 16 13 17 14 25 10 11 17 36 17 15 18 17 21 17 3 18 12 22 11 9 26 15 9 0 13 13 5 7 9 9 13 14 11 10 1 3 3 2 2 8 12 11 12 10 14 14 10 11 10 8 6 6 7 7 8 8 11 11 10 10 9
4 34 7 25 17 33 8 15 31 29 15 38 29 28 17 28 15 16 20 14 24 34 12 28 12 17 32 20 33 30 7 8 34 9 33 13 16 12 29 9 19 21 10 34 11 3 24 42 24 21 18 12 30 24 16 20 14 28 13 16 35 11 8 13 0 2 13 10 13 12 14 13 15 14 12 16 13 11 14 10 6 7 6 4 15 15 12 13 12 15 16 17 17 16 14 13 15 16 17 17 17
3 32 5 24 16 31 6 13 29 28 13 37 28 27 15 28 13 16 19 12 23 32 10 28 10 16 30 20 31 28 6 6 32 7 31 13 14 12 28 7 18 20 9 32 10 4 23 41 23 20 18 10 28 23 16 19 12 28 12 15 33 9 6 13 2 0 11 8 11 10 12 11 13 12 12 15 12 11 13 8 4 5 5 3 14 14 12 12 12 14 15 16 15 14 12 11 13 14 15 15 15
9 26 9 21 14 25 11 3 22 24 10 34 24 23 12 24 4 7 18 8 20 26 5 24 11 15 24 18 25 21 11 10 26 9 25 14 10 5 24 12 15 18 13 26 9 10 20 38 19 17 18 12 22 20 7 18 8 24 10 12 27 11 5 5 13 11 0 4 7 6 10 9 9 8 5 6 2 4 3 4 8 7 9 9 13 13 10 10 9 10 7 7 7 6 7 7 9 11 10 9 9
9 25 6 21 17 24 8 6 22 25 8 35 24 23 9 24 6 9 20 5 20 25 5 24 10 18 23 19 24 21 10 8 25 6 24 14 8 6 25 9 16 21 13 25 12 7 20 39 20 18 19 11 21 20 9 20 5 24 13 14 26 9 2 7 10 8 4 0 6 5 9 9 7 7 6 9 4 5 6 3 5 4 6 9 14 14 11 11 10 12 9 9 8 7 7 6 8 9 9 9 10
11 23 9 19 19 22 10 9 19 23 4 32 22 21 6 22 8 11 23 4 18 23 8 22 7 15 21 16 22 18 13 9 23 9 22 17 5 9 23 11 14 19 16 23 14 10 18 36 18 15 22 9 19 18 11 23 4 22 15 13 24 6 5 9 13 11 7 6 0 1 5 6 3 2 9 9 8 8 8 3 8 7 9 11 17 17 14 13 12 10 7 6 5 4 2 1 3 4 5 4 5
10 23 8 19 19 22 10 9 19 23 5 32 22 21 7 22 9 11 22 3 18 23 7 22 8 16 21 17 22 18 12 9 23 8 22 16 5 8 23 11 14 20 15 23 14 9 18 36 18 15 21 9 19 18 11 22 3 22 15 13 24 7 4 9 12 10 6 5 1 0 6 6 4 3 8 9 7 7 8 2 7 6 8 10 16 16 13 13 12 10 7 7 5 5 3 2 4 5 6 5 6
10 25 10 21 22 24 7 11 21 24 4 34 24 23 6 24 11 15 26 4 20 25 7 24 4 18 23 20 24 20 13 6 25 9 24 20 8 12 25 8 15 23 16 25 17 12 20 38 20 17 25 6 21 20 15 26 4 24 18 16 26 3 9 13 14 12 10 9 5 6 0 2 2 3 12 13 11 11 11 7 9 9 9 10 21 21 17 17 15 13 10 10 9 8 6 5 5 7 7 7 8
9 26 9 22 22 25 6 11 22 26 5 36 25 24 7 25 11 16 25 4 21 26 7 25 3 20 24 21 25 21 12 5 26 9 25 18 9 14 26 7 17 24 15 26 16 10 21 40 21 18 23 4 22 21 16 25 4 25 18 17 27 2 9 14 13 11 9 9 6 6 2 0 4 4 14 14 11 13 12 8 7 8 7 9 20 20 17 18 16 14 12 11 10 9 7 6 7 8 8 8 9
11 23 11 20 20 22 9 11 20 23 3 33 22 21 5 22 10 13 24 3 18 23 7 22 5 16 21 18 22 19 14 8 23 9 22 19 6 11 23 10 14 21 17 23 15 12 18 37 18 16 24 7 19 19 13 24 3 22 16 14 24 5 7 11 15 13 9 7 3 4 2 4 0 1 11 11 10 10 10 5 10 9 10 11 19 19 16 15 13 11 9 8 7 6 4 3 4 5 6 5 6
12 22 10 19 20 21 9 10 19 22 3 32 22 21 5 21 9 12 23 4 18 22 8 21 6 16 20 17 21 18 14 8 22 10 21 18 5 10 22 10 13 20 17 22 14 11 18 36 17 15 23 8 18 18 12 23 4 21 15 13 23 5 6 10 14 12 8 7 2 3 3 4 1 0 10 10 9 9 9 4 9 8 10 12 18 18 15 14 13 11 8 7 6 5 3 2 3 5 5 5 6
9 26 12 19 14 25 14 5 22 23 13 33 23 22 15 23 5 4 17 11 18 26 9 23 15 14 24 17 25 21 11 14 26 12 25 14 12 1 24 15 14 18 13 26 9 10 18 37 18 15 17 16 22 18 4 17 11 23 10 10 27 15 8 1 12 12 5 6 9 8 12 14 11 10 0 4 4 1 3 7 11 10 11 9 13 13 9 10 9 9 7 6 8 7 9 9 11 12 11 10 9
12 25 15 19 17 24 15 6 22 23 13 32 22 21 15 22 6 2 20 12 18 25 10 22 16 13 23 17 24 21 14 14 26 14 24 17 12 4 23 16 13 17 17 25 11 14 18 36 17 15 21 17 21 18 2 20 12 22 12 10 26 15 11 3 16 15 6 9 9 9 13 14 11 10 4 0 5 5 4 10 14 13 14 12 15 15 12 13 10 8 6 6 7 7 8 8 11 11 11 10 9
10 25 10 20 15 24 12 2 22 23 12 32 22 21 13 22 2 5 18 9 18 25 7 22 13 14 23 16 24 21 12 12 25 10 24 15 11 4 23 13 14 18 14 25 10 11 18 36 18 16 18 14 21 19 5 18 9 22 11 10 26 13 6 3 13 12 2 4 8 7 11 11 10 9 4 5 0 3 2 6 9 8 10 10 14 14 11 11 10 9 6 6 7 6 8 8 10 11 10 9 9
8 25 11 20 13 24 13 4 22 23 12 32 22 21 14 22 4 5 16 10 18 25 8 22 14 13 23 16 24 21 10 13 25 11 24 13 11 1 23 14 14 17 12 25 8 9 18 36 18 16 16 15 21 19 5 16 10 22 9 11 26 14 7 2 11 11 4 5 8 7 11 13 10 9 1 5 3 0 4 6 10 9 10 8 12 12 8 9 8 10 8 7 8 8 9 9 11 12 12 11 10
10 24 12 19 16 23 14 3 21 22 12 32 21 20 14 21 3 5 19 11 18 24 8 21 14 13 22 15 23 20 13 13 24 12 23 16 10 3 22 15 13 17 15 24 11 12 18 36 17 15 19 15 20 18 5 19 11 21 12 10 25 14 8 2 14 13 3 6 8 8 11 12 10 9 3 4 2 4 0 6 10 9 11 10 13 13 10 10 10 8 5 5 6 6 7 7 9 10 9 9 8
9 25 6 21 17 24 8 7 21 24 7 34 24 23 9 24 7 11 20 5 20 25 5 24 10 18 23 19 24 20 10 8 25 6 24 14 7 7 25 9 15 21 13 25 12 7 20 38 20 17 19 11 21 20 11 20 5 24 13 15 26 9 2 8 10 8 4 3 3 2 7 8 5 4 7 10 6 6 6 0 5 4 6 9 14 14 11 11 11 12 9 9 7 7 5 4 6 7 8 7 8
4 29 2 24 15 28 5 11 25 28 12 37 27 26 13 27 11 14 19 10 23 29 8 27 8 16 27 19 28 24 6 4 29 5 28 12 11 11 28 5 18 19 9 29 10 4 23 41 22 20 17 8 25 23 14 19 10 27 11 15 30 7 3 12 6 4 8 5 8 7 9 7 10 9 11 14 9 10 10 5 0 1 1 4 14 14 11 11 11 14 13 12 11 10 8 7 9 10 11 11 11
5 28 3 24 16 27 5 10 25 28 11 38 28 27 13 27 10 13 19 9 23 28 7 27 9 17 26 20 27 24 7 5 28 4 27 13 11 10 28 6 19 20 10 28 11 4 23 42 23 21 18 9 24 23 13 19 9 27 12 16 29 8 2 11 7 5 7 4 7 6 9 8 9 8 10 13 8 9 9 4 1 0 2 5 15 15 11 12 12 14 12 11 10 9 7 6 8 10 10 10 11
3 30 3 23 15 29 5 12 26 27 12 37 27 26 13 27 12 15 18 10 22 30 9 27 8 15 28 19 29 25 6 4 30 5 29 11 12 11 27 6 18 19 9 30 9 3 22 41 22 19 16 8 26 22 15 18 10 27 11 14 31 8 4 12 6 5 9 6 9 8 9 7 10 10 11 14 10 10 11 6 1 2 0 3 13 13 11 11 11 13 14 13 12 11 9 8 10 11 12 12 12
0 30 6 21 13 29 6 12 27 25 13 34 25 24 14 25 11 13 16 11 20 30 10 25 9 13 28 17 29 26 3 6 31 7 29 10 15 9 25 7 15 17 6 30 7 6 20 38 20 17 15 10 26 20 13 16 11 25 9 12 31 9 7 10 4 3 9 9 11 10 10 9 11 12 9 12 10 8 10 9 4 5 3 0 11 11 9 9 9 11 12 13 14 13 12 11 12 14 14 14 15
11 29 16 20 5 28 17 15 26 24 21 33 24 23 20 23 15 17 8 19 19 29 17 23 20 12 27 14 28 25 14 17 29 18 28 8 17 13 24 18 14 14 15 29 4 13 19 37 19 16 10 20 25 19 17 8 19 23 4 11 30 20 14 14 15 14 13 14 17 16 21 20 19 18 13 15 14 12 13 14 14 15 13 11 0 4 6 6 8 10 12 13 13 14 16 17 18 16 16 16 15
11 29 16 20 5 28 17 15 26 24 21 33 24 23 20 23 15 17 6 19 19 29 17 23 20 12 27 15 28 25 14 17 29 18 28 6 16 13 24 18 14 15 13 29 4 13 19 37 19 16 8 20 25 19 17 6 19 23 4 11 30 20 14 14 15 14 13 14 17 16 21 20 19 18 13 15 14 12 13 14 14 15 13 11 4 0 5 5 8 10 11 12 13 14 15 16 17 16 15 15 14
9 28 13 19 8 27 14 12 24 23 18 32 22 21 19 22 11 13 10 16 17 28 14 22 18 11 26 14 27 23 10 14 28 15 27 7 15 9 23 15 13 14 12 28 2 10 17 36 17 15 10 17 24 18 13 10 16 22 3 10 29 17 11 10 12 12 10 11 14 13 17 17 16 15 9 12 11 8 10 11 11 11 11 9 6 5 0 5 6 8 10 11 11 12 14 15 16 14 14 14 13
9 26 13 17 8 25 15 12 23 21 17 31 21 20 16 21 12 14 11 16 16 26 15 21 18 9 24 13 25 22 11 14 27 15 25 9 12 10 22 16 12 13 13 26 3 11 16 35 16 13 13 18 23 16 14 11 16 21 2 8 27 18 11 11 13 12 10 11 13 13 17 18 15 14 10 13 11 9 10 11 11 12 11 9 6 5 5 0 4 6 7 8 9 10 11 12 13 11 11 11 10
9 23 13 14 10 22 15 11 20 18 15 27 18 17 14 17 11 12 13 15 13 23 14 17 18 8 21 11 22 19 11 14 24 15 22 11 11 9 18 16 8 11 13 23 4 10 13 31 13 10 14 17 19 13 12 13 15 17 5 5 24 17 11 10 12 12 9 10 12 12 15 16 13 13 9 10 10 8 10 11 11 12 11 9 8 8 6 4 0 3 6 7 8 9 10 11 12 10 10 10 9
11 21 16 12 12 20 17 9 18 16 13 26 16 15 12 16 9 10 15 13 11 21 13 16 16 8 19 10 20 17 13 16 22 17 20 13 8 9 16 18 7 12 15 21 6 13 11 30 11 8 16 18 18 11 10 15 13 16 7 3 22 15 13 8 15 14 10 12 10 10 13 14 11 11 9 8 9 10 8 12 14 14 13 11 10 10 8 6 3 0 3 4 5 6 8 9 9 8 7 8 7
12 21 15 15 13 20 16 7 17 18 10 28 18 17 11 17 6 8 17 10 14 21 10 17 13 10 19 11 20 16 14 15 21 15 20 14 7 7 18 17 9 13 17 21 8 14 14 32 13 11 18 15 17 14 8 17 10 17 9 6 22 13 11 6 16 15 7 9 7 7 10 12 9 8 7 6 6 8 5 9 13 12 14 12 12 11 10 7 6 3 0 1 2 3 5 6 7 7 6 5 4
13 20 14 15 14 19 15 6 17 18 10 28 18 17 11 18 6 7 18 10 14 20 10 18 13 10 19 12 19 16 15 14 21 14 19 15 7 6 18 16 9 14 18 20 9 15 14 32 13 11 19 15 17 14 7 18 10 18 10 7 21 12 10 6 17 16 7 9 6 7 10 11 8 7 6 6 6 7 5 9 12 11 13 13 13 12 11 8 7 4 1 0 2 3 4 5 7 7 6 5 4
14 19 13 15 15 18 15 7 16 18 9 28 18 17 9 18 7 9 18 8 14 19 9 18 12 11 17 12 18 15 16 14 19 13 18 16 5 8 19 16 10 15 18 19 9 14 14 32 14 11 19 14 15 14 9 18 8 18 10 8 20 11 9 7 17 15 7 8 5 5 9 10 7 6 8 7 7 8 6 7 11 10 12 14 13 13 11 9 8 5 2 2 0 1 3 4 5 5 4 3 2
13 20 12 16 16 19 14 6 17 19 8 29 19 18 9 19 6 9 19 7 15 20 8 19 11 12 18 13 19 16 16 13 20 12 19 17 5 7 20 15 11 16 19 20 10 13 15 33 15 12 20 13 16 15 9 19 7 19 11 9 21 10 8 7 16 14 6 7 4 5 8 9 6 5 7 7 6 8 6 7 10 9 11 13 14 14 12 10 9 6 3 3 1 0 2 3 4 5 4 3 3
12 22 10 18 17 21 12 7 18 21 6 31 21 20 8 20 7 10 21 6 17 22 8 20 9 13 20 14 21 17 14 11 22 10 21 18 5 9 21 13 12 17 17 22 12 11 17 35 16 14 22 11 18 17 10 21 6 20 13 11 22 8 6 8 14 12 7 7 2 3 6 7 4 3 9 8 8 9 7 5 8 7 9 12 16 15 14 11 10 8 5 4 3 2 0 1 4 5 4 4 4
11 22 9 19 18 21 11 8 19 22 5 32 22 21 7 21 7 10 22 5 18 22 8 21 8 14 20 15 21 18 13 10 22 9 21 17 5 9 22 12 13 18 16 22 13 10 18 36 17 15 22 10 18 18 10 22 5 21 14 12 23 7 5 8 13 11 7 6 1 2 5 6 3 2 9 8 8 9 7 4 7 6 8 11 17 16 15 12 11 9 6 5 4 3 1 0 3 4 4 4 5
12 20 11 17 19 19 12 10 17 20 5 30 20 19 6 19 10 13 23 6 16 20 10 19 8 15 18 16 19 16 15 10 21 11 19 19 3 11 20 12 11 19 18 20 14 12 16 34 15 13 24 10 16 16 13 23 6 19 15 12 21 7 7 11 15 13 9 8 3 4 5 7 4 3 11 11 10 11 9 6 9 8 10 12 18 17 16 13 12 9 7 7 5 4 4 3 0 2 2 3 4
14 19 12 15 17 18 13 11 15 19 6 29 18 17 5 18 10 13 21 8 14 19 11 18 10 14 17 16 18 14 16 12 19 13 18 19 1 12 19 14 10 18 19 19 12 14 14 33 14 12 22 11 15 14 13 21 8 18 13 11 20 9 9 11 16 14 11 9 4 5 7 8 5 5 12 11 11 12 10 7 10 10 11 14 16 16 14 11 10 8 7 7 5 5 5 4 2 0 1 2 3
14 18 13 15 17 17 13 10 15 18 6 28 18 17 5 17 10 12 21 8 14 18 11 17 10 13 16 15 17 14 17 12 19 13 17 18 1 11 18 14 9 17 20 18 12 14 14 32 13 11 22 12 14 14 12 21 8 17 13 10 19 9 9 10 17 15 10 9 5 6 7 8 6 5 11 11 10 12 9 8 11 10 12 14 16 15 14 11 10 7 6 6 4 4 4 4 2 1 0 1 2
14 19 13 16 17 18 13 9 16 19 7 29 18 17 6 18 9 11 21 8 14 19 11 18 10 13 17 14 18 15 17 12 19 13 18 18 2 10 19 14 10 17 20 19 12 14 14 33 14 12 22 12 15 15 11 21 8 18 13 10 20 9 9 10 17 15 9 9 4 5 7 8 5 5 10 10 9 11 9 7 11 10 12 14 16 15 14 11 10 8 5 5 3 3 4 4 3 2 1 0 1
15 19 13 15 16 18 14 9 16 19 8 29 18 17 7 18 8 10 20 9 14 19 11 18 11 12 17 13 18 15 17 13 19 14 18 17 3 9 19 15 10 16 20 19 11 15 14 33 14 12 21 12 15 14 10 20 9 18 12 9 20 10 10 9 17 15 9 10 5 6 8 9 6 6 9 9 9 10 8 8 11 11 12 15 15 14 13 10 9 7 4 4 2 3 4 5 4 3 2 1 0