0 11 16 25 20 30 12 21 4 20 13 32 10 6 19 14 8 19 12 6 16 24 28 26 11 10 30 10 32 13 30 13 10 25 7 24 8 8 16 17 9 17 8 13 6 15 32 19 7 11 25 15 38 12 22 27 11 7 29 12 20 8 7 10 4 3 9 9 11 10 10 9 11 12 9 12 10 8 10 9 4 5 3 0 12 12 8 9 9 11 12 13 14 13 12 11 12 14 14 14 15
11 0 22 27 22 32 5 23 9 22 10 34 11 13 21 20 12 21 19 8 19 25 30 28 15 14 32 3 34 20 32 8 20 27 18 26 3 19 17 19 20 19 19 15 17 19 34 21 17 15 27 20 40 22 24 29 3 6 31 19 22 19 13 14 14 14 14 15 18 17 21 20 20 19 13 16 14 12 15 15 13 14 13 11 8 6 6 9 10 13 14 15 15 16 18 18 20 18 18 18 17
16 22 0 20 16 21 21 17 17 16 22 23 19 18 9 6 24 16 10 22 5 23 19 16 14 14 21 22 22 6 21 21 11 15 14 20 19 9 20 21 9 20 8 16 14 4 22 10 15 14 21 6 35 15 13 17 22 16 19 10 16 8 12 14 19 17 12 10 8 8 7 9 7 7 15 15 14 14 13 10 14 13 15 16 19 19 17 15 13 11 10 10 8 8 8 8 5 4 4 5 6
25 27 20 0 20 16 25 14 23 12 27 18 25 27 18 20 30 12 24 29 16 19 14 12 23 22 16 28 18 20 16 26 28 11 30 1 24 26 19 19 25 16 25 16 31 19 18 11 30 23 2 20 31 31 8 13 28 22 14 24 20 25 26 22 29 28 24 24 22 22 24 25 23 22 23 23 22 23 22 24 27 28 27 25 24 24 22 21 18 16 18 18 18 19 21 22 20 18 18 19 18
20 22 16 20 0 26 21 16 19 15 23 28 20 23 14 16 26 14 20 25 12 23 24 21 18 18 26 23 27 16 26 22 24 20 27 19 19 22 20 21 21 20 21 16 26 15 27 15 26 18 20 16 34 28 18 22 23 17 24 21 0 21 22 18 24 23 20 21 19 18 20 22 19 18 19 18 19 19 18 20 23 24 23 20 19 19 18 17 13 12 14 14 15 15 17 18 16 15 14 15 15
30 32 21 16 26 0 31 24 29 22 33 2 30 32 18 20 36 21 24 35 16 29 6 7 25 25 0 33 2 20 0 32 28 8 31 16 29 26 29 29 25 26 25 25 31 19 2 11 30 25 16 20 41 32 8 4 33 27 3 25 26 25 26 25 34 32 26 25 23 22 24 26 23 22 26 25 25 25 24 24 29 28 30 30 29 29 28 26 23 21 21 20 19 20 21 22 20 19 18 19 19
12 5 21 25 21 31 0 22 11 20 5 33 7 15 19 19 15 20 19 11 17 23 29 26 15 14 31 5 32 19 31 6 21 25 19 25 4 20 15 17 21 18 20 13 18 18 32 20 19 15 26 19 39 23 23 27 5 5 29 19 21 20 15 14 16 15 13 16 19 18 22 21 20 19 13 16 14 12 15 16 14 15 14 12 4 2 6 7 9 11 13 14 14 15 17 18 19 17 17 17 16
21 23 17 14 16 24 22 0 20 6 24 26 21 23 15 17 27 8 21 26 13 17 22 20 19 18 24 24 26 17 24 23 25 19 27 14 20 23 17 17 22 14 22 14 27 16 26 16 27 19 15 17 24 28 16 21 24 18 22 22 16 22 23 18 25 24 21 21 19 19 21 22 20 19 19 19 20 20 19 21 24 25 23 21 20 20 19 17 14 12 15 15 15 16 18 19 17 15 15 16 15
4 9 17 23 19 29 11 20 0 18 14 31 11 4 17 13 9 18 10 9 15 21 27 24 9 8 29 8 30 12 29 13 12 23 9 23 7 10 15 17 12 17 11 12 8 14 30 18 9 9 24 14 37 13 21 25 9 6 27 11 19 11 5 8 6 6 7 7 10 9 13 11 12 11 7 10 8 6 9 7 5 6 4 4 10 10 7 7 7 9 10 11 12 13 11 10 12 14 14 14 14
20 22 16 12 15 22 20 6 18 0 22 24 20 22 14 16 25 7 20 24 12 16 20 18 18 17 22 23 24 16 22 21 23 17 26 12 19 22 16 16 21 13 21 12 26 14 24 14 26 18 13 16 19 27 14 19 23 17 20 21 15 21 22 17 24 23 20 20 18 18 20 21 18 18 18 18 18 18 18 20 23 23 22 20 19 19 17 16 13 11 14 14 14 15 17 18 16 14 14 14 14
13 10 22 27 23 33 5 24 14 22 0 35 7 17 21 20 20 22 21 16 19 22 31 28 17 16 33 10 34 20 33 3 23 27 20 27 9 21 12 15 22 16 21 15 19 19 34 22 20 17 28 20 41 25 25 29 10 8 31 22 23 21 16 16 17 16 15 18 20 20 23 22 21 20 15 17 16 14 17 18 16 17 16 13 6 7 9 9 10 13 14 15 15 16 18 19 20 18 18 18 17
32 34 23 18 28 2 33 26 31 24 35 0 32 34 20 22 38 23 26 37 18 31 8 9 27 27 2 35 2 22 2 34 30 10 33 18 31 28 31 31 27 28 27 27 33 21 2 13 32 27 18 22 43 34 10 6 35 29 4 27 28 27 28 27 36 34 28 27 25 24 26 28 25 24 28 27 27 27 26 26 31 30 32 32 31 31 30 28 25 23 23 22 21 22 23 24 22 21 20 21 21
10 11 19 25 20 30 7 21 11 20 7 32 0 15 19 17 18 19 18 15 17 20 28 26 14 13 30 11 32 17 30 6 20 25 17 24 8 18 10 13 19 13 18 12 16 16 32 19 17 14 25 17 38 22 22 27 11 5 29 19 20 18 13 13 14 13 12 15 17 17 20 19 18 17 12 14 13 11 14 15 13 14 13 10 5 6 6 6 7 10 11 12 12 13 15 16 17 15 15 15 14
6 13 18 27 23 32 15 23 4 22 17 34 15 0 21 14 9 21 11 12 16 25 30 28 13 12 32 12 34 13 32 16 11 27 8 27 11 10 19 20 11 21 10 16 8 15 34 21 8 13 27 15 41 13 24 29 13 10 31 12 23 10 6 12 4 4 11 8 11 10 13 11 13 12 11 14 12 10 13 8 4 5 4 6 14 14 10 11 11 13 14 15 15 14 12 11 13 14 15 15 15
19 21 9 18 14 18 19 15 17 14 21 20 19 21 0 8 24 13 13 23 5 21 16 15 14 13 18 21 20 8 18 20 17 14 19 18 18 15 18 19 13 18 14 14 20 7 20 8 19 14 19 8 32 20 11 14 21 15 16 13 14 14 15 13 22 20 14 13 11 11 13 14 11 11 14 14 14 14 13 13 17 17 18 19 18 18 16 15 12 10 9 9 8 9 10 11 9 7 7 8 7
14 20 6 20 16 20 19 17 13 16 20 22 17 14 8 0 20 15 6 19 4 22 18 16 12 11 20 20 22 1 20 19 11 15 13 19 17 9 18 19 7 19 8 14 13 2 22 9 12 12 20 3 34 14 12 17 20 14 19 6 16 8 8 11 15 13 9 6 4 4 6 8 4 4 12 12 10 11 10 6 11 10 12 14 18 17 15 13 12 9 8 8 6 6 5 4 2 2 2 3 4
8 12 24 30 26 36 15 27 9 25 20 38 18 9 24 20 0 25 18 8 22 29 34 31 16 16 36 10 38 19 36 19 16 30 15 30 11 16 23 24 17 25 16 20 13 21 38 25 14 16 31 22 44 18 28 32 12 13 34 18 26 16 13 16 12 11 15 15 18 17 18 17 19 19 15 18 16 14 17 15 12 12 11 8 17 15 13 15 15 17 18 19 20 20 19 18 20 21 21 21 22
19 21 16 12 14 21 20 8 18 7 22 23 19 21 13 15 25 0 19 24 11 15 19 17 17 17 21 22 23 15 21 21 23 16 26 11 18 21 15 15 20 12 20 12 25 13 23 14 25 17 12 15 26 27 13 18 22 16 20 20 14 20 21 17 23 22 19 20 17 17 19 21 18 17 18 17 18 18 17 19 22 23 22 19 18 18 17 16 12 11 13 13 14 14 16 17 15 14 13 14 14
12 19 10 24 20 24 19 21 10 20 21 26 18 11 13 6 18 19 0 17 8 23 22 20 11 10 24 18 26 5 24 20 8 19 10 23 16 6 20 21 6 20 6 15 10 7 26 13 10 11 24 8 37 12 16 21 19 14 23 2 20 6 6 10 13 11 6 4 3 2 5 5 4 4 10 11 8 9 9 4 8 7 9 12 18 18 14 15 14 12 9 8 7 6 4 3 5 7 7 7 8
6 8 22 29 25 35 11 26 9 24 16 37 15 12 23 19 8 24 17 0 21 28 33 30 15 15 35 6 36 18 35 15 13 29 12 29 8 14 21 23 15 23 14 19 11 20 36 24 12 15 30 20 43 14 27 31 8 10 33 17 25 14 11 15 10 9 14 13 16 15 16 15 17 17 14 17 15 13 16 13 10 10 9 6 13 11 10 13 14 16 17 18 19 19 17 16 18 20 20 20 20
16 19 5 16 12 16 17 13 15 12 19 18 17 16 5 4 22 11 8 21 0 19 14 12 11 11 16 19 18 4 16 18 12 11 15 15 16 10 16 17 9 16 9 12 15 3 18 5 14 11 16 4 30 16 8 13 19 13 15 9 12 9 10 11 18 16 11 9 7 6 8 10 7 6 12 12 11 11 10 8 13 12 14 16 16 15 14 13 10 8 7 7 5 5 5 6 4 3 2 3 3
24 25 23 19 23 29 23 17 21 16 22 31 20 25 21 22 29 15 23 28 19 0 27 25 20 20 29 26 31 21 29 22 29 24 30 19 22 27 14 14 25 11 26 12 29 21 31 21 29 20 20 22 33 32 21 26 26 21 27 23 23 26 25 20 27 27 22 24 21 21 24 25 22 21 21 21 21 21 20 23 26 26 25 24 22 23 21 20 17 15 16 16 16 17 19 20 21 20 20 19 18
28 30 19 14 24 6 29 22 27 20 31 8 28 30 16 18 34 19 22 33 14 27 0 4 23 23 6 31 8 18 6 30 26 6 29 14 27 24 27 27 23 24 23 23 29 17 8 9 28 23 14 18 39 30 6 2 31 25 4 23 24 23 24 23 32 30 24 23 21 20 22 24 21 20 24 23 23 23 22 22 27 26 28 28 27 27 26 24 21 19 19 18 17 18 19 20 18 17 16 17 17
26 28 16 12 21 7 26 20 24 18 28 9 26 28 15 16 31 17 20 30 12 25 4 0 21 20 7 28 9 16 7 27 24 4 26 11 25 22 24 24 21 21 21 21 27 15 9 7 26 21 12 16 36 27 4 3 28 23 5 21 21 21 22 20 29 27 21 20 18 18 20 21 19 18 21 21 21 21 20 20 24 24 25 26 25 25 23 22 19 17 16 16 15 16 17 18 16 14 14 15 14
11 15 14 23 18 25 15 19 9 18 17 27 14 13 14 12 16 17 11 15 11 20 23 21 0 1 25 15 27 11 25 16 17 20 16 22 12 15 17 18 15 17 15 13 15 12 27 14 13 0 23 12 36 19 17 22 16 10 24 11 18 15 9 1 14 14 5 7 9 9 13 14 11 10 2 2 3 3 2 8 12 11 13 11 14 14 11 12 10 8 6 5 6 7 8 8 10 11 10 9 8
10 14 14 22 18 25 14 18 8 17 16 27 13 12 13 11 16 17 10 15 11 20 23 20 1 0 25 15 26 10 25 15 17 19 16 22 12 14 16 17 15 17 14 12 15 12 26 14 13 1 23 12 36 19 17 21 15 10 23 11 18 14 9 0 13 13 5 7 9 9 13 14 11 10 1 2 3 2 2 8 12 11 12 10 14 14 10 11 10 8 6 6 7 7 8 8 11 11 10 10 9
30 32 21 16 26 0 31 24 29 22 33 2 30 32 18 20 36 21 24 35 16 29 6 7 25 25 0 33 2 20 0 32 28 8 31 16 29 26 29 29 25 26 25 25 31 19 2 11 30 25 16 20 41 32 8 4 33 27 3 25 26 25 26 25 34 32 26 25 23 22 24 26 23 22 26 25 25 25 24 24 29 28 30 30 29 29 28 26 23 21 21 20 19 20 21 22 20 19 18 19 19
10 3 22 28 23 33 5 24 8 23 10 35 11 12 21 20 10 22 18 6 19 26 31 28 15 15 33 0 35 19 33 10 19 27 17 27 4 18 17 19 19 20 18 15 16 20 35 22 16 15 28 20 41 20 25 30 2 6 31 18 23 18 12 15 13 13 14 14 17 16 20 18 19 18 14 17 15 13 16 14 12 13 11 10 8 6 7 9 11 13 14 15 16 17 18 17 19 19 18 18 17
32 34 22 18 27 2 32 26 30 24 34 2 32 34 20 22 38 23 26 36 18 31 8 9 27 26 2 35 0 22 2 33 30 10 32 17 31 28 30 30 27 28 27 27 33 20 0 13 32 27 18 22 43 33 10 6 35 29 4 27 27 27 28 26 36 34 27 27 24 24 26 27 25 24 27 27 27 27 26 26 30 30 31 32 31 31 30 28 25 23 22 22 21 22 23 24 22 20 20 21 21
13 20 6 20 16 20 19 17 12 16 20 22 17 13 8 1 19 15 5 18 4 21 18 16 11 10 20 19 22 0 20 19 10 15 12 19 17 8 18 19 6 18 7 14 12 3 22 9 11 11 20 3 34 13 12 17 20 14 19 6 16 7 7 10 14 12 8 5 3 3 5 7 3 3 11 11 9 10 9 5 10 9 11 13 17 17 15 13 12 9 7 7 6 5 4 3 1 2 2 3 4
30 32 21 16 26 0 31 24 29 22 33 2 30 32 18 20 36 21 24 35 16 29 6 7 25 25 0 33 2 20 0 32 28 8 31 16 29 26 29 29 25 26 25 25 31 19 2 11 30 25 16 20 41 32 8 4 33 27 3 25 26 25 26 25 34 32 26 25 23 22 24 26 23 22 26 25 25 25 24 24 29 28 30 30 29 29 28 26 23 21 21 20 19 20 21 22 20 19 18 19 19
13 8 21 26 22 32 6 23 13 21 3 34 6 16 20 19 19 21 20 15 18 22 30 27 16 15 32 10 33 19 32 0 23 26 20 26 8 21 12 15 22 15 21 14 19 18 33 21 19 16 27 19 40 25 24 28 10 8 30 21 22 21 15 15 17 16 14 17 19 19 22 22 20 20 14 17 15 13 16 17 15 16 15 13 5 5 8 8 10 12 13 14 15 16 17 18 19 17 17 17 16
10 20 11 28 24 28 21 25 12 23 23 30 20 11 17 11 16 23 8 13 12 29 26 24 17 17 28 19 30 10 28 23 0 23 7 27 18 4 25 27 4 25 3 21 7 11 30 17 9 17 28 11 42 6 20 25 20 16 26 8 24 3 10 17 12 10 12 11 9 9 6 4 7 8 16 17 14 15 15 11 8 9 8 10 20 20 17 18 17 18 15 15 13 12 11 10 10 11 12 11 12
25 27 15 11 20 8 25 19 23 17 27 10 25 27 14 15 30 16 19 29 11 24 6 4 20 19 8 27 10 15 8 26 23 0 25 10 24 21 23 23 20 21 20 20 26 14 10 6 25 20 11 15 36 26 3 4 27 22 6 20 20 20 21 19 28 26 20 19 17 17 19 20 18 17 20 20 20 20 19 19 23 23 24 25 24 24 22 21 18 16 15 15 14 15 16 17 15 13 13 14 13
7 18 14 30 27 31 19 27 9 26 20 33 17 8 19 13 15 26 10 12 15 30 29 26 16 16 31 17 32 12 31 20 7 25 0 30 15 5 23 24 6 24 6 20 3 14 32 20 6 16 31 13 45 9 23 27 18 14 29 10 27 6 7 16 9 7 12 9 11 11 8 7 10 10 15 16 13 14 15 9 5 6 6 7 19 18 15 16 16 18 17 16 16 15 13 12 12 14 14 14 15
24 26 20 1 19 16 25 14 23 12 27 18 24 27 18 19 30 11 23 29 15 19 14 11 22 22 16 27 17 19 16 26 27 10 30 0 23 25 19 18 24 16 24 15 30 18 17 10 29 22 1 19 30 31 8 12 27 21 14 24 19 24 25 22 28 27 24 24 22 21 23 25 22 21 23 22 22 22 21 23 27 27 27 24 23 23 22 21 17 16 17 17 18 19 20 21 19 18 17 18 18
8 3 19 24 19 29 4 20 7 19 9 31 8 11 18 17 11 18 16 8 16 22 27 25 12 12 29 4 31 17 29 8 18 24 15 23 0 16 14 17 17 17 16 12 14 17 31 18 15 12 24 17 37 20 21 26 4 3 28 16 19 16 11 12 12 11 11 13 16 15 18 17 17 17 11 14 12 10 13 13 11 11 10 8 7 5 4 6 8 10 11 12 13 14 15 16 17 16 15 15 14
8 19 9 26 22 26 20 23 10 22 21 28 18 10 15 9 16 21 6 14 10 27 24 22 15 14 26 18 28 8 26 21 4 21 5 25 16 0 24 25 2 23 1 19 6 10 28 15 7 15 26 9 40 7 18 23 19 15 25 5 22 1 8 14 10 8 10 9 7 7 4 2 5 6 14 15 12 13 13 8 7 7 7 8 20 20 16 17 17 15 13 13 11 10 9 8 8 9 10 9 10
16 17 20 19 20 29 15 17 15 16 12 31 10 19 18 18 23 15 20 21 16 14 27 24 17 16 29 17 30 18 29 12 25 23 23 19 14 24 0 6 22 7 23 7 22 17 30 18 23 17 19 18 33 27 21 25 17 11 27 21 20 23 19 16 20 19 17 20 18 19 21 23 19 19 16 16 17 16 16 20 18 19 18 16 12 13 12 12 10 11 12 13 14 15 16 17 18 17 16 16 15
17 19 21 19 21 29 17 17 17 16 15 31 13 20 19 19 24 15 21 23 17 14 27 24 18 17 29 19 30 19 29 15 27 23 24 18 17 25 6 0 23 7 24 8 23 19 30 19 24 18 19 19 33 29 21 25 19 14 27 22 21 24 20 17 21 20 18 21 19 20 23 24 21 20 18 17 18 17 17 21 19 20 19 17 14 15 14 13 11 12 13 14 15 16 17 18 19 18 17 17 16
9 20 9 25 21 25 21 22 12 21 22 27 19 11 13 7 17 20 6 15 9 25 23 21 15 15 25 19 27 6 25 22 4 20 6 24 17 2 22 23 0 22 1 18 7 8 27 14 8 15 25 8 39 7 17 22 20 16 24 6 21 1 10 15 12 10 11 9 6 6 3 2 4 5 14 15 13 13 14 8 8 9 8 9 21 21 17 18 16 14 12 12 10 9 8 7 6 8 8 8 9
17 19 20 16 20 26 18 14 17 13 16 28 13 21 18 19 25 12 20 23 16 11 24 21 17 17 26 20 28 18 26 15 25 21 24 16 17 23 7 7 22 0 23 9 23 18 28 18 24 17 17 19 30 29 18 23 20 14 24 20 20 23 20 17 21 20 19 21 18 18 21 22 19 18 18 18 17 18 17 20 20 21 20 17 15 16 15 14 12 12 13 13 13 14 16 17 18 17 17 16 15
8 19 8 25 21 25 20 22 11 21 21 27 18 10 14 8 16 20 6 14 9 26 23 21 15 14 25 18 27 7 25 21 3 20 6 24 16 1 23 24 1 23 0 18 6 9 27 14 7 15 25 8 39 7 17 22 19 15 24 6 21 0 9 14 11 9 10 9 6 7 3 1 4 5 14 15 12 13 13 9 7 8 7 8 20 20 16 17 16 15 12 12 11 10 8 7 7 8 9 9 9
13 15 16 16 16 25 13 14 12 12 15 27 12 16 14 14 20 12 15 19 12 12 23 21 13 12 25 15 27 14 25 14 21 20 20 15 12 19 7 8 18 9 18 0 19 14 27 14 19 13 16 14 30 24 17 22 15 9 24 15 16 18 15 12 16 16 14 16 13 13 16 17 14 13 13 12 13 13 12 15 15 16 15 13 12 11 10 9 7 6 8 8 8 9 11 12 13 13 12 11 10
6 17 14 31 26 31 18 27 8 26 19 33 16 8 20 13 13 25 10 11 15 29 29 27 15 15 31 16 33 12 31 19 7 26 3 30 14 6 22 23 7 23 6 19 0 14 33 20 5 15 31 14 44 8 23 28 17 13 29 10 26 6 6 15 8 6 11 8 11 10 9 7 10 11 14 16 12 13 14 8 5 5 5 6 18 18 14 15 15 17 16 16 15 14 12 11 13 14 14 14 15
15 19 4 19 15 19 18 16 14 14 19 21 16 15 7 2 21 13 7 20 3 21 17 15 12 12 19 20 20 3 19 18 11 14 14 18 17 10 17 19 8 18 9 14 14 0 20 8 13 12 19 2 33 15 11 15 20 14 17 8 15 9 9 12 17 15 10 8 5 5 8 9 6 5 13 12 11 12 11 7 11 11 12 15 17 17 15 12 11 9 8 7 6 6 6 5 3 1 2 3 4
32 34 22 18 27 2 32 26 30 24 34 2 32 34 20 22 38 23 26 36 18 31 8 9 27 26 2 35 0 22 2 33 30 10 32 17 31 28 30 30 27 28 27 27 33 20 0 13 32 27 18 22 43 33 10 6 35 29 4 27 27 27 28 26 36 34 27 27 24 24 26 27 25 24 27 27 27 27 26 26 30 30 31 32 31 31 30 28 25 23 22 22 21 22 23 24 22 20 20 21 21
19 21 10 11 15 11 20 16 18 14 22 13 19 21 8 9 25 14 13 24 5 21 9 7 14 14 11 22 13 9 11 21 17 6 20 10 18 15 18 19 14 18 14 14 20 8 13 0 19 14 11 9 33 21 3 8 22 16 10 14 15 14 15 14 23 21 15 14 12 11 13 15 12 11 15 14 14 14 13 13 18 17 19 19 18 18 17 15 12 10 10 9 8 9 10 11 9 8 7 8 8
7 17 15 30 26 30 19 27 9 26 20 32 17 8 19 12 14 25 10 12 14 29 28 26 13 13 30 16 32 11 30 19 9 25 6 29 15 7 23 24 8 24 7 19 5 13 32 19 0 13 30 13 44 11 22 27 17 14 29 9 26 7 4 13 9 7 9 6 9 8 9 8 9 10 12 14 10 11 12 6 5 4 5 7 18 18 15 15 15 17 15 14 13 12 10 9 11 13 13 13 14
11 15 14 23 18 25 15 19 9 18 17 27 14 13 14 12 16 17 11 15 11 20 23 21 0 1 25 15 27 11 25 16 17 20 16 22 12 15 17 18 15 17 15 13 15 12 27 14 13 0 23 12 36 19 17 22 16 10 24 11 18 15 9 1 14 14 5 7 9 9 13 14 11 10 2 2 3 3 2 8 12 11 13 11 14 14 11 12 10 8 6 5 6 7 8 8 10 11 10 9 8
25 27 21 2 20 16 26 15 24 13 28 18 25 27 19 20 31 12 24 30 16 20 14 12 23 23 16 28 18 20 16 27 28 11 31 1 24 26 19 19 25 17 25 16 31 19 18 11 30 23 0 20 31 32 8 13 28 22 15 25 20 25 26 23 29 28 24 25 23 22 24 26 23 22 24 23 23 23 22 24 28 28 27 25 24 24 23 22 18 16 18 18 19 20 21 22 20 19 18 19 19
15 20 6 20 16 20 19 17 14 16 20 22 17 15 8 3 22 15 8 20 4 22 18 16 12 12 20 20 22 3 20 19 11 15 13 19 17 9 18 19 8 19 8 14 14 2 22 9 13 12 20 0 34 14 12 17 20 14 19 8 16 8 9 12 17 15 10 8 6 6 7 8 6 5 13 13 12 12 11 7 12 11 13 15 18 17 15 13 12 9 8 8 6 6 6 5 3 2 2 3 4
38 40 35 31 34 41 39 24 37 19 41 43 38 41 32 34 44 26 37 43 30 33 39 36 36 36 41 41 43 34 41 40 42 36 45 30 37 40 33 33 39 30 39 30 44 33 43 33 44 36 31 34 0 46 33 38 41 35 39 38 34 39 40 36 42 41 38 39 37 36 38 40 37 36 37 36 36 36 36 38 41 42 41 38 37 37 36 35 31 30 32 32 32 33 35 36 34 33 32 33 33
12 22 15 31 28 32 23 28 13 27 25 34 22 13 20 14 18 27 12 14 16 32 30 27 19 19 32 20 33 13 32 25 6 26 9 31 20 7 27 29 7 29 7 24 8 15 33 21 11 19 32 14 46 0 24 28 22 18 30 11 28 7 13 19 15 13 17 15 13 13 10 8 11 12 19 21 19 18 20 15 11 12 11 12 22 22 19 19 19 21 19 19 17 16 15 14 13 15 15 15 16
22 24 13 8 18 8 23 16 21 14 25 10 22 24 11 12 28 13 16 27 8 21 6 4 17 17 8 25 10 12 8 24 20 3 23 8 21 18 21 21 17 18 17 17 23 11 10 3 22 17 8 12 33 24 0 5 25 19 7 17 18 17 18 17 26 24 18 17 15 14 16 18 15 14 18 17 17 17 16 16 21 20 22 22 21 21 20 18 15 13 13 12 11 12 13 14 12 11 10 11 11
27 29 17 13 22 4 27 21 25 19 29 6 27 29 14 17 32 18 21 31 13 26 2 3 22 21 4 30 6 17 4 28 25 4 27 12 26 23 25 25 22 23 22 22 28 15 6 8 27 22 13 17 38 28 5 0 30 24 2 22 22 22 23 21 31 29 22 22 19 19 21 22 20 19 22 22 22 22 21 21 25 25 26 27 26 26 24 23 20 18 17 17 16 17 18 19 17 15 15 16 16
11 3 22 28 23 33 5 24 9 23 10 35 11 13 21 20 12 22 19 8 19 26 31 28 16 15 33 2 35 20 33 10 20 27 18 27 4 19 17 19 20 20 19 15 17 20 35 22 17 16 28 20 41 22 25 30 0 6 31 19 23 19 13 15 15 14 14 15 18 17 21 20 20 19 14 17 15 13 16 15 13 14 13 11 8 6 7 9 11 13 14 15 16 17 19 18 20 19 18 18 17
7 6 16 22 17 27 5 18 6 17 8 29 5 10 15 14 13 16 14 10 13 21 25 23 10 10 27 6 29 14 27 8 16 22 14 21 3 15 11 14 16 14 15 9 13 14 29 16 14 10 22 14 35 18 19 24 6 0 25 14 17 15 10 10 11 10 9 12 15 14 17 16 16 15 9 12 10 8 11 12 10 11 9 7 5 5 1 3 5 7 8 9 10 11 13 14 14 13 12 13 12
29 31 19 14 24 3 29 22 27 20 31 4 29 31 16 19 34 20 23 33 15 27 4 5 24 23 3 31 4 19 3 30 26 6 29 14 28 25 27 27 24 24 24 24 29 17 4 10 29 24 15 19 39 30 7 2 31 25 0 24 24 24 25 23 32 30 24 23 21 21 23 24 21 21 24 24 23 23 23 23 27 27 28 29 28 28 26 25 22 20 19 19 18 18 20 21 19 17 17 17 17
12 19 10 24 21 25 19 22 11 21 22 27 19 12 13 6 18 20 2 17 9 23 23 21 11 11 25 18 27 6 25 21 8 20 10 24 16 5 21 22 6 20 6 15 10 8 27 14 9 11 25 8 38 11 17 22 19 14 24 0 21 6 6 11 13 11 7 5 3 3 5 5 3 3 10 11 9 9 10 4 9 8 10 12 18 18 15 15 14 12 9 9 7 7 5 4 5 7 7 7 8
20 22 16 20 0 26 21 16 19 15 23 28 20 23 14 16 26 14 20 25 12 23 24 21 18 18 26 23 27 16 26 22 24 20 27 19 19 22 20 21 21 20 21 16 26 15 27 15 26 18 20 16 34 28 18 22 23 17 24 21 0 21 22 18 24 23 20 21 19 18 20 22 19 18 19 18 19 19 18 20 23 24 23 20 19 19 18 17 13 12 14 14 15 15 17 18 16 15 14 15 15
8 19 8 25 21 25 20 22 11 21 21 27 18 10 14 8 16 20 6 14 9 26 23 21 15 14 25 18 27 7 25 21 3 20 6 24 16 1 23 24 1 23 0 18 6 9 27 14 7 15 25 8 39 7 17 22 19 15 24 6 21 0 9 14 11 9 10 9 6 7 3 1 4 5 14 15 12 13 13 9 7 8 7 8 20 20 16 17 16 15 12 12 11 10 8 7 7 8 9 9 9
7 13 12 26 22 26 15 23 5 22 16 28 13 6 15 8 13 21 6 11 10 25 24 22 9 9 26 12 28 7 26 15 10 21 7 25 11 8 19 20 10 20 9 15 6 9 28 15 4 9 26 9 40 13 18 23 13 10 25 6 22 9 0 9 8 6 5 2 5 4 9 9 7 6 8 11 6 7 8 2 3 2 4 7 14 14 11 11 11 13 11 10 9 8 6 5 7 9 9 9 10
10 14 14 22 18 25 14 18 8 17 16 27 13 12 13 11 16 17 10 15 11 20 23 20 1 0 25 15 26 10 25 15 17 19 16 22 12 14 16 17 15 17 14 12 15 12 26 14 13 1 23 12 36 19 17 21 15 10 23 11 18 14 9 0 13 13 5 7 9 9 13 14 11 10 1 2 3 2 2 8 12 11 12 10 14 14 10 11 10 8 6 6 7 7 8 8 11 11 10 10 9
4 14 19 29 24 34 16 25 6 24 17 36 14 4 22 15 12 23 13 10 18 27 32 29 14 13 34 13 36 14 34 17 12 28 9 28 12 10 20 21 12 21 11 16 8 17 36 23 9 14 29 17 42 15 26 31 15 11 32 13 24 11 8 13 0 2 13 10 13 12 14 12 15 14 12 15 13 11 14 10 6 7 6 4 15 15 12 13 12 15 16 17 17 16 14 13 15 16 16 17 17
3 14 17 28 23 32 15 24 6 23 16 34 13 4 20 13 11 22 11 9 16 27 30 27 14 13 32 13 34 12 32 16 10 26 7 27 11 8 19 20 10 20 9 16 6 15 34 21 7 14 28 15 41 13 24 29 14 10 30 11 23 9 6 13 2 0 11 8 11 10 12 10 13 12 12 15 12 11 13 8 4 5 5 3 15 15 11 12 12 14 15 16 15 14 12 11 13 14 14 15 15
9 14 12 24 20 26 13 21 7 20 15 28 12 11 14 9 15 19 6 14 11 22 24 21 5 5 26 14 27 8 26 14 12 20 12 24 11 10 17 18 11 19 10 14 11 10 27 15 9 5 24 10 38 17 18 22 14 9 24 7 20 10 5 5 13 11 0 4 7 6 10 9 9 8 5 6 2 4 3 4 8 7 9 9 13 13 10 10 9 10 7 7 7 6 7 7 9 10 10 9 9
9 15 10 24 21 25 16 21 7 20 18 27 15 8 13 6 15 20 4 13 9 24 23 20 7 7 25 14 27 5 25 17 11 19 9 24 13 9 20 21 9 21 9 16 8 8 27 14 6 7 25 8 39 15 17 22 15 12 23 5 21 9 2 7 10 8 4 0 6 5 9 9 7 7 6 9 4 5 6 3 5 4 6 9 14 14 11 11 10 12 9 9 8 7 7 6 6 7 7 8 9
11 18 8 22 19 23 19 19 10 18 20 25 17 11 11 4 18 17 3 16 7 21 21 18 9 9 23 17 24 3 23 19 9 17 11 22 16 7 18 19 6 18 6 13 11 5 24 12 9 9 23 6 37 13 15 19 18 15 21 3 19 6 5 9 13 11 7 6 0 1 5 6 3 2 9 9 8 8 8 3 8 7 9 11 17 17 14 13 12 10 7 6 5 4 2 1 3 4 5 4 5
10 17 8 22 18 22 18 19 9 18 20 24 17 10 11 4 17 17 2 15 6 21 20 18 9 9 22 16 24 3 22 19 9 17 11 21 15 7 19 20 6 18 7 13 10 5 24 11 8 9 22 6 36 13 14 19 17 14 21 3 18 7 4 9 12 10 6 5 1 0 6 6 4 3 8 9 7 7 8 2 7 6 8 10 16 16 13 13 12 10 7 7 5 5 3 2 4 5 5 5 6
10 21 7 24 20 24 22 21 13 20 23 26 20 13 13 6 18 19 5 16 8 24 22 20 13 13 24 20 26 5 24 22 6 19 8 23 18 4 21 23 3 21 3 16 9 8 26 13 9 13 24 7 38 10 16 21 21 17 23 5 20 3 9 13 14 12 10 9 5 6 0 2 2 3 12 13 11 11 11 7 9 9 9 10 21 21 17 17 15 13 10 10 9 8 6 5 5 7 7 7 8
9 20 9 25 22 26 21 22 11 21 22 28 19 11 14 8 17 21 5 15 10 25 24 21 14 14 26 18 27 7 26 22 4 20 7 25 17 2 23 24 2 22 1 17 7 9 27 15 8 14 26 8 40 8 18 22 20 16 24 5 22 1 9 14 12 10 9 9 6 6 2 0 4 4 14 14 11 13 12 8 7 8 7 9 20 20 17 18 16 14 12 11 10 9 7 6 7 8 8 8 9
11 20 7 23 19 23 20 20 12 18 21 25 18 13 11 4 19 18 4 17 7 22 21 19 11 11 23 19 25 3 23 20 7 18 10 22 17 5 19 21 4 19 4 14 10 6 25 12 9 11 23 6 37 11 15 20 20 16 21 3 19 4 7 11 15 13 9 7 3 4 2 4 0 1 11 11 10 10 10 5 10 9 10 11 19 19 16 15 13 11 9 8 7 6 4 3 4 5 5 5 6
12 19 7 22 18 22 19 19 11 18 20 24 17 12 11 4 19 17 4 17 6 21 20 18 10 10 22 18 24 3 22 20 8 17 10 21 17 6 19 20 5 18 5 13 11 5 24 11 10 10 22 5 36 12 14 19 19 15 21 3 18 5 6 10 14 12 8 7 2 3 3 4 1 0 10 10 9 9 9 4 9 8 10 12 18 18 15 14 13 11 8 7 6 5 3 2 3 5 5 5 6
9 13 15 23 19 26 13 19 7 18 15 28 12 11 14 12 15 18 10 14 12 21 24 21 2 1 26 14 27 11 26 14 16 20 15 23 11 14 16 18 14 18 14 13 14 13 27 15 12 2 24 13 37 19 18 22 14 9 24 10 19 14 8 1 12 12 5 6 9 8 12 14 11 10 0 3 4 1 3 7 11 10 11 9 13 13 9 10 9 9 7 6 8 7 9 9 11 12 11 10 9
12 16 15 23 18 25 16 19 10 18 17 27 14 14 14 12 18 17 11 17 12 21 23 21 2 2 25 17 27 11 25 17 17 20 16 22 14 15 16 17 15 18 15 12 16 12 27 14 14 2 23 13 36 21 17 22 17 12 24 11 18 15 11 2 15 15 6 9 9 9 13 14 11 10 3 0 5 4 4 10 14 13 14 12 16 16 12 13 10 8 6 6 7 7 8 8 11 11 11 10 9
10 14 14 22 19 25 14 20 8 18 16 27 13 12 14 10 16 18 8 15 11 21 23 21 3 3 25 15 27 9 25 15 14 20 13 22 12 12 17 18 13 17 12 13 12 11 27 14 10 3 23 12 36 19 17 22 15 10 23 9 19 12 6 3 13 12 2 4 8 7 11 11 10 9 4 5 0 3 2 6 9 8 10 10 14 14 11 11 10 9 6 6 7 6 8 8 10 11 10 9 9
8 12 14 23 19 25 12 20 6 18 14 27 11 10 14 11 14 18 9 13 11 21 23 21 3 2 25 13 27 10 25 13 15 20 14 22 10 13 16 17 13 18 13 13 13 12 27 14 11 3 23 12 36 18 17 22 13 8 23 9 19 13 7 2 11 11 4 5 8 7 11 13 10 9 1 4 3 0 4 6 10 9 10 8 12 12 8 9 8 10 8 7 8 8 9 9 11 12 12 11 10
10 15 13 22 18 24 15 19 9 18 17 26 14 13 13 10 17 17 9 16 10 20 22 20 2 2 24 16 26 9 24 16 15 19 15 21 13 13 16 17 14 17 13 12 14 11 26 13 12 2 22 11 36 20 16 21 16 11 23 10 18 13 8 2 14 13 3 6 8 8 11 12 10 9 3 4 2 4 0 6 10 9 11 10 13 13 10 10 10 8 5 5 6 6 7 7 9 10 9 9 8
9 15 10 24 20 24 16 21 7 20 18 26 15 8 13 6 15 19 4 13 8 23 22 20 8 8 24 14 26 5 24 17 11 19 9 23 13 8 20 21 8 20 9 15 8 7 26 13 6 8 24 7 38 15 16 21 15 12 23 4 20 9 2 8 10 8 4 3 3 2 7 8 5 4 7 10 6 6 6 0 5 4 6 9 14 14 11 11 11 12 9 9 7 7 5 4 6 7 7 7 8
4 13 14 27 23 29 14 24 5 23 16 31 13 4 17 11 12 22 8 10 13 26 27 24 12 12 29 12 30 10 29 15 8 23 5 27 11 7 18 19 8 20 7 15 5 11 30 18 5 12 28 12 41 11 21 25 13 10 27 9 23 7 3 12 6 4 8 5 8 7 9 7 10 9 11 14 9 10 10 5 0 1 1 4 14 14 11 11 11 14 13 12 11 10 8 7 9 10 11 11 11
5 14 13 28 24 28 15 25 6 23 17 30 14 5 17 10 12 23 7 10 12 26 26 24 11 11 28 13 30 9 28 16 9 23 6 27 11 7 19 20 9 21 8 16 5 11 30 17 4 11 28 11 42 12 20 25 14 11 27 8 24 8 2 11 7 5 7 4 7 6 9 8 9 8 10 13 8 9 9 4 1 0 2 5 15 15 11 12 12 14 12 11 10 9 7 6 8 10 10 10 11
3 13 15 27 23 30 14 23 4 22 16 32 13 4 18 12 11 22 9 9 14 25 28 25 13 12 30 11 31 11 30 15 8 24 6 27 10 7 18 19 8 20 7 15 5 12 31 19 5 13 27 13 41 11 22 26 13 9 28 10 23 7 4 12 6 5 9 6 9 8 9 7 10 10 11 14 10 10 11 6 1 2 0 3 14 14 10 11 11 13 14 13 12 11 9 8 10 11 12 12 12
0 11 16 25 20 30 12 21 4 20 13 32 10 6 19 14 8 19 12 6 16 24 28 26 11 10 30 10 32 13 30 13 10 25 7 24 8 8 16 17 9 17 8 13 6 15 32 19 7 11 25 15 38 12 22 27 11 7 29 12 20 8 7 10 4 3 9 9 11 10 10 9 11 12 9 12 10 8 10 9 4 5 3 0 12 12 8 9 9 11 12 13 14 13 12 11 12 14 14 14 15
12 8 19 24 19 29 4 20 10 19 6 31 5 14 18 18 17 18 18 13 16 22 27 25 14 14 29 8 31 17 29 5 20 24 19 23 7 20 12 14 21 15 20 12 18 17 31 18 18 14 24 18 37 22 21 26 8 5 28 18 19 20 14 14 15 15 13 14 17 16 21 20 19 18 13 16 14 12 13 14 14 15 14 12 0 4 6 8 10 12 13 14 15 16 18 18 18 18 17 18 17
12 6 19 24 19 29 2 20 10 19 7 31 6 14 18 17 15 18 18 11 15 23 27 25 14 14 29 6 31 17 29 5 20 24 18 23 5 20 13 15 21 16 20 11 18 17 31 18 18 14 24 17 37 22 21 26 6 5 28 18 19 20 14 14 15 15 13 14 17 16 21 20 19 18 13 16 14 12 13 14 14 15 14 12 4 0 5 5 8 10 11 12 13 14 15 16 17 16 15 15 14
8 6 17 22 18 28 6 19 7 17 9 30 6 10 16 15 13 17 14 10 14 21 26 23 11 10 28 7 30 15 28 8 17 22 15 22 4 16 12 14 17 15 16 10 14 15 30 17 15 11 23 15 36 19 20 24 7 1 26 15 18 16 11 10 12 11 10 11 14 13 17 17 16 15 9 12 11 8 10 11 11 11 10 8 6 5 0 4 6 8 9 10 11 12 14 15 15 14 13 14 13
9 9 15 21 17 26 7 17 7 16 9 28 6 11 15 13 15 16 15 13 13 20 24 22 12 11 26 9 28 13 26 8 18 21 16 21 6 17 12 13 18 14 17 9 15 12 28 15 15 12 22 13 35 19 18 23 9 3 25 15 17 17 11 11 13 12 10 11 13 13 17 18 15 14 10 13 11 9 10 11 11 12 11 9 8 5 4 0 4 6 7 8 9 10 11 12 13 11 11 11 10
9 10 13 18 13 23 9 14 7 13 10 25 7 11 12 12 15 12 14 14 10 17 21 19 10 10 23 11 25 12 23 10 17 18 16 17 8 17 10 11 16 12 16 7 15 11 25 12 15 10 18 12 31 19 15 20 11 5 22 14 13 16 11 10 12 12 9 10 12 12 15 16 13 13 9 10 10 8 10 11 11 12 11 9 10 8 6 4 0 3 6 7 8 9 10 11 12 10 10 10 9
11 13 11 16 12 21 11 12 9 11 13 23 10 13 10 9 17 11 12 16 8 15 19 17 8 8 21 13 23 9 21 12 18 16 18 16 10 15 11 12 14 12 15 6 17 9 23 10 17 8 16 9 30 21 13 18 13 7 20 12 12 15 13 8 15 14 10 12 10 10 13 14 11 11 9 8 9 10 8 12 14 14 13 11 12 10 8 6 3 0 3 4 5 6 8 9 9 8 7 8 7
12 14 10 18 14 21 13 15 10 14 14 23 11 14 9 8 18 13 9 17 7 16 19 16 6 6 21 14 22 7 21 13 15 15 17 17 11 13 12 13 12 13 12 8 16 8 22 10 15 6 18 8 32 19 13 17 14 8 19 9 14 12 11 6 16 15 7 9 7 7 10 12 9 8 7 6 6 8 5 9 13 12 14 12 13 11 9 7 6 3 0 1 2 3 5 6 7 7 6 5 4
13 15 10 18 14 20 14 15 11 14 15 22 12 15 9 8 19 13 8 18 7 16 18 16 5 6 20 15 22 7 20 14 15 15 16 17 12 13 13 14 12 13 12 8 16 7 22 9 14 5 18 8 32 19 12 17 15 9 19 9 14 12 10 6 17 16 7 9 6 7 10 11 8 7 6 6 6 7 5 9 12 11 13 13 14 12 10 8 7 4 1 0 2 3 4 5 7 7 6 5 4
14 15 8 18 15 19 14 15 12 14 15 21 12 15 8 6 20 14 7 19 5 16 17 15 6 7 19 16 21 6 19 15 13 14 16 18 13 11 14 15 10 13 11 8 15 6 21 8 13 6 19 6 32 17 11 16 16 10 18 7 15 11 9 7 17 15 7 8 5 5 9 10 7 6 8 7 7 8 6 7 11 10 12 14 15 13 11 9 8 5 2 2 0 1 3 4 5 5 4 3 2
13 16 8 19 15 20 15 16 13 15 16 22 13 14 9 6 20 14 6 19 5 17 18 16 7 7 20 17 22 5 20 16 12 15 15 19 14 10 15 16 9 14 10 9 14 6 22 9 12 7 20 6 33 16 12 17 17 11 18 7 15 10 8 7 16 14 6 7 4 5 8 9 6 5 7 7 6 8 6 7 10 9 11 13 16 14 12 10 9 6 3 3 1 0 2 3 4 5 4 3 3
12 18 8 21 17 21 17 18 11 17 18 23 15 12 10 5 19 16 4 17 5 19 19 17 8 8 21 18 23 4 21 17 11 16 13 20 15 9 16 17 8 16 8 11 12 6 23 10 10 8 21 6 35 15 13 18 19 13 20 5 17 8 6 8 14 12 7 7 2 3 6 7 4 3 9 8 8 9 7 5 8 7 9 12 18 15 14 11 10 8 5 4 3 2 0 1 4 5 4 4 4
11 18 8 22 18 22 18 19 10 18 19 24 16 11 11 4 18 17 3 16 6 20 20 18 8 8 22 17 24 3 22 18 10 17 12 21 16 8 17 18 7 17 7 12 11 5 24 11 9 8 22 5 36 14 14 19 18 14 21 4 18 7 5 8 13 11 7 6 1 2 5 6 3 2 9 8 8 9 7 4 7 6 8 11 18 16 15 12 11 9 6 5 4 3 1 0 3 4 4 4 5
12 20 5 20 16 20 19 17 12 16 20 22 17 13 9 2 20 15 5 18 4 21 18 16 10 11 20 19 22 1 20 19 10 15 12 19 17 8 18 19 6 18 7 13 13 3 22 9 11 10 20 3 34 13 12 17 20 14 19 5 16 7 7 11 15 13 9 6 3 4 5 7 4 3 11 11 10 11 9 6 9 8 10 12 18 17 15 13 12 9 7 7 5 4 4 3 0 2 2 3 4
14 18 4 18 15 19 17 15 14 14 18 21 15 14 7 2 21 14 7 20 3 20 17 14 11 11 19 19 20 2 19 17 11 13 14 18 16 9 17 18 8 17 8 13 14 1 20 8 13 11 19 2 33 15 11 15 19 13 17 7 15 8 9 11 16 14 10 7 4 5 7 8 5 5 12 11 11 12 10 7 10 10 11 14 18 16 14 11 10 8 7 7 5 5 5 4 2 0 1 2 3
14 18 4 18 14 18 17 15 14 14 18 20 15 15 7 2 21 13 7 20 2 20 16 14 10 10 18 18 20 2 18 17 12 13 14 17 15 10 16 17 8 17 9 12 14 2 20 7 13 10 18 2 32 15 10 15 18 12 17 7 14 9 9 10 16 14 10 7 5 5 7 8 5 5 11 11 10 12 9 7 11 10 12 14 17 15 13 11 10 7 6 6 4 4 4 4 2 1 0 1 2
14 18 5 19 15 19 17 16 14 14 18 21 15 15 8 3 21 14 7 20 3 19 17 15 9 10 19 18 21 3 19 17 11 14 14 18 15 9 16 17 8 16 9 11 14 3 21 8 13 9 19 3 33 15 11 16 18 13 17 7 15 9 9 10 17 15 9 8 4 5 7 8 5 5 10 10 9 11 9 7 11 10 12 14 18 15 14 11 10 8 5 5 3 3 4 4 3 2 1 0 1
15 17 6 18 15 19 16 15 14 14 17 21 14 15 7 4 22 14 8 20 3 18 17 14 8 9 19 17 21 4 19 16 12 13 15 18 14 10 15 16 9 15 9 10 15 4 21 8 14 8 19 4 33 16 11 16 17 12 17 8 15 9 10 9 17 15 9 9 5 6 8 9 6 6 9 9 9 10 8 8 11 11 12 15 17 14 13 10 9 7 4 4 2 3 4 5 4 3 2 1 0