0 30 11 31 11 31 9 21 27 13 14 15 34 10 13 24 2 38 8 28 9 32 16 13 10 8 17 14 28 30 13 8 16 24 7 29 9 24 10 12 15 15 31 18 10 19 7 22 8 9 31 13 21 9 13 13 26 13 29 24 9 9 7 10 4 3 9 9 11 10 10 9 11 12 9 12 10 8 10 9 4 5 3 0 12 12 9 9 9 11 12 13 14 13 12 11 12 14 14 14 15
30 0 24 1 25 2 26 23 4 31 21 18 36 31 22 15 30 40 29 5 28 2 18 30 25 36 18 22 5 1 20 35 16 28 31 5 31 15 26 24 26 18 2 21 32 20 27 24 27 28 2 24 25 26 24 29 6 20 14 27 25 25 26 24 33 31 25 24 22 22 24 25 22 22 25 25 24 24 24 24 28 28 29 30 29 29 27 26 23 21 20 20 19 19 21 22 20 18 18 18 18
11 24 0 25 15 26 16 15 21 12 13 11 28 12 14 18 11 32 10 22 19 26 10 11 17 18 11 8 22 25 9 17 11 16 11 23 11 18 17 14 11 9 26 12 19 13 12 16 18 10 26 14 15 17 8 11 20 9 23 19 14 17 13 9 14 14 11 12 12 12 15 16 13 12 10 9 10 10 9 13 13 14 13 11 10 10 8 6 2 3 5 6 7 8 10 11 12 10 10 10 9
31 1 25 0 25 1 26 24 4 32 21 19 36 32 22 16 30 40 30 5 28 2 19 30 26 37 19 22 5 1 21 36 16 29 32 6 32 16 27 24 27 18 1 22 32 21 28 25 28 29 1 25 26 27 25 30 7 21 15 28 25 26 26 25 34 32 26 25 23 22 24 26 23 22 26 26 25 25 24 24 29 28 30 31 29 29 28 27 24 22 21 21 19 20 21 22 20 19 18 19 19
11 25 15 25 0 26 3 22 22 22 7 8 35 19 6 24 12 39 17 23 6 27 17 20 6 19 18 11 23 25 7 19 9 24 16 24 18 25 5 3 21 13 26 18 10 20 8 23 5 17 26 4 21 5 16 20 21 7 24 23 6 5 7 12 14 12 8 5 4 3 4 4 3 4 11 12 9 10 11 5 10 9 10 11 19 19 16 16 15 13 10 10 8 7 6 5 6 8 8 8 9
31 2 26 1 26 0 27 24 5 33 22 20 37 33 23 16 31 41 30 6 29 1 20 31 27 38 20 23 6 1 22 37 17 30 33 7 33 17 28 25 28 19 0 22 33 22 29 26 29 30 0 26 27 28 26 31 8 22 16 29 26 27 27 26 35 33 27 26 24 23 25 27 24 23 27 26 26 26 25 25 30 29 31 31 30 30 29 28 24 23 22 22 20 21 22 23 21 20 19 20 20
9 26 16 26 3 27 0 23 23 22 7 9 36 19 6 25 10 40 17 24 4 28 18 21 4 16 19 12 24 26 8 16 10 25 16 25 18 25 3 4 22 14 27 19 8 21 10 23 3 18 27 6 22 2 17 21 22 8 25 24 8 2 9 13 11 9 9 8 5 6 3 1 4 4 13 14 11 12 12 7 7 8 7 9 20 20 17 18 16 14 12 11 10 9 7 6 7 8 9 8 9
21 23 15 24 22 24 23 0 21 23 18 16 16 23 19 13 21 20 20 22 25 25 5 21 22 28 6 15 22 23 17 27 13 17 23 21 22 13 23 21 15 12 24 8 29 8 22 6 24 19 24 21 17 23 13 21 19 17 18 16 22 22 23 18 25 24 21 21 19 19 21 22 20 19 19 19 19 20 19 21 24 24 23 21 20 20 19 17 14 12 15 15 15 16 18 19 17 15 15 16 15
27 4 21 4 22 5 23 21 0 29 18 15 33 28 19 12 27 37 26 1 25 6 16 27 22 33 17 19 1 4 17 32 13 26 28 2 28 12 23 21 24 15 5 18 29 19 25 21 24 25 5 21 23 23 22 26 3 17 12 25 22 22 23 22 31 29 22 22 19 19 21 22 20 19 22 22 22 22 21 21 25 25 26 27 26 26 24 23 20 18 17 17 16 17 18 19 17 15 15 16 16
13 31 12 32 22 33 22 23 29 0 20 18 36 13 21 26 15 40 10 30 22 33 18 5 23 20 19 16 30 32 17 21 18 22 13 30 13 26 23 20 13 16 33 20 23 21 15 23 21 11 33 21 23 22 15 6 28 17 31 23 18 22 16 15 17 16 14 17 19 19 23 22 21 20 14 17 15 13 16 17 15 16 15 13 7 8 8 9 10 12 13 14 15 16 17 18 19 18 17 17 16
14 21 13 21 7 22 7 18 18 20 0 3 31 20 1 20 15 35 18 19 9 23 13 20 7 22 14 10 19 21 7 22 5 23 19 20 20 20 8 8 19 9 22 14 13 16 11 18 8 18 22 8 17 8 14 19 17 7 20 22 9 7 10 13 17 15 10 8 5 6 5 6 4 4 13 13 12 12 11 8 12 11 13 14 19 18 17 14 13 10 9 9 7 7 6 5 3 3 3 4 5
15 18 11 19 8 20 9 16 15 18 3 0 28 18 4 18 16 32 16 16 12 20 11 18 8 22 11 8 16 19 6 21 3 21 18 17 18 18 9 7 17 6 20 12 15 13 10 16 11 16 20 7 15 10 12 17 15 6 18 20 8 9 9 11 16 14 10 7 5 5 7 9 5 5 12 12 11 11 10 7 11 11 12 15 17 16 15 12 11 8 7 7 5 5 5 5 3 1 1 2 3
34 36 28 36 35 37 36 16 33 36 31 28 0 36 32 26 34 4 33 34 38 38 18 34 35 41 19 27 34 36 28 40 26 29 36 34 36 26 36 33 27 25 37 21 42 21 35 19 37 33 37 33 30 36 26 34 32 28 32 26 34 35 35 32 38 37 33 33 31 32 34 35 33 32 32 32 32 32 32 33 37 36 36 34 33 33 32 30 27 25 28 28 28 29 30 30 30 28 28 29 28
10 31 12 32 19 33 19 23 28 13 20 18 36 0 21 26 12 40 3 29 19 33 18 12 20 9 19 16 29 32 17 11 18 24 5 30 5 26 20 18 17 16 33 19 20 21 11 23 18 9 33 18 22 19 15 8 27 17 30 26 15 19 13 14 14 13 13 15 17 17 20 19 19 19 13 17 14 12 15 15 12 13 12 10 8 7 6 8 10 12 13 14 15 16 18 18 19 18 17 17 16
13 22 14 22 6 23 6 19 19 21 1 4 32 21 0 21 14 36 19 20 8 24 14 20 6 21 15 9 20 22 6 21 6 22 18 21 20 21 7 7 19 10 23 15 12 17 10 19 7 18 23 7 18 7 14 20 18 6 21 21 8 6 9 12 16 14 9 7 4 5 4 5 3 3 12 12 11 11 10 7 11 10 12 13 19 19 18 15 13 11 9 9 7 6 5 4 2 4 4 5 6
24 15 18 16 24 16 25 13 12 26 20 18 26 26 21 0 24 30 23 13 27 17 8 22 24 31 9 16 13 15 18 30 16 18 26 13 25 4 25 23 17 15 16 10 31 11 25 14 27 23 16 23 20 26 15 24 11 18 11 17 24 25 25 21 28 27 23 23 21 22 23 25 22 21 22 22 22 22 21 23 27 26 26 24 23 23 22 20 17 15 17 17 17 18 20 20 19 18 17 18 18
2 30 11 30 12 31 10 21 27 15 15 16 34 12 14 24 0 38 10 28 10 32 16 13 11 7 17 14 28 30 13 7 17 23 7 29 11 24 11 13 17 15 31 18 9 19 7 22 9 10 31 12 21 10 15 13 26 13 29 22 10 10 7 10 5 5 9 9 12 11 12 11 13 13 9 13 10 8 11 9 5 6 5 2 12 12 9 9 9 11 12 13 14 14 13 12 14 15 16 16 16
38 40 32 40 39 41 40 20 37 40 35 32 4 40 36 30 38 0 37 38 42 42 22 38 39 45 23 31 38 40 32 44 30 33 40 38 40 30 40 37 31 29 41 25 46 25 39 23 41 37 41 37 34 40 30 38 36 32 36 30 38 39 39 36 42 41 37 37 35 36 38 39 37 36 36 36 36 36 36 37 41 40 40 38 37 37 36 34 31 29 32 32 32 33 34 34 34 32 32 33 32
8 29 10 30 17 30 17 20 26 10 18 16 33 3 19 23 10 37 0 27 17 31 15 10 18 10 16 13 27 29 14 11 16 23 3 28 3 23 18 16 14 14 30 17 18 18 10 21 16 7 30 17 20 17 12 6 25 14 28 24 14 17 11 12 12 11 11 13 16 15 18 17 18 17 11 15 12 10 13 13 11 11 10 8 7 5 4 6 8 10 11 12 13 14 16 16 17 16 15 15 14
28 5 22 5 23 6 24 22 1 30 19 16 34 29 20 13 28 38 27 0 26 7 17 28 23 34 18 20 0 5 18 33 14 27 29 1 29 13 24 22 25 16 6 19 30 20 26 22 25 26 6 22 24 24 23 27 4 18 13 26 23 23 24 23 32 30 23 23 20 20 22 23 21 20 23 23 23 23 22 22 26 26 27 28 27 27 25 24 21 19 18 18 17 18 19 20 18 16 16 17 17
9 28 19 28 6 29 4 25 25 22 9 12 38 19 8 27 10 42 17 26 0 30 20 22 5 17 21 15 26 28 11 17 12 29 16 27 18 28 5 7 24 16 29 21 10 23 11 25 4 18 29 9 24 4 21 21 24 11 27 28 10 4 10 14 12 10 9 10 9 9 6 5 7 8 13 14 11 12 12 9 8 9 8 9 21 21 17 18 18 17 14 14 13 12 11 10 10 12 12 12 13
32 2 26 2 27 1 28 25 6 33 23 20 38 33 24 17 32 42 31 7 30 0 20 32 27 38 20 24 7 2 22 37 18 30 33 7 33 17 28 26 28 20 1 23 34 22 29 26 29 30 1 26 27 28 26 31 8 22 16 29 27 27 28 26 35 33 27 26 24 24 26 27 24 24 27 27 26 26 26 26 30 30 31 32 31 31 29 28 25 23 22 22 21 21 23 24 22 20 20 20 20
16 18 10 19 17 20 18 5 16 18 13 11 18 18 14 8 16 22 15 17 20 20 0 16 17 23 1 10 17 19 12 22 8 12 18 16 18 8 18 16 10 7 20 3 24 3 17 6 19 15 20 16 12 18 8 16 14 12 14 11 17 17 18 14 20 19 16 17 14 14 16 17 15 14 14 14 15 15 14 16 19 20 18 16 15 15 14 12 9 7 10 10 10 11 13 14 12 10 10 11 10
13 30 11 30 20 31 21 21 27 5 20 18 34 12 20 22 13 38 10 28 22 32 16 0 23 19 17 14 28 30 16 19 17 19 12 29 11 23 23 19 10 15 31 18 21 19 14 22 20 11 31 20 21 21 13 8 26 16 28 20 17 21 15 15 16 16 14 17 19 19 22 22 20 19 14 16 15 13 16 17 15 16 15 13 8 9 8 8 9 12 13 14 15 15 17 18 19 17 17 17 16
10 25 17 26 6 27 4 22 22 23 7 8 35 20 6 24 11 39 18 23 5 27 17 23 0 18 18 13 23 26 9 18 10 26 17 24 19 24 2 8 22 14 27 18 9 20 12 22 4 19 27 9 21 3 18 22 21 9 24 25 10 2 11 15 13 11 12 10 6 7 3 3 5 5 15 15 14 14 13 9 9 10 9 10 22 22 18 19 17 15 12 12 11 10 8 7 7 9 9 9 10
8 36 18 37 19 38 16 28 33 20 22 22 41 9 21 31 7 45 10 34 17 38 23 19 18 0 24 21 34 37 19 10 23 30 9 35 11 31 17 19 23 21 38 24 15 26 13 28 15 16 38 19 27 16 21 15 32 19 35 29 16 17 13 17 12 11 16 15 18 17 18 17 19 19 16 19 17 15 18 15 12 12 11 8 15 13 12 15 16 18 19 20 21 20 19 18 20 22 22 22 22
17 18 11 19 18 20 19 6 17 19 14 11 19 19 15 9 17 23 16 18 21 20 1 17 18 24 0 11 18 19 13 23 9 13 19 17 18 9 19 17 11 8 20 3 25 2 18 7 20 15 20 17 13 19 9 16 15 13 14 12 18 18 19 14 21 20 17 17 15 15 17 18 16 15 15 15 15 16 15 17 20 20 19 17 16 16 15 13 10 8 11 11 11 12 14 15 13 11 11 12 11
14 22 8 22 11 23 12 15 19 16 10 8 27 16 9 16 14 31 13 20 15 24 10 14 13 21 11 0 20 22 5 20 8 17 16 21 16 17 13 10 13 10 23 13 19 13 13 16 14 13 23 10 15 12 10 14 18 5 21 16 11 13 12 8 18 17 9 10 8 8 11 12 9 8 8 8 8 8 7 10 14 13 15 14 13 13 12 10 7 6 3 3 3 4 6 7 8 8 7 6 5
28 5 22 5 23 6 24 22 1 30 19 16 34 29 20 13 28 38 27 0 26 7 17 28 23 34 18 20 0 5 18 33 14 27 29 1 29 13 24 22 25 16 6 19 30 20 26 22 25 26 6 22 24 24 23 27 4 18 13 26 23 23 24 23 32 30 23 23 20 20 22 23 21 20 23 23 23 23 22 22 26 26 27 28 27 27 25 24 21 19 18 18 17 18 19 20 18 16 16 17 17
30 1 25 1 25 1 26 23 4 32 21 19 36 32 22 15 30 40 29 5 28 2 19 30 26 37 19 22 5 0 21 36 16 29 32 6 32 16 27 24 27 18 1 21 32 21 28 25 28 29 1 25 26 27 25 30 7 21 15 28 25 26 26 25 34 32 26 25 23 22 24 26 23 22 26 25 25 25 24 24 29 28 30 30 29 29 28 27 23 22 21 21 19 20 21 22 20 19 18 19 19
13 20 9 21 7 22 8 17 17 17 7 6 28 17 6 18 13 32 14 18 11 22 12 16 9 19 13 5 18 21 0 18 6 18 15 19 16 18 9 5 15 9 22 14 15 15 8 17 10 14 22 5 16 9 10 15 17 0 19 17 6 9 7 6 14 12 5 5 3 4 7 8 5 4 6 6 5 5 4 5 9 8 10 13 15 15 13 11 9 7 4 3 2 1 2 2 5 5 5 4 4
8 35 17 36 19 37 16 27 32 21 22 21 40 11 21 30 7 44 11 33 17 37 22 19 18 10 23 20 33 36 18 0 22 29 10 34 12 30 18 18 23 20 37 23 16 25 11 27 15 15 37 18 26 16 21 16 31 18 34 28 15 17 13 16 12 11 15 15 18 17 18 17 19 19 15 19 16 14 17 15 12 12 11 8 17 15 13 15 15 17 18 19 20 19 19 18 20 21 21 21 22
16 16 11 16 9 17 10 13 13 18 5 3 26 18 6 16 17 30 16 14 12 18 8 17 10 23 9 8 14 16 6 22 0 19 18 15 18 16 11 8 15 4 17 9 16 11 12 14 12 15 17 9 12 11 11 16 13 6 15 18 9 10 10 11 18 16 11 9 7 6 8 10 7 6 12 12 11 11 10 8 13 12 14 16 16 16 14 13 10 8 7 7 5 5 5 6 4 3 2 3 3
24 28 16 29 24 30 25 17 26 22 23 21 29 24 22 18 23 33 23 27 29 30 12 19 26 30 13 17 27 29 18 29 19 0 24 27 23 19 26 23 12 18 30 15 31 15 24 18 27 22 30 23 23 26 12 22 25 18 24 13 24 26 25 20 28 27 22 23 21 21 24 25 22 21 21 21 21 21 20 23 26 26 26 24 22 23 21 20 17 15 16 16 16 17 19 20 21 20 20 19 18
7 31 11 32 16 33 16 23 28 13 19 18 36 5 18 26 7 40 3 29 16 33 18 12 17 9 19 16 29 32 15 10 18 24 0 30 4 26 17 15 17 16 33 19 16 21 8 23 15 9 33 15 22 16 15 9 27 15 30 23 12 16 10 12 11 10 12 12 14 13 17 16 16 15 11 15 12 10 13 11 9 10 9 7 10 8 5 8 9 12 13 14 14 15 16 15 17 17 17 17 16
29 5 23 6 24 7 25 21 2 30 20 17 34 30 21 13 29 38 28 1 27 7 16 29 24 35 17 21 1 6 19 34 15 27 30 0 30 14 25 23 25 17 7 19 31 19 26 22 26 27 7 23 24 25 23 28 4 19 13 26 24 24 25 23 32 30 24 23 21 21 23 24 21 21 24 24 23 23 23 23 27 27 28 29 28 28 26 25 22 20 19 19 18 18 20 21 19 17 17 17 17
9 31 11 32 18 33 18 22 28 13 20 18 36 5 20 25 11 40 3 29 18 33 18 11 19 11 18 16 29 32 16 12 18 23 4 30 0 26 19 17 17 16 33 19 19 20 10 23 17 8 33 17 22 18 15 9 27 16 30 22 14 18 12 13 13 12 13 14 17 16 19 18 18 18 12 16 13 11 14 14 12 12 11 9 9 8 5 8 9 11 13 14 14 15 17 17 19 17 17 17 16
24 15 18 16 25 17 25 13 12 26 20 18 26 26 21 4 24 30 23 13 28 17 8 23 24 31 9 17 13 16 18 30 16 19 26 14 26 0 26 23 17 15 17 11 31 11 25 13 27 23 17 23 19 26 15 24 11 18 11 18 24 25 25 22 28 27 23 23 21 22 24 25 22 21 22 22 22 22 21 23 27 26 26 24 23 23 22 20 17 15 17 17 18 19 20 20 19 18 17 18 18
10 26 17 27 5 28 3 23 23 23 8 9 36 20 7 25 11 40 18 24 5 28 18 23 2 17 19 13 24 27 9 18 11 26 17 25 19 26 0 7 23 15 28 20 9 21 11 23 4 19 28 9 22 2 19 22 23 9 25 25 10 2 10 15 12 10 12 10 6 7 4 3 5 6 15 15 14 14 13 9 9 9 9 10 22 22 18 19 17 15 12 12 11 10 8 7 7 9 9 9 10
12 24 14 24 3 25 4 21 21 20 8 7 33 18 7 23 13 37 16 22 7 26 16 19 8 19 17 10 22 24 5 18 8 23 15 23 17 23 7 0 20 12 25 17 12 19 7 22 7 15 25 3 20 6 15 18 20 5 23 22 5 6 6 10 13 11 6 4 3 2 5 5 4 4 10 11 8 9 9 4 8 7 9 12 18 18 14 15 14 12 9 8 7 6 4 3 5 7 7 7 8
15 26 11 27 21 28 22 15 24 13 19 17 27 17 19 17 17 31 14 25 24 28 10 10 22 23 11 13 25 27 15 23 15 12 17 25 17 17 23 20 0 13 28 13 25 13 18 16 23 14 28 20 20 23 7 13 23 15 22 13 21 23 18 15 19 18 17 20 18 18 21 22 19 18 16 15 16 15 15 20 18 19 17 15 13 14 13 11 10 11 12 13 13 14 16 17 18 16 16 16 15
15 18 9 18 13 19 14 12 15 16 9 6 25 16 10 15 15 29 14 16 16 20 7 15 14 21 8 10 16 18 9 20 4 18 16 17 16 15 15 12 13 0 19 9 20 10 16 13 15 13 19 12 12 14 10 14 14 9 17 17 13 13 14 11 19 18 13 13 10 10 12 13 11 10 12 11 12 12 11 12 16 16 17 15 14 14 12 11 8 6 8 8 7 8 9 10 8 6 6 7 6
31 2 26 1 26 0 27 24 5 33 22 20 37 33 23 16 31 41 30 6 29 1 20 31 27 38 20 23 6 1 22 37 17 30 33 7 33 17 28 25 28 19 0 22 33 22 29 26 29 30 0 26 27 28 26 31 8 22 16 29 26 27 27 26 35 33 27 26 24 23 25 27 24 23 27 26 26 26 25 25 30 29 31 31 30 30 29 28 24 23 22 22 20 21 22 23 21 20 19 20 20
18 21 12 22 18 22 19 8 18 20 14 12 21 19 15 10 18 25 17 19 21 23 3 18 18 24 3 13 19 21 14 23 9 15 19 19 19 11 20 17 13 9 22 0 25 5 19 8 21 16 22 18 12 20 11 17 17 14 16 14 18 19 19 15 22 21 18 18 16 15 17 19 16 15 16 16 16 16 15 17 20 21 20 18 17 17 15 14 11 9 12 12 12 13 14 15 13 12 11 12 12
10 32 19 32 10 33 8 29 29 23 13 15 42 20 12 31 9 46 18 30 10 34 24 21 9 15 25 19 30 32 15 16 16 31 16 31 19 31 9 12 25 20 33 25 0 27 12 29 6 18 33 14 28 7 23 21 28 15 31 30 14 7 11 18 13 11 16 13 13 13 10 8 11 12 17 21 17 16 19 13 9 10 9 10 20 20 17 17 17 19 19 18 17 16 15 14 14 15 16 16 16
19 20 13 21 20 22 21 8 19 21 16 13 21 21 17 11 19 25 18 20 23 22 3 19 20 26 2 13 20 21 15 25 11 15 21 19 20 11 21 19 13 10 22 5 27 0 20 9 22 17 22 19 15 21 11 18 17 15 16 14 20 20 21 16 23 22 19 19 17 17 19 20 18 17 17 17 17 18 17 19 22 22 21 19 18 18 17 15 12 10 13 13 13 14 16 17 15 13 13 14 13
7 27 12 28 8 29 10 22 25 15 11 10 35 11 10 25 7 39 10 26 11 29 17 14 12 13 18 13 26 28 8 11 12 24 8 26 10 25 11 7 18 16 29 19 12 20 0 23 9 10 29 7 22 10 15 13 23 8 27 23 4 11 2 11 7 6 6 4 7 6 10 11 8 8 10 12 8 9 9 4 4 3 5 7 13 13 9 10 10 12 12 11 10 9 8 7 9 10 11 10 11
22 24 16 25 23 26 23 6 21 23 18 16 19 23 19 14 22 23 21 22 25 26 6 22 22 28 7 16 22 25 17 27 14 18 23 22 23 13 23 22 16 13 26 8 29 9 23 0 25 20 26 22 17 24 14 21 19 17 20 17 23 23 24 19 26 25 21 22 20 20 22 23 20 19 20 19 20 20 19 22 24 25 24 22 21 20 19 18 15 13 15 15 16 17 18 19 17 16 15 16 16
8 27 18 28 5 29 3 24 24 21 8 11 37 18 7 27 9 41 16 25 4 29 19 20 4 15 20 14 25 28 10 15 12 27 15 26 17 27 4 7 23 15 29 21 6 22 9 25 0 17 29 9 24 2 19 20 23 10 26 26 10 2 8 15 10 8 11 9 7 8 5 3 6 6 15 15 13 14 14 9 6 7 7 8 19 19 16 17 16 16 14 13 12 11 9 8 9 10 11 10 11
9 28 10 29 17 30 18 19 25 11 18 16 33 9 18 23 10 37 7 26 18 30 15 11 19 16 15 13 26 29 14 15 15 22 9 27 8 23 19 15 14 13 30 16 18 17 10 20 17 0 30 16 19 18 12 10 24 14 27 23 13 18 12 11 13 12 11 14 16 15 19 18 18 17 10 14 11 9 12 13 12 12 11 9 9 9 5 8 9 11 13 14 14 15 16 16 18 17 17 17 16
31 2 26 1 26 0 27 24 5 33 22 20 37 33 23 16 31 41 30 6 29 1 20 31 27 38 20 23 6 1 22 37 17 30 33 7 33 17 28 25 28 19 0 22 33 22 29 26 29 30 0 26 27 28 26 31 8 22 16 29 26 27 27 26 35 33 27 26 24 23 25 27 24 23 27 26 26 26 25 25 30 29 31 31 30 30 29 28 24 23 22 22 20 21 22 23 21 20 19 20 20
13 24 14 25 4 26 6 21 21 21 8 7 33 18 7 23 12 37 17 22 9 26 16 20 9 19 17 10 22 25 5 18 9 23 15 23 17 23 9 3 20 12 26 18 14 19 7 22 9 16 26 0 21 8 15 19 20 5 23 22 5 8 7 11 14 12 7 5 4 3 7 7 6 5 11 11 9 10 9 5 9 8 10 13 19 19 16 16 14 12 9 8 7 6 5 4 6 8 8 8 9
21 25 15 26 21 27 22 17 23 23 17 15 30 22 18 20 21 34 20 24 24 27 12 21 21 27 13 15 24 26 16 26 12 23 22 24 22 19 22 20 20 12 27 12 28 15 22 17 24 19 27 21 0 23 17 20 22 16 25 22 21 22 22 18 25 24 21 21 19 18 20 22 19 18 19 18 19 19 18 20 23 24 23 21 20 20 18 17 14 12 15 15 15 16 17 18 16 15 14 15 15
9 26 17 27 5 28 2 23 23 22 8 10 36 19 7 26 10 40 17 24 4 28 18 21 3 16 19 12 24 27 9 16 11 26 16 25 18 26 2 6 23 14 28 20 7 21 10 24 2 18 28 8 23 0 18 21 22 9 25 25 10 1 9 15 11 9 11 10 6 7 3 2 5 5 15 15 13 14 13 9 7 8 8 9 20 20 17 18 17 15 13 12 11 10 8 7 8 9 10 9 10
13 24 8 25 16 26 17 13 22 15 14 12 26 15 14 15 15 30 12 23 21 26 8 13 18 21 9 10 23 25 10 21 11 12 15 23 15 15 19 15 7 10 26 11 23 11 15 14 19 12 26 15 17 18 0 13 21 10 20 13 16 17 16 11 17 16 14 15 13 13 16 17 14 13 12 12 12 12 11 15 16 17 15 13 12 12 11 9 7 5 8 8 8 9 11 12 12 12 11 10 9
13 29 11 30 20 31 21 21 26 6 19 17 34 8 20 24 13 38 6 27 21 31 16 8 22 15 16 14 27 30 15 16 16 22 9 28 9 24 22 18 13 14 31 17 21 18 13 21 20 10 31 19 20 21 13 0 25 15 28 23 16 22 15 15 17 16 15 17 18 19 22 22 20 19 14 17 15 13 16 17 16 16 15 13 4 3 7 8 10 12 14 15 15 16 17 17 20 18 18 18 17
26 6 20 7 21 8 22 19 3 28 17 15 32 27 18 11 26 36 25 4 24 8 14 26 21 32 15 18 4 7 17 31 13 25 27 4 27 11 23 20 23 14 8 17 28 17 23 19 23 24 8 20 22 22 21 25 0 17 11 24 21 21 22 20 29 27 21 20 18 18 20 21 19 18 21 21 21 21 20 20 24 24 25 26 25 25 23 22 19 17 16 16 15 16 17 18 16 14 14 15 14
13 20 9 21 7 22 8 17 17 17 7 6 28 17 6 18 13 32 14 18 11 22 12 16 9 19 13 5 18 21 0 18 6 18 15 19 16 18 9 5 15 9 22 14 15 15 8 17 10 14 22 5 16 9 10 15 17 0 19 17 6 9 7 6 14 12 5 5 3 4 7 8 5 4 6 6 5 5 4 5 9 8 10 13 15 15 13 11 9 7 4 3 2 1 2 2 5 5 5 4 4
29 14 23 15 24 16 25 18 12 31 20 18 32 30 21 11 29 36 28 13 27 16 14 28 24 35 14 21 13 15 19 34 15 24 30 13 30 11 25 23 22 17 16 16 31 16 27 20 26 27 16 23 25 25 20 28 11 19 0 23 24 24 25 24 33 31 24 24 21 21 23 24 22 21 24 24 24 24 23 23 27 27 28 29 28 28 26 25 22 20 19 19 18 19 20 21 19 17 17 18 17
24 27 19 28 23 29 24 16 25 23 22 20 26 26 21 17 22 30 24 26 28 29 11 20 25 29 12 16 26 28 17 28 18 13 23 26 22 18 25 22 13 17 29 14 30 14 23 17 26 23 29 22 22 25 13 23 24 17 23 0 23 26 24 21 27 27 22 22 20 21 24 25 22 21 22 22 21 22 21 22 26 25 27 24 23 23 22 21 18 16 17 17 17 18 19 19 22 21 20 20 19
9 25 14 25 6 26 8 22 22 18 9 8 34 15 8 24 10 38 14 23 10 27 17 17 10 16 18 11 23 25 6 15 9 24 12 24 14 24 10 5 21 13 26 18 14 20 4 23 10 13 26 5 21 10 16 16 21 6 24 23 0 10 4 9 10 8 4 2 4 4 8 9 6 6 8 10 6 7 7 2 5 4 6 9 16 16 12 13 12 13 10 9 8 7 6 5 7 8 8 8 9
9 25 17 26 5 27 2 22 22 22 7 9 35 19 6 25 10 39 17 23 4 27 17 21 2 17 18 13 23 26 9 17 10 26 16 24 18 25 2 6 23 13 27 19 7 20 11 23 2 18 27 8 22 1 17 22 21 9 24 26 10 0 9 15 11 9 11 9 6 7 3 2 5 5 15 15 13 14 13 9 7 8 8 9 20 20 17 18 17 15 13 12 11 10 8 7 7 9 9 9 10
7 26 13 26 7 27 9 23 23 16 10 9 35 13 9 25 7 39 11 24 10 28 18 15 11 13 19 12 24 26 7 13 10 25 10 25 12 25 10 6 18 14 27 19 11 21 2 24 8 12 27 7 22 9 16 15 22 7 25 24 4 9 0 9 8 6 5 2 5 4 9 9 7 6 8 11 6 7 8 2 3 2 4 7 14 14 11 11 11 13 11 10 9 8 6 5 7 9 9 9 10
10 24 9 25 12 26 13 18 22 15 13 11 32 14 12 21 10 36 12 23 14 26 14 15 15 17 14 8 23 25 6 16 11 20 12 23 13 22 15 10 15 11 26 15 18 16 11 19 15 11 26 11 18 15 11 15 20 6 24 21 9 15 9 0 13 13 5 7 9 9 13 14 11 10 1 3 3 2 2 8 12 11 12 10 14 14 10 11 10 8 6 6 7 7 8 8 11 11 10 10 9
4 33 14 34 14 35 11 25 31 17 17 16 38 14 16 28 5 42 12 32 12 35 20 16 13 12 21 18 32 34 14 12 18 28 11 32 13 28 12 13 19 19 35 22 13 23 7 26 10 13 35 14 25 11 17 17 29 14 33 27 10 11 8 13 0 2 13 10 13 12 14 12 15 14 12 16 13 11 14 10 6 7 6 4 15 15 12 13 12 15 16 17 16 15 14 13 15 16 17 17 17
3 31 14 32 12 33 9 24 29 16 15 14 37 13 14 27 5 41 11 30 10 33 19 16 11 11 20 17 30 32 12 11 16 27 10 30 12 27 10 11 18 18 33 21 11 22 6 25 8 12 33 12 24 9 16 16 27 12 31 27 8 9 6 13 2 0 11 8 11 10 12 10 13 12 12 15 12 11 13 8 4 5 5 3 15 15 12 12 12 14 15 15 14 13 12 11 13 14 15 15 15
9 25 11 26 8 27 9 21 22 14 10 10 33 13 9 23 9 37 11 23 9 27 16 14 12 16 17 9 23 26 5 15 11 22 12 24 13 23 12 6 17 13 27 18 16 19 6 21 11 11 27 7 21 11 14 15 21 5 24 22 4 11 5 5 13 11 0 4 7 6 10 9 9 8 5 6 2 4 3 4 8 7 9 9 13 13 10 10 9 10 7 7 7 6 7 7 9 10 10 9 9
9 24 12 25 5 26 8 21 22 17 8 7 33 15 7 23 9 37 13 23 10 26 17 17 10 15 17 10 23 25 5 15 9 23 12 23 14 23 10 4 20 13 26 18 13 19 4 22 9 14 26 5 21 10 15 17 20 5 24 22 2 9 2 7 10 8 4 0 6 5 9 9 7 7 6 9 4 5 6 3 5 4 6 9 14 14 11 11 10 12 9 8 7 6 7 6 8 8 8 9 9
11 22 12 23 4 24 5 19 19 19 5 5 31 17 4 21 12 35 16 20 9 24 14 19 6 18 15 8 20 23 3 18 7 21 14 21 17 21 6 3 18 10 24 16 13 17 7 20 7 16 24 4 19 6 13 18 18 3 21 20 4 6 5 9 13 11 7 6 0 1 5 6 3 2 9 9 8 8 7 3 8 7 9 11 17 17 14 13 12 10 7 6 5 4 2 1 3 4 5 4 5
10 22 12 22 3 23 6 19 19 19 6 5 32 17 5 22 11 36 15 20 9 24 14 19 7 17 15 8 20 22 4 17 6 21 13 21 16 22 7 2 18 10 23 15 13 17 6 20 8 15 23 3 18 7 13 19 18 4 21 21 4 7 4 9 12 10 6 5 1 0 6 6 4 3 8 9 7 7 8 2 7 6 8 10 16 16 13 13 12 10 7 7 5 5 3 2 4 5 6 5 6
10 24 15 24 4 25 3 21 21 23 5 7 34 20 4 23 12 38 18 22 6 26 16 22 3 18 17 11 22 24 7 18 8 24 17 23 19 24 4 5 21 12 25 17 10 19 10 22 5 19 25 7 20 3 16 22 20 7 23 24 8 3 9 13 14 12 10 9 5 6 0 2 2 3 12 13 11 11 11 7 9 9 9 10 21 21 17 17 15 13 10 10 9 8 6 5 5 7 7 7 8
9 25 16 26 4 27 1 22 22 22 6 9 35 19 5 25 11 39 17 23 5 27 17 22 3 17 18 12 23 26 8 17 10 25 16 24 18 25 3 5 22 13 27 19 8 20 11 23 3 18 27 7 22 2 17 22 21 8 24 25 9 2 9 14 12 10 9 9 6 6 2 0 4 4 14 14 11 13 12 8 7 8 7 9 20 20 17 18 16 14 12 11 10 9 7 6 7 8 8 8 9
11 22 13 23 3 24 4 20 20 21 4 5 33 19 3 22 13 37 18 21 7 24 15 20 5 19 16 9 21 23 5 19 7 22 16 21 18 22 5 4 19 11 24 16 11 18 8 20 6 18 24 6 19 5 14 20 19 5 22 22 6 5 7 11 15 13 9 7 3 4 2 4 0 1 11 11 10 10 9 5 10 9 10 11 19 19 16 15 13 11 9 8 7 6 4 3 4 5 6 5 6
12 22 12 22 4 23 4 19 19 20 4 5 32 19 3 21 13 36 17 20 8 24 14 19 5 19 15 8 20 22 4 19 6 21 15 21 18 21 6 4 18 10 23 15 12 17 8 19 6 17 23 5 18 5 13 19 18 4 21 21 6 5 6 10 14 12 8 7 2 3 3 4 1 0 10 10 9 9 8 4 9 8 10 12 18 18 15 14 13 11 8 7 6 5 3 2 3 5 5 5 6
9 25 10 26 11 27 13 19 22 14 13 12 32 13 12 22 9 36 11 23 13 27 14 14 15 16 15 8 23 26 6 15 12 21 11 24 12 22 15 10 16 12 27 16 17 17 10 20 15 10 27 11 19 15 12 14 21 6 24 22 8 15 8 1 12 12 5 6 9 8 12 14 11 10 0 4 4 1 3 7 11 10 11 9 13 13 9 10 9 9 7 6 8 7 8 8 11 11 11 10 9
12 25 9 26 12 26 14 19 22 17 13 12 32 17 12 22 13 36 15 23 14 27 14 16 15 19 15 8 23 25 6 19 12 21 15 24 16 22 15 11 15 11 26 16 21 17 12 19 15 14 26 11 18 15 12 17 21 6 24 22 10 15 11 3 16 15 6 9 9 9 13 14 11 10 4 0 5 5 4 10 14 13 14 12 16 16 12 13 10 8 6 6 7 7 8 8 11 11 11 10 9
10 24 10 25 9 26 11 19 22 15 12 11 32 14 11 22 10 36 12 23 11 26 15 15 14 17 15 8 23 25 5 16 11 21 12 23 13 22 14 8 16 12 26 16 17 17 8 20 13 11 26 9 19 13 12 15 21 5 24 21 6 13 6 3 13 12 2 4 8 7 11 11 10 9 4 5 0 3 2 6 9 8 10 10 14 14 11 11 10 9 6 6 7 6 7 7 10 10 10 9 9
8 24 10 25 10 26 12 20 22 13 12 11 32 12 11 22 8 36 10 23 12 26 15 13 14 15 16 8 23 25 5 14 11 21 10 23 11 22 14 9 15 12 26 16 16 18 9 20 14 9 26 10 19 14 12 13 21 5 24 22 7 14 7 2 11 11 4 5 8 7 11 13 10 9 1 5 3 0 4 6 10 9 10 8 12 12 8 9 8 10 8 7 7 6 7 7 10 10 10 9 9
10 24 9 24 11 25 12 19 21 16 11 10 32 15 10 21 11 36 13 22 12 26 14 16 13 18 15 7 22 24 4 17 10 20 13 23 14 21 13 9 15 11 25 15 19 17 9 19 14 12 25 9 18 13 11 16 20 4 23 21 7 13 8 2 14 13 3 6 7 8 11 12 9 8 3 4 2 4 0 6 10 9 11 10 13 13 10 10 10 8 5 5 6 5 6 6 9 9 9 8 8
9 24 13 24 5 25 7 21 21 17 8 7 33 15 7 23 9 37 13 22 9 26 16 17 9 15 17 10 22 24 5 15 8 23 11 23 14 23 9 4 20 12 25 17 13 19 4 22 9 13 25 5 20 9 15 17 20 5 23 22 2 9 2 8 10 8 4 3 3 2 7 8 5 4 7 10 6 6 6 0 5 4 6 9 14 14 11 11 11 12 9 8 7 6 5 4 6 7 8 7 8
4 28 13 29 10 30 7 24 25 15 12 11 37 12 11 27 5 41 11 26 8 30 19 15 9 12 20 14 26 29 9 12 13 26 9 27 12 27 9 8 18 16 30 20 9 22 4 24 6 12 30 9 23 7 16 16 24 9 27 26 5 7 3 12 6 4 8 5 8 7 9 7 10 9 11 14 9 10 10 5 0 1 1 4 14 14 11 11 11 14 13 12 11 10 8 7 9 10 11 11 11
5 28 14 28 9 29 8 24 25 16 11 11 36 13 10 26 6 40 11 26 9 30 20 16 10 12 20 13 26 28 8 12 12 26 10 27 12 26 9 7 19 16 29 21 10 22 3 25 7 12 29 8 24 8 17 16 24 8 27 25 4 8 2 11 7 5 7 4 7 6 9 8 9 8 10 13 8 9 9 4 1 0 2 5 15 15 11 12 12 14 12 11 10 9 7 6 8 10 10 10 11
3 29 13 30 10 31 7 23 26 15 13 12 36 12 12 26 5 40 10 27 8 31 18 15 9 11 19 15 27 30 10 11 14 26 9 28 11 26 9 9 17 17 31 20 9 21 5 24 7 11 31 10 23 8 15 15 25 10 28 27 6 8 4 12 6 5 9 6 9 8 9 7 10 10 11 14 10 10 11 6 1 2 0 3 14 14 11 11 11 13 14 13 12 11 9 8 10 11 12 12 12
0 30 11 31 11 31 9 21 27 13 14 15 34 10 13 24 2 38 8 28 9 32 16 13 10 8 17 14 28 30 13 8 16 24 7 29 9 24 10 12 15 15 31 18 10 19 7 22 8 9 31 13 21 9 13 13 26 13 29 24 9 9 7 10 4 3 9 9 11 10 10 9 11 12 9 12 10 8 10 9 4 5 3 0 12 12 9 9 9 11 12 13 14 13 12 11 12 14 14 14 15
12 29 10 29 19 30 20 20 26 7 19 17 33 8 19 23 12 37 7 27 21 31 15 8 22 15 16 13 27 29 15 17 16 22 10 28 9 23 22 18 13 14 30 17 20 18 13 21 19 9 30 19 20 20 12 4 25 15 28 23 16 20 14 14 15 15 13 14 17 16 21 20 19 18 13 16 14 12 13 14 14 15 14 12 0 4 8 9 11 13 14 15 16 16 17 17 20 18 18 19 18
12 29 10 29 19 30 20 20 26 8 18 16 33 7 19 23 12 37 5 27 21 31 15 9 22 13 16 13 27 29 15 15 16 23 8 28 8 23 22 18 14 14 30 17 20 18 13 20 19 9 30 19 20 20 12 3 25 15 28 23 16 20 14 14 15 15 13 14 17 16 21 20 19 18 13 16 14 12 13 14 14 15 14 12 4 0 5 5 8 10 11 12 13 14 15 16 17 16 15 15 14
9 27 8 28 16 29 17 19 24 8 17 15 32 6 18 22 9 36 4 25 17 29 14 8 18 12 15 12 25 28 13 13 14 21 5 26 5 22 18 14 13 12 29 15 17 17 9 19 16 5 29 16 18 17 11 7 23 13 26 22 12 17 11 10 12 12 10 11 14 13 17 17 16 15 9 12 11 8 10 11 11 11 11 9 8 5 0 5 6 9 10 11 11 12 14 15 16 14 14 14 13
9 26 6 27 16 28 18 17 23 9 14 12 30 8 15 20 9 34 6 24 18 28 12 8 19 15 13 10 24 27 11 15 13 20 8 25 8 20 19 15 11 11 28 14 17 15 10 18 17 8 28 16 17 18 9 8 22 11 25 21 13 18 11 11 13 12 10 11 13 13 17 18 15 14 10 13 11 9 10 11 11 12 11 9 9 5 5 0 4 6 7 8 9 10 11 12 13 11 11 11 10
9 23 2 24 15 24 16 14 20 10 13 11 27 10 13 17 9 31 8 21 18 25 9 9 17 16 10 7 21 23 9 15 10 17 9 22 9 17 17 14 10 8 24 11 17 12 10 15 16 9 24 14 14 17 7 10 19 9 22 18 12 17 11 10 12 12 9 10 12 12 15 16 13 13 9 10 10 8 10 11 11 12 11 9 11 8 6 4 0 3 6 7 8 9 10 11 12 10 10 10 9
11 21 3 22 13 23 14 12 18 12 10 8 25 12 11 15 11 29 10 19 17 23 7 12 15 18 8 6 19 22 7 17 8 15 12 20 11 15 15 12 11 6 23 9 19 10 12 13 16 11 23 12 12 15 5 12 17 7 20 16 13 15 13 8 15 14 10 12 10 10 13 14 11 11 9 8 9 10 8 12 14 14 13 11 13 10 9 6 3 0 3 4 5 6 8 9 9 8 7 8 7
12 20 5 21 10 22 12 15 17 13 9 7 28 13 9 17 12 32 11 18 14 22 10 13 12 19 11 3 18 21 4 18 7 16 13 19 13 17 12 9 12 8 22 12 19 13 12 15 14 13 22 9 15 13 8 14 16 4 19 17 10 13 11 6 16 15 7 9 7 7 10 12 9 8 7 6 6 8 5 9 13 12 14 12 14 11 10 7 6 3 0 1 2 3 5 6 7 7 6 5 4
13 20 6 21 10 22 11 15 17 14 9 7 28 14 9 17 13 32 12 18 14 22 10 14 12 20 11 3 18 21 3 19 7 16 14 19 14 17 12 8 13 8 22 12 18 13 11 15 13 14 22 8 15 12 8 15 16 3 19 17 9 12 10 6 17 15 7 8 6 7 10 11 8 7 6 6 6 7 5 8 12 11 13 13 15 12 11 8 7 4 1 0 2 3 4 5 7 7 6 5 4
14 19 7 19 8 20 10 15 16 15 7 5 28 15 7 17 14 32 13 17 13 21 10 15 11 21 11 3 17 19 2 20 5 16 14 18 14 18 11 7 13 7 20 12 17 13 10 16 12 14 20 7 15 11 8 15 15 2 18 17 8 11 9 7 16 14 7 7 5 5 9 10 7 6 8 7 7 7 6 7 11 10 12 14 16 13 11 9 8 5 2 2 0 1 3 4 5 5 4 3 2
13 19 8 20 7 21 9 16 17 16 7 5 29 16 6 18 14 33 14 18 12 21 11 15 10 20 12 4 18 20 1 19 5 17 15 18 15 19 10 6 14 8 21 13 16 14 9 17 11 15 21 6 16 10 9 16 16 1 19 18 7 10 8 7 15 13 6 6 4 5 8 9 6 5 7 7 6 6 5 6 10 9 11 13 16 14 12 10 9 6 3 3 1 0 2 3 4 5 4 3 3
12 21 10 21 6 22 7 18 18 17 6 5 30 18 5 20 13 34 16 19 11 23 13 17 8 19 14 6 19 21 2 19 5 19 16 20 17 20 8 4 16 9 22 14 15 16 8 18 9 16 22 5 17 8 11 17 17 2 20 19 6 8 6 8 14 12 7 7 2 3 6 7 4 3 8 8 7 7 6 5 8 7 9 12 17 15 14 11 10 8 5 4 3 2 0 1 4 5 4 4 4
11 22 11 22 5 23 6 19 19 18 5 5 30 18 4 20 12 34 16 20 10 24 14 18 7 18 15 7 20 22 2 18 6 20 15 21 17 20 7 3 17 10 23 15 14 17 7 19 8 16 23 4 18 7 12 17 18 2 21 19 5 7 5 8 13 11 7 6 1 2 5 6 3 2 8 8 7 7 6 4 7 6 8 11 17 16 15 12 11 9 6 5 4 3 1 0 3 4 4 4 5
12 20 12 20 6 21 7 17 17 19 3 3 30 19 2 19 14 34 17 18 10 22 12 19 7 20 13 8 18 20 5 20 4 21 17 19 19 19 7 5 18 8 21 13 14 15 9 17 9 18 21 6 16 8 12 20 16 5 19 22 7 7 7 11 15 13 9 8 3 4 5 7 4 3 11 11 10 10 9 6 9 8 10 12 20 17 16 13 12 9 7 7 5 4 4 3 0 2 2 3 4
14 18 10 19 8 20 8 15 15 18 3 1 28 18 4 18 15 32 16 16 12 20 10 17 9 22 11 8 16 19 5 21 3 20 17 17 17 18 9 7 16 6 20 12 15 13 10 16 10 17 20 8 15 9 12 18 14 5 17 21 8 9 9 11 16 14 10 8 4 5 7 8 5 5 11 11 10 10 9 7 10 10 11 14 18 16 14 11 10 8 7 7 5 5 5 4 2 0 1 2 3
14 18 10 18 8 19 9 15 15 17 3 1 28 17 4 17 16 32 15 16 12 20 10 17 9 22 11 7 16 18 5 21 2 20 17 17 17 17 9 7 16 6 19 11 16 13 11 15 11 17 19 8 14 10 11 18 14 5 17 20 8 9 9 10 17 15 10 8 5 6 7 8 6 5 11 11 10 10 9 8 11 10 12 14 18 15 14 11 10 7 6 6 4 4 4 4 2 1 0 1 2
14 18 10 19 8 20 8 16 16 17 4 2 29 17 5 18 16 33 15 17 12 20 11 17 9 22 12 6 17 19 4 21 3 19 17 17 17 18 9 7 16 7 20 12 16 14 10 16 10 17 20 8 15 9 10 18 15 4 18 20 8 9 9 10 17 15 9 9 4 5 7 8 5 5 10 10 9 9 8 7 11 10 12 14 19 15 14 11 10 8 5 5 3 3 4 4 3 2 1 0 1
15 18 9 19 9 20 9 15 16 16 5 3 28 16 6 18 16 32 14 17 13 20 10 16 10 22 11 5 17 19 4 22 3 18 16 17 16 18 10 8 15 6 20 12 16 13 11 16 11 16 20 9 15 10 9 17 14 4 17 19 9 10 10 9 17 15 9 9 5 6 8 9 6 6 9 9 9 9 8 8 11 11 12 15 18 14 13 10 9 7 4 4 2 3 4 5 4 3 2 1 0