0 5 15 6 31 11 9 25 6 8 29 26 15 7 26 3 17 13 7 21 9 6 14 28 11 14 11 12 8 7 13 15 31 12 14 10 34 26 11 14 5 14 8 12 12 9 17 7 29 13 29 10 29 11 10 13 10 17 11 21 25 9 7 10 4 3 9 9 11 10 10 9 11 12 9 12 10 8 10 9 4 5 3 0 12 12 8 9 9 11 12 13 14 13 12 11 12 14 14 14 15
5 0 20 10 32 16 6 30 6 6 29 26 17 12 27 2 22 18 4 26 6 4 19 29 16 19 8 17 5 5 18 20 31 10 18 15 35 27 14 19 2 19 6 9 17 7 22 4 29 15 29 7 29 8 15 18 7 21 8 26 30 6 5 14 7 5 10 7 10 9 8 7 10 10 13 16 11 12 13 7 3 4 4 5 16 16 13 14 13 16 16 15 14 13 11 10 12 13 14 14 14
15 20 0 21 29 17 21 18 18 23 26 23 9 12 24 18 12 17 22 16 20 21 17 26 15 4 21 5 21 22 5 0 28 16 12 6 32 24 8 4 20 4 21 26 3 21 12 22 26 8 26 19 26 21 16 5 23 12 18 20 18 20 18 14 19 18 16 18 15 16 18 20 16 16 15 15 15 15 14 18 17 18 17 15 14 14 12 11 9 8 10 10 11 12 13 14 15 15 14 13 12
6 10 21 0 34 9 13 28 12 11 32 29 17 11 30 8 20 18 12 24 13 11 19 32 13 20 15 18 12 12 19 21 34 16 18 16 37 30 14 20 11 20 12 15 18 14 20 12 32 15 32 14 32 15 9 18 12 20 15 24 28 14 11 14 10 9 13 13 16 15 16 14 17 16 13 17 14 12 15 13 9 10 9 6 15 13 12 13 13 15 17 18 18 19 17 16 18 19 20 20 20
31 32 29 34 0 33 28 17 33 31 3 8 27 28 8 32 20 34 30 24 27 32 33 6 31 28 27 27 28 30 27 29 2 23 32 25 9 12 25 28 31 28 31 32 27 29 20 32 3 25 3 27 3 26 33 27 29 31 25 28 17 27 28 26 35 33 27 26 24 24 26 27 24 23 27 26 26 26 25 26 30 29 31 31 30 30 29 27 24 22 22 21 20 21 22 23 21 20 19 20 20
11 16 17 9 33 0 20 27 13 19 31 28 14 6 28 14 19 10 18 23 20 17 11 30 6 16 22 14 19 18 15 17 33 19 14 13 36 28 10 16 16 16 16 23 14 16 19 18 31 12 31 21 31 22 3 15 20 17 21 23 27 19 13 14 14 14 14 15 18 17 21 20 20 19 13 17 14 12 15 15 13 14 13 11 8 6 6 9 10 13 14 15 15 16 18 18 20 18 18 18 17
9 6 21 13 28 20 0 26 10 5 25 22 20 16 23 6 19 22 5 23 1 7 23 25 20 20 3 19 2 5 20 21 27 5 22 18 31 23 18 20 5 20 9 6 19 7 19 6 25 18 25 3 25 3 19 20 3 25 4 23 27 1 9 15 11 9 11 10 6 7 3 2 5 5 15 15 13 14 14 9 7 8 8 9 20 20 17 18 17 15 13 12 11 10 8 7 7 9 9 9 10
25 30 18 28 17 27 26 0 27 29 14 12 21 22 12 28 9 27 29 13 26 31 27 14 25 17 26 17 27 29 17 18 16 22 22 19 20 12 19 17 30 17 29 30 16 27 9 31 14 19 14 25 14 24 26 18 28 21 24 20 6 25 26 22 29 28 24 25 22 22 24 25 23 22 23 23 23 23 22 24 27 28 27 25 24 24 22 21 18 16 18 18 18 19 21 22 20 18 18 19 18
6 6 18 12 33 13 10 27 0 11 30 27 14 10 28 4 19 17 8 23 10 7 17 30 13 17 12 15 9 8 16 18 32 11 16 14 36 28 12 17 6 17 7 13 15 8 19 8 30 12 30 11 30 12 13 16 11 18 12 23 27 10 5 12 5 5 10 7 10 9 12 10 12 11 11 14 11 10 13 7 4 4 3 6 14 14 10 11 11 13 14 15 14 13 11 10 12 14 14 14 15
8 6 23 11 31 19 5 29 11 0 28 25 19 15 26 7 22 21 7 26 5 8 22 28 18 22 7 20 5 6 21 23 30 9 21 18 34 26 17 22 7 22 10 6 20 9 22 7 28 17 28 7 28 7 18 21 3 23 8 26 30 5 10 17 12 10 14 12 10 11 7 6 9 9 16 18 16 15 17 12 8 9 8 8 19 19 16 16 16 18 17 16 15 14 12 11 11 13 13 13 14
29 29 26 32 3 31 25 14 30 28 0 5 25 26 6 29 18 31 28 22 25 30 31 3 29 25 25 24 26 28 25 26 3 21 30 23 7 9 23 25 28 25 28 29 24 26 18 30 0 23 0 24 1 24 30 24 27 29 23 26 15 24 25 23 32 30 24 23 21 21 23 24 21 21 24 24 23 23 23 23 27 27 28 29 28 28 26 25 22 20 19 19 18 18 20 21 19 17 17 17 17
26 26 23 29 8 28 22 12 27 25 5 0 22 23 1 26 16 28 25 19 22 27 28 3 26 23 22 21 23 25 22 23 7 18 27 20 11 7 20 23 26 23 25 26 21 23 16 27 5 20 5 22 5 21 27 22 24 26 20 23 12 21 22 21 30 28 21 21 18 18 20 21 19 18 21 21 21 21 20 20 24 24 25 26 25 25 23 22 19 17 16 16 15 16 17 18 16 14 14 15 15
15 17 9 17 27 14 20 21 14 19 25 22 0 8 23 15 13 14 19 17 19 18 14 25 11 8 20 7 20 19 7 9 27 15 9 6 30 23 4 8 17 8 17 23 6 17 13 19 25 5 25 19 25 20 13 7 21 10 17 17 21 20 17 13 18 18 15 16 16 16 18 19 16 15 14 13 14 13 13 17 17 18 17 15 11 10 9 8 6 7 9 10 11 12 14 15 16 14 14 14 13
7 12 12 11 28 6 16 22 10 15 26 23 8 0 23 10 14 8 14 18 16 13 8 25 4 11 18 9 15 14 10 12 27 15 8 7 31 23 5 11 12 11 13 19 9 13 14 14 26 6 26 16 25 18 5 10 16 12 17 18 22 16 10 10 11 10 9 12 15 14 17 16 16 15 9 12 10 8 11 12 10 11 9 7 5 5 1 3 5 7 8 9 10 11 13 14 14 13 12 13 12
26 27 24 30 8 28 23 12 28 26 6 1 23 23 0 27 16 29 26 20 22 27 29 3 27 23 23 22 23 26 23 24 7 18 27 21 11 8 20 23 26 23 26 27 22 24 16 27 6 21 6 22 6 22 28 22 24 27 20 24 13 22 23 21 30 28 22 21 19 19 21 22 19 18 22 22 21 21 20 21 25 24 26 26 25 25 24 23 19 18 17 17 15 16 18 18 16 15 14 15 15
3 2 18 8 32 14 6 28 4 7 29 26 15 10 27 0 20 16 4 24 7 4 17 29 14 17 8 15 6 4 16 18 31 10 17 13 35 27 13 17 3 17 5 10 15 7 20 5 29 13 29 7 29 9 13 16 7 19 9 24 28 6 4 13 6 4 8 6 9 8 9 7 10 10 12 14 10 11 11 6 2 3 2 3 15 15 11 12 12 14 15 14 13 12 10 9 11 12 13 13 13
17 22 12 20 20 19 19 9 19 22 18 16 13 14 16 20 0 20 22 4 18 23 19 18 17 11 18 11 20 22 11 12 19 15 16 11 23 16 11 11 22 11 22 23 10 20 0 24 18 11 18 19 17 17 19 12 21 15 17 13 10 18 19 14 21 20 17 17 15 15 17 18 16 15 15 15 15 16 15 17 20 20 19 17 16 16 15 13 10 8 11 11 11 12 14 15 13 11 11 12 11
13 18 17 18 34 10 22 27 17 21 31 28 14 8 29 16 20 0 20 24 22 19 1 31 7 16 24 14 21 20 15 17 33 20 7 13 37 29 11 16 18 16 19 25 14 19 20 20 31 12 31 23 31 24 10 14 23 9 22 24 28 22 16 16 17 16 15 18 20 20 23 22 21 20 15 17 16 14 17 18 16 17 16 13 6 7 9 9 10 13 14 15 15 16 18 19 20 18 18 18 17
7 4 22 12 30 18 5 29 8 7 28 25 19 14 26 4 22 20 0 26 5 4 21 27 18 21 7 19 4 1 20 22 30 8 20 17 33 25 16 21 2 21 6 8 19 4 22 5 28 17 28 6 28 7 17 20 5 23 7 26 29 5 7 12 9 7 8 7 9 9 8 6 8 8 12 13 10 11 11 7 5 6 6 7 18 18 15 16 16 16 13 13 12 11 11 10 10 12 12 12 13
21 26 16 24 24 23 23 13 23 26 22 19 17 18 20 24 4 24 26 0 22 27 23 22 21 15 22 15 24 26 15 16 23 19 20 15 27 19 15 15 26 15 26 27 14 24 4 28 22 15 22 23 21 21 23 16 25 19 21 17 14 22 23 18 25 24 21 21 19 19 21 22 20 19 19 19 19 20 19 21 24 24 23 21 20 20 19 17 14 12 15 15 15 16 18 19 17 15 15 16 15
9 6 20 13 27 20 1 26 10 5 25 22 19 16 22 7 18 22 5 22 0 7 23 24 20 19 2 18 2 5 19 20 26 4 23 17 30 22 17 19 6 19 9 6 18 8 18 7 25 17 25 4 24 2 19 19 4 24 3 22 26 1 9 14 11 9 11 9 5 6 3 2 4 4 14 14 13 13 13 8 8 8 8 9 21 21 17 18 16 14 12 11 10 9 7 6 6 8 8 8 9
6 4 21 11 32 17 7 31 7 8 30 27 18 13 27 4 23 19 4 27 7 0 20 29 17 20 9 18 6 3 19 21 32 10 20 16 35 27 16 20 4 20 2 11 18 5 23 6 30 16 30 7 30 9 16 19 7 22 9 27 31 8 5 14 9 7 10 7 10 9 9 8 9 10 13 14 11 12 13 7 5 5 5 6 18 18 14 15 15 17 15 14 14 13 11 10 12 13 14 14 14
14 19 17 19 33 11 23 27 17 22 31 28 14 8 29 17 19 1 21 23 23 20 0 30 8 17 25 14 22 21 15 17 33 21 7 13 36 29 11 17 19 17 20 26 15 20 19 21 31 12 31 23 31 25 11 15 24 10 23 23 27 23 17 16 18 17 15 18 20 20 24 23 22 21 15 18 16 14 17 18 16 17 16 14 7 8 9 10 11 13 14 15 16 17 18 19 20 19 18 18 17
28 29 26 32 6 30 25 14 30 28 3 3 25 25 3 29 18 31 27 22 24 29 30 0 28 25 24 24 25 27 25 26 6 20 29 22 9 9 22 25 28 25 28 29 24 26 18 29 3 22 3 24 3 23 30 24 26 29 22 25 14 24 25 23 32 30 24 23 21 21 23 24 21 20 24 23 23 23 22 23 27 26 28 28 27 27 26 24 21 19 19 18 17 18 20 20 18 17 16 17 17
11 16 15 13 31 6 20 25 13 18 29 26 11 4 27 14 17 7 18 21 20 17 8 28 0 14 22 12 19 18 13 15 31 18 11 11 34 27 8 14 16 14 16 22 12 17 17 18 29 9 29 19 29 22 7 13 20 14 20 21 25 20 14 13 15 14 12 15 18 17 21 20 19 18 12 16 13 11 14 15 13 14 13 11 4 2 5 7 9 11 12 13 14 15 17 18 18 17 16 17 16
14 19 4 20 28 16 20 17 17 22 25 23 8 11 23 17 11 16 21 15 19 20 17 25 14 0 21 4 20 21 5 4 27 15 11 5 31 23 7 0 19 0 20 25 2 20 11 21 25 7 25 19 25 21 16 5 22 12 17 19 18 20 17 14 18 17 15 17 15 15 18 19 16 15 14 14 14 14 14 17 16 17 16 14 13 13 11 10 8 7 10 10 10 11 13 14 15 14 14 13 12
11 8 21 15 27 22 3 26 12 7 25 22 20 18 23 8 18 24 7 22 2 9 25 24 22 21 0 20 4 7 20 21 26 6 24 18 30 22 18 21 7 21 11 8 20 9 18 9 25 18 25 6 24 3 21 20 5 26 5 22 26 3 11 16 13 11 12 10 7 8 4 3 5 6 16 16 14 15 15 10 9 10 10 11 22 22 19 20 17 15 13 13 11 10 9 8 8 9 10 9 10
12 17 5 18 27 14 19 17 15 20 24 21 7 9 22 15 11 14 19 15 18 18 14 24 12 4 20 0 19 19 1 5 26 14 11 2 30 22 5 4 17 4 18 24 3 18 11 19 24 5 24 18 24 19 13 3 21 10 16 17 18 19 15 12 16 15 14 16 14 15 17 18 15 14 13 12 13 12 12 16 14 15 14 12 11 11 9 8 6 7 8 9 10 10 12 13 14 13 12 12 11
8 5 21 12 28 19 2 27 9 5 26 23 20 15 23 6 20 21 4 24 2 6 22 25 19 20 4 19 0 4 20 21 28 5 22 18 31 23 18 20 5 20 8 6 19 7 20 6 26 18 26 3 26 4 18 20 4 24 4 24 27 2 8 14 10 8 10 9 6 7 4 2 5 5 14 15 12 13 13 8 7 7 7 8 20 20 16 17 17 15 13 12 11 10 8 7 8 9 9 9 10
7 5 22 12 30 18 5 29 8 6 28 25 19 14 26 4 22 20 1 26 5 3 21 27 18 21 7 19 4 0 20 22 30 8 21 17 33 26 16 21 3 21 5 9 19 3 22 6 28 17 28 5 28 7 17 20 6 23 7 26 29 5 6 12 9 7 8 6 9 8 7 6 7 8 12 12 10 11 11 6 6 6 6 7 19 19 15 16 16 15 13 12 12 11 10 9 10 11 12 11 12
13 18 5 19 27 15 20 17 16 21 25 22 7 10 23 16 11 15 20 15 19 19 15 25 13 5 20 1 20 20 0 5 27 15 10 3 30 23 6 5 18 5 18 25 3 18 11 20 25 6 25 19 25 20 14 2 22 11 17 17 18 20 15 13 17 16 14 17 15 15 18 19 16 15 13 13 14 13 13 17 15 16 15 13 12 12 10 9 7 8 9 10 10 11 13 14 15 13 13 13 12
15 20 0 21 29 17 21 18 18 23 26 23 9 12 24 18 12 17 22 16 20 21 17 26 15 4 21 5 21 22 5 0 28 16 12 6 32 24 8 4 20 4 21 26 3 21 12 22 26 8 26 19 26 21 16 5 23 12 18 20 18 20 18 14 19 18 16 18 15 16 18 20 16 16 15 15 15 15 14 18 17 18 17 15 14 14 12 11 9 8 10 10 11 12 13 14 15 15 14 13 12
31 31 28 34 2 33 27 16 32 30 3 7 27 27 7 31 19 33 30 23 26 32 33 6 31 27 26 26 28 30 27 28 0 23 32 25 8 11 25 27 30 27 30 31 26 28 19 32 3 25 3 26 3 25 32 26 28 31 25 27 16 26 27 25 34 32 26 25 23 23 25 26 23 23 26 26 25 25 25 25 29 29 30 31 30 30 28 27 24 22 21 21 20 20 22 23 21 19 19 19 19
12 10 16 16 23 19 5 22 11 9 21 18 15 15 18 10 15 20 8 19 4 10 21 20 18 15 6 14 5 8 15 16 23 0 20 13 26 18 13 15 9 15 9 10 14 7 15 10 21 13 21 4 21 6 18 15 7 21 2 19 22 5 6 10 14 12 7 5 1 2 3 4 1 0 10 10 9 9 9 4 9 8 10 12 18 18 15 14 12 10 8 7 6 5 3 2 3 4 4 4 5
14 18 12 18 32 14 22 22 16 21 30 27 9 8 27 17 16 7 20 20 23 20 7 29 11 11 24 11 22 21 10 12 32 20 0 11 35 27 10 11 18 11 19 25 9 19 16 21 30 10 30 22 30 25 13 10 22 6 22 22 22 23 17 16 18 17 15 18 20 20 23 23 21 20 15 18 16 14 17 18 16 17 16 14 9 10 9 10 11 13 14 15 16 17 18 19 20 19 18 18 17
10 15 6 16 25 13 18 19 14 18 23 20 6 7 21 13 11 13 17 15 17 16 13 22 11 5 18 2 18 17 3 6 25 13 11 0 28 20 4 5 15 5 16 22 3 16 11 17 23 4 23 17 23 18 12 4 20 12 15 15 19 18 13 10 14 13 12 15 13 14 16 17 14 13 11 11 11 11 11 15 13 14 13 10 9 9 8 7 5 6 7 8 9 9 11 12 13 11 11 11 10
34 35 32 37 9 36 31 20 36 34 7 11 30 31 11 35 23 37 33 27 30 35 36 9 34 31 30 30 31 33 30 32 8 26 35 28 0 15 28 31 34 31 34 35 30 32 23 35 7 28 7 30 6 29 36 30 32 34 28 31 20 30 31 29 38 36 30 29 27 27 29 30 27 26 30 29 29 29 28 29 33 32 34 34 33 33 32 30 27 25 25 24 23 24 25 26 24 23 22 23 23
26 27 24 30 12 28 23 12 28 26 9 7 23 23 8 27 16 29 25 19 22 27 29 9 27 23 22 22 23 26 23 24 11 18 27 20 15 0 20 23 26 23 26 27 22 24 16 27 9 21 9 22 9 21 28 22 24 27 20 23 12 22 23 21 30 28 22 21 19 19 21 22 19 18 22 21 21 21 20 21 25 24 26 26 25 25 24 23 19 18 17 17 15 16 18 18 16 15 14 15 15
11 14 8 14 25 10 18 19 12 17 23 20 4 5 20 13 11 11 16 15 17 16 11 22 8 7 18 5 18 16 6 8 25 13 10 4 28 20 0 7 14 7 15 21 5 15 11 17 23 2 23 17 23 18 10 6 18 11 15 15 19 18 14 10 15 14 12 13 13 14 16 17 14 13 11 11 11 11 11 14 14 15 13 11 7 7 6 5 3 5 7 8 9 10 11 12 13 12 11 11 10
14 19 4 20 28 16 20 17 17 22 25 23 8 11 23 17 11 16 21 15 19 20 17 25 14 0 21 4 20 21 5 4 27 15 11 5 31 23 7 0 19 0 20 25 2 20 11 21 25 7 25 19 25 21 16 5 22 12 17 19 18 20 17 14 18 17 15 17 15 15 18 19 16 15 14 14 14 14 14 17 16 17 16 14 13 13 11 10 8 7 10 10 10 11 13 14 15 14 14 13 12
5 2 20 11 31 16 5 30 6 7 28 26 17 12 26 3 22 18 2 26 6 4 19 28 16 19 7 17 5 3 18 20 30 9 18 15 34 26 14 19 0 19 6 9 17 6 22 3 28 15 28 6 28 8 15 18 6 21 8 26 30 5 5 14 7 5 10 7 10 9 7 6 8 9 13 15 11 12 13 7 3 4 4 5 16 16 13 14 14 16 15 15 14 13 11 10 11 13 13 13 14
14 19 4 20 28 16 20 17 17 22 25 23 8 11 23 17 11 16 21 15 19 20 17 25 14 0 21 4 20 21 5 4 27 15 11 5 31 23 7 0 19 0 20 25 2 20 11 21 25 7 25 19 25 21 16 5 22 12 17 19 18 20 17 14 18 17 15 17 15 15 18 19 16 15 14 14 14 14 14 17 16 17 16 14 13 13 11 10 8 7 10 10 10 11 13 14 15 14 14 13 12
8 6 21 12 31 16 9 29 7 10 28 25 17 13 26 5 22 19 6 26 9 2 20 28 16 20 11 18 8 5 18 21 30 9 19 16 34 26 15 20 6 20 0 12 18 4 22 8 28 15 28 8 28 11 15 19 9 21 10 26 29 10 3 12 9 7 8 5 8 7 10 10 10 9 11 14 9 10 11 5 4 3 5 8 17 17 13 14 14 16 14 13 12 11 9 8 10 12 12 12 13
12 9 26 15 32 23 6 30 13 6 29 26 23 19 27 10 23 25 8 27 6 11 26 29 22 25 8 24 6 9 25 26 31 10 25 22 35 27 21 25 9 25 12 0 24 12 23 10 29 21 29 8 29 8 22 25 4 27 9 27 31 6 12 19 14 12 15 14 11 12 8 7 10 10 19 20 17 18 18 13 11 11 11 12 23 23 19 20 20 20 18 17 16 15 13 12 12 14 14 14 15
12 17 3 18 27 14 19 16 15 20 24 21 6 9 22 15 10 14 19 14 18 18 15 24 12 2 20 3 19 19 3 3 26 14 9 3 30 22 5 2 17 2 18 24 0 18 10 19 24 5 24 18 24 19 14 3 21 10 16 17 17 19 15 12 16 15 13 16 14 14 17 18 15 14 13 12 13 12 12 16 14 15 14 12 11 11 9 8 6 6 8 9 9 10 12 13 14 13 12 12 11
9 7 21 14 29 16 7 27 8 9 26 23 17 13 24 7 20 19 4 24 8 5 20 26 17 20 9 18 7 3 18 21 28 7 19 16 32 24 15 20 6 20 4 12 18 0 20 9 26 16 26 6 26 10 16 19 9 21 8 24 28 8 3 10 10 8 6 4 7 6 9 9 8 7 9 12 8 8 9 4 5 4 6 9 17 17 14 14 14 15 12 12 11 10 8 7 9 10 11 11 11
17 22 12 20 20 19 19 9 19 22 18 16 13 14 16 20 0 20 22 4 18 23 19 18 17 11 18 11 20 22 11 12 19 15 16 11 23 16 11 11 22 11 22 23 10 20 0 24 18 11 18 19 17 17 19 12 21 15 17 13 10 18 19 14 21 20 17 17 15 15 17 18 16 15 15 15 15 16 15 17 20 20 19 17 16 16 15 13 10 8 11 11 11 12 14 15 13 11 11 12 11
7 4 22 12 32 18 6 31 8 7 30 27 19 14 27 5 24 20 5 28 7 6 21 29 18 21 9 19 6 6 20 22 32 10 21 17 35 27 17 21 3 21 8 10 19 9 24 0 30 17 30 8 30 9 17 20 7 23 9 28 31 7 8 16 10 8 12 10 11 12 9 7 10 10 16 17 14 15 15 10 6 7 6 7 19 19 15 16 16 18 17 17 16 15 13 12 13 14 14 14 15
29 29 26 32 3 31 25 14 30 28 0 5 25 26 6 29 18 31 28 22 25 30 31 3 29 25 25 24 26 28 25 26 3 21 30 23 7 9 23 25 28 25 28 29 24 26 18 30 0 23 0 24 1 24 30 24 27 29 23 26 15 24 25 23 32 30 24 23 21 21 23 24 21 21 24 24 23 23 23 23 27 27 28 29 28 28 26 25 22 20 19 19 18 18 20 21 19 17 17 17 17
13 15 8 15 25 12 18 19 12 17 23 20 5 6 21 13 11 12 17 15 17 16 12 22 9 7 18 5 18 17 6 8 25 13 10 4 28 21 2 7 15 7 15 21 5 16 11 17 23 0 23 17 23 18 11 6 19 11 15 15 19 18 15 11 16 16 13 14 14 14 16 17 14 13 12 11 12 11 11 15 15 16 15 13 9 9 7 6 4 5 8 9 9 10 12 13 14 12 12 12 11
29 29 26 32 3 31 25 14 30 28 0 5 25 26 6 29 18 31 28 22 25 30 31 3 29 25 25 24 26 28 25 26 3 21 30 23 7 9 23 25 28 25 28 29 24 26 18 30 0 23 0 24 1 24 30 24 27 29 23 26 15 24 25 23 32 30 24 23 21 21 23 24 21 21 24 24 23 23 23 23 27 27 28 29 28 28 26 25 22 20 19 19 18 18 20 21 19 17 17 17 17
10 7 19 14 27 21 3 25 11 7 24 22 19 16 22 7 19 23 6 23 4 7 23 24 19 19 6 18 3 5 19 19 26 4 22 17 30 22 17 19 6 19 8 8 18 6 19 8 24 17 24 0 24 6 20 18 6 24 3 22 26 4 9 12 12 10 8 7 5 5 3 3 3 4 12 12 10 11 11 7 9 9 9 10 20 20 17 17 16 14 11 11 10 9 7 6 6 8 8 8 9
29 29 26 32 3 31 25 14 30 28 1 5 25 25 6 29 17 31 28 21 24 30 31 3 29 25 24 24 26 28 25 26 3 21 30 23 6 9 23 25 28 25 28 29 24 26 17 30 1 23 1 24 0 23 30 24 26 29 23 26 15 24 25 23 32 30 24 23 21 21 23 24 21 21 24 24 23 23 23 23 27 27 28 29 28 28 26 25 22 20 19 19 18 18 20 21 19 17 17 17 17
11 8 21 15 26 22 3 24 12 7 24 21 20 18 22 9 17 24 7 21 2 9 25 23 22 21 3 19 4 7 20 21 25 6 25 18 29 21 18 21 8 21 11 8 19 10 17 9 24 18 24 6 23 0 21 19 6 25 5 21 25 3 11 16 13 11 12 10 7 7 4 4 5 6 15 16 14 14 15 9 10 10 10 11 23 23 19 19 17 15 12 12 11 10 9 8 7 8 9 9 10
10 15 16 9 33 3 19 26 13 18 30 27 13 5 28 13 19 10 17 23 19 16 11 30 7 16 21 13 18 17 14 16 32 18 13 12 36 28 10 16 15 16 15 22 14 16 19 17 30 11 30 20 30 21 0 15 20 15 20 23 27 19 13 14 14 13 13 15 17 17 20 19 19 18 13 17 14 12 15 15 12 13 12 10 8 7 6 8 10 12 13 14 15 16 18 18 19 18 17 17 16
13 18 5 18 27 15 20 18 16 21 24 22 7 10 22 16 12 14 20 16 19 19 15 24 13 5 20 3 20 20 2 5 26 15 10 4 30 22 6 5 18 5 19 25 3 19 12 20 24 6 24 18 24 19 15 0 22 10 17 17 19 20 16 13 17 16 15 18 16 16 18 19 16 15 14 13 14 13 13 17 16 16 15 13 12 12 11 9 8 9 10 11 11 12 14 15 15 14 13 14 13
10 7 23 12 29 20 3 28 11 3 27 24 21 16 24 7 21 23 5 25 4 7 24 26 20 22 5 21 4 6 22 23 28 7 22 20 32 24 18 22 6 22 9 4 21 9 21 7 27 19 27 6 26 6 20 22 0 24 6 25 28 3 10 17 12 10 12 11 8 9 6 4 7 7 16 17 14 15 15 11 8 9 8 10 20 20 17 18 17 17 15 14 13 12 10 9 10 11 11 11 12
17 21 12 20 31 17 25 21 18 23 29 26 10 12 27 19 15 9 23 19 24 22 10 29 14 12 26 10 24 23 11 12 31 21 6 12 34 27 11 12 21 12 21 27 10 21 15 23 29 11 29 24 29 25 15 10 24 0 23 23 21 25 20 19 21 20 19 22 22 22 24 25 22 21 18 19 19 17 19 21 20 20 19 17 12 13 13 13 12 14 16 17 17 18 20 21 21 20 19 20 19
11 8 18 15 25 21 4 24 12 8 23 20 17 17 20 9 17 22 7 21 3 9 23 22 20 17 5 16 4 7 17 18 25 2 22 15 28 20 15 17 8 17 10 9 16 8 17 9 23 15 23 3 23 5 20 17 6 23 0 21 24 4 8 12 14 12 9 7 3 4 1 3 2 2 12 12 11 11 11 6 10 10 10 11 20 20 17 16 14 12 10 9 8 7 5 4 5 6 6 6 7
21 26 20 24 28 23 23 20 23 26 26 23 17 18 24 24 13 24 26 17 22 27 23 25 21 19 22 17 24 26 17 20 27 19 22 15 31 23 15 19 26 19 26 27 17 24 13 28 26 15 26 22 26 21 23 17 25 23 21 0 21 22 23 19 25 24 21 22 19 19 21 22 20 19 19 19 20 20 19 21 24 25 23 21 20 20 19 17 14 12 15 15 15 16 18 19 17 15 15 16 15
25 30 18 28 17 27 27 6 27 30 15 12 21 22 13 28 10 28 29 14 26 31 27 14 25 18 26 18 27 29 18 18 16 22 22 19 20 12 19 18 30 18 29 31 17 28 10 31 15 19 15 26 15 25 27 19 28 21 24 21 0 26 26 23 29 28 24 25 23 23 24 26 23 22 23 23 23 23 22 24 28 28 27 25 24 24 23 21 18 16 18 18 19 19 21 22 20 19 18 19 19
9 6 20 14 27 19 1 25 10 5 24 21 20 16 22 6 18 22 5 22 1 8 23 24 20 20 3 19 2 5 20 20 26 5 23 18 30 22 18 20 5 20 10 6 19 8 18 7 24 18 24 4 24 3 19 20 3 25 4 22 26 0 9 15 11 9 11 9 6 7 3 2 5 5 15 15 13 14 14 9 7 8 8 9 20 20 17 18 17 15 13 12 11 10 8 7 7 9 9 9 10
7 5 18 11 28 13 9 26 5 10 25 22 17 10 23 4 19 16 7 23 9 5 17 25 14 17 11 15 8 6 15 18 27 6 17 13 31 23 14 17 5 17 3 12 15 3 19 8 25 15 25 9 25 11 13 16 10 20 8 23 26 9 0 9 8 6 5 2 5 4 9 9 7 6 8 11 6 7 8 2 3 2 4 7 14 14 11 11 11 13 11 10 9 8 6 5 7 9 9 9 10
10 14 14 14 26 14 15 22 12 17 23 21 13 10 21 13 14 16 12 18 14 14 16 23 13 14 16 12 14 12 13 14 25 10 16 10 29 21 10 14 14 14 12 19 12 10 14 16 23 11 23 12 23 16 14 13 17 19 12 19 23 15 9 0 13 13 5 7 9 9 13 14 11 10 1 3 3 2 2 8 12 11 12 10 14 14 10 11 10 8 6 6 7 7 8 8 11 11 10 10 9
4 7 19 10 35 14 11 29 5 12 32 30 18 11 30 6 21 17 9 25 11 9 18 32 15 18 13 16 10 9 17 19 34 14 18 14 38 30 15 18 7 18 9 14 16 10 21 10 32 16 32 12 32 13 14 17 12 21 14 25 29 11 8 13 0 2 13 10 13 12 14 12 15 14 12 16 13 11 14 10 6 7 6 4 15 15 12 13 12 15 16 17 17 16 14 13 15 16 17 17 17
3 5 18 9 33 14 9 28 5 10 30 28 18 10 28 4 20 16 7 24 9 7 17 30 14 17 11 15 8 7 16 18 32 12 17 13 36 28 14 17 5 17 7 12 15 8 20 8 30 16 30 10 30 11 13 16 10 20 12 24 28 9 6 13 2 0 11 8 11 10 12 10 13 12 12 15 12 11 13 8 4 5 5 3 15 15 11 12 12 14 15 16 15 14 12 11 13 14 15 15 15
9 10 16 13 27 14 11 24 10 14 24 21 15 9 22 8 17 15 8 21 11 10 15 24 12 15 12 14 10 8 14 16 26 7 15 12 30 22 12 15 10 15 8 15 13 6 17 12 24 13 24 8 24 12 13 15 12 19 9 21 24 11 5 5 13 11 0 4 7 6 10 9 8 7 5 6 2 4 3 4 8 7 9 9 13 13 10 10 9 10 7 7 7 6 7 7 9 11 10 9 9
9 7 18 13 26 15 10 25 7 12 23 21 16 12 21 6 17 18 7 21 9 7 18 23 15 17 10 16 9 6 17 18 25 5 18 15 29 21 13 17 7 17 5 14 16 4 17 10 23 14 23 7 23 10 15 18 11 22 7 22 25 9 2 7 10 8 4 0 6 5 8 9 6 5 6 9 4 5 6 3 5 4 6 9 14 14 11 11 10 12 9 9 8 7 7 6 8 9 9 9 10
11 10 15 16 24 18 6 22 10 10 21 18 16 15 19 9 15 20 9 19 5 10 20 21 18 15 7 14 6 9 15 15 23 1 20 13 27 19 13 15 10 15 8 11 14 7 15 11 21 14 21 5 21 7 17 16 8 22 3 19 23 6 5 9 13 11 7 6 0 1 4 5 2 1 9 9 8 8 8 3 8 7 9 11 17 17 14 13 12 10 7 6 5 4 2 1 3 4 5 4 5
10 9 16 15 24 17 7 22 9 11 21 18 16 14 19 8 15 20 9 19 6 9 20 21 17 15 8 15 7 8 15 16 23 2 20 14 27 19 14 15 9 15 7 12 14 6 15 12 21 14 21 5 21 7 17 16 9 22 4 19 23 7 4 9 12 10 6 5 1 0 5 6 3 2 8 9 7 7 8 2 7 6 8 10 16 16 13 13 12 10 7 7 5 5 3 2 4 5 6 5 6
10 8 18 16 26 21 3 24 12 7 23 20 18 17 21 9 17 23 8 21 3 9 24 23 21 18 4 17 4 7 18 18 25 3 23 16 29 21 16 18 7 18 10 8 17 9 17 9 23 16 23 3 23 4 20 18 6 24 1 21 24 3 9 13 14 12 10 8 4 5 0 2 2 3 12 13 11 11 11 7 9 9 9 10 21 21 17 17 15 13 10 10 9 8 6 5 5 7 7 7 8
9 7 20 14 27 20 2 25 10 6 24 21 19 16 22 7 18 22 6 22 2 8 23 24 20 19 3 18 2 6 19 20 26 4 23 17 30 22 17 19 6 19 10 7 18 9 18 7 24 17 24 3 24 4 19 19 4 25 3 22 26 2 9 14 12 10 9 9 5 6 2 0 4 4 14 14 11 13 12 8 7 8 7 9 20 20 17 18 16 14 12 11 10 9 7 6 7 8 8 8 9
11 10 16 17 24 20 5 23 12 9 21 19 16 16 19 10 16 21 8 20 4 9 22 21 19 16 5 15 5 7 16 16 23 1 21 14 27 19 14 16 8 16 10 10 15 8 16 10 21 14 21 3 21 5 19 16 7 22 2 20 23 5 7 11 15 13 8 6 2 3 2 4 0 1 11 11 10 10 10 5 10 9 10 11 19 19 16 15 13 11 9 8 7 6 4 3 4 5 5 5 6
12 10 16 16 23 19 5 22 11 9 21 18 15 15 18 10 15 20 8 19 4 10 21 20 18 15 6 14 5 8 15 16 23 0 20 13 26 18 13 15 9 15 9 10 14 7 15 10 21 13 21 4 21 6 18 15 7 21 2 19 22 5 6 10 14 12 7 5 1 2 3 4 1 0 10 10 9 9 9 4 9 8 10 12 18 18 15 14 12 10 8 7 6 5 3 2 3 4 4 4 5
9 13 15 13 27 13 15 23 11 16 24 21 14 9 22 12 15 15 12 19 14 13 15 24 12 14 16 13 14 12 13 15 26 10 15 11 30 22 11 14 13 14 11 19 13 9 15 16 24 12 24 12 24 15 13 14 16 18 12 19 23 15 8 1 12 12 5 6 9 8 12 14 11 10 0 4 4 1 3 7 11 10 11 9 13 13 9 10 9 9 7 6 8 7 9 9 11 12 11 10 9
12 16 15 17 26 17 15 23 14 18 24 21 13 12 22 14 15 17 13 19 14 14 18 23 16 14 16 12 15 12 13 15 26 10 18 11 29 21 11 14 15 14 14 20 12 12 15 17 24 11 24 12 24 16 17 13 17 19 12 19 23 15 11 3 16 15 6 9 9 9 13 14 11 10 4 0 5 5 4 10 14 13 14 12 16 16 12 13 10 8 6 6 7 7 8 8 11 11 11 10 9
10 11 15 14 26 14 13 23 11 16 23 21 14 10 21 10 15 16 10 19 13 11 16 23 13 14 14 13 12 10 14 15 25 9 16 11 29 21 11 14 11 14 9 17 13 8 15 14 23 12 23 10 23 14 14 14 14 19 11 20 23 13 6 3 13 12 2 4 8 7 11 11 10 9 4 5 0 3 2 6 9 8 10 10 14 14 11 11 10 9 6 6 7 6 8 8 10 11 10 9 9
8 12 15 12 26 12 14 23 10 15 23 21 13 8 21 11 16 14 11 20 13 12 14 23 11 14 15 12 13 11 13 15 25 9 14 11 29 21 11 14 12 14 10 18 12 8 16 15 23 11 23 11 23 14 12 13 15 17 11 20 23 14 7 2 11 11 4 5 8 7 11 13 10 9 1 5 3 0 4 6 10 9 10 8 12 12 8 9 8 10 8 7 8 8 9 9 11 12 12 11 10
10 13 14 15 25 15 14 22 13 17 23 20 13 11 20 11 15 17 11 19 13 13 17 22 14 14 15 12 13 11 13 14 25 9 17 11 28 20 11 14 13 14 11 18 12 9 15 15 23 11 23 11 23 15 15 13 15 19 11 19 22 14 8 2 14 13 3 6 8 8 11 12 10 9 3 4 2 4 0 6 10 9 11 10 13 13 10 10 10 8 5 5 6 6 7 7 9 10 9 9 8
9 7 18 13 26 15 9 24 7 12 23 20 17 12 21 6 17 18 7 21 8 7 18 23 15 17 10 16 8 6 17 18 25 4 18 15 29 21 14 17 7 17 5 13 16 4 17 10 23 15 23 7 23 9 15 17 11 21 6 21 24 9 2 8 10 8 4 3 3 2 7 8 5 4 7 10 6 6 6 0 5 4 6 9 14 14 11 11 11 12 9 9 7 7 5 4 6 7 8 7 8
4 3 17 9 30 13 7 27 4 8 27 24 17 10 25 2 20 16 5 24 8 5 16 27 13 16 9 14 7 6 15 17 29 9 16 13 33 25 14 16 3 16 4 11 14 5 20 6 27 15 27 9 27 10 12 16 8 20 10 24 28 7 3 12 6 4 8 5 8 7 9 7 10 9 11 14 9 10 10 5 0 1 1 4 14 14 11 11 11 14 13 12 11 10 8 7 9 10 11 11 11
5 4 18 10 29 14 8 28 4 9 27 24 18 11 24 3 20 17 6 24 8 5 17 26 14 17 10 15 7 6 16 18 29 8 17 14 32 24 15 17 4 17 3 11 15 4 20 7 27 16 27 9 27 10 13 16 9 20 10 25 28 8 2 11 7 5 7 4 7 6 9 8 9 8 10 13 8 9 9 4 1 0 2 5 15 15 11 12 12 14 12 11 10 9 7 6 8 10 10 10 11
3 4 17 9 31 13 8 27 3 8 28 25 17 9 26 2 19 16 6 23 8 5 16 28 13 16 10 14 7 6 15 17 30 10 16 13 34 26 13 16 4 16 5 11 14 6 19 6 28 15 28 9 28 10 12 15 8 19 10 23 27 8 4 12 6 5 9 6 9 8 9 7 10 10 11 14 10 10 11 6 1 2 0 3 14 14 10 11 11 13 14 13 12 11 9 8 10 11 12 12 12
0 5 15 6 31 11 9 25 6 8 29 26 15 7 26 3 17 13 7 21 9 6 14 28 11 14 11 12 8 7 13 15 31 12 14 10 34 26 11 14 5 14 8 12 12 9 17 7 29 13 29 10 29 11 10 13 10 17 11 21 25 9 7 10 4 3 9 9 11 10 10 9 11 12 9 12 10 8 10 9 4 5 3 0 12 12 8 9 9 11 12 13 14 13 12 11 12 14 14 14 15
12 16 14 15 30 8 20 24 14 19 28 25 11 5 25 15 16 6 18 20 21 18 7 27 4 13 22 11 20 19 12 14 30 18 9 9 33 25 7 13 16 13 17 23 11 17 16 19 28 9 28 20 28 23 8 12 20 12 20 20 24 20 14 14 15 15 13 14 17 16 21 20 19 18 13 16 14 12 13 14 14 15 14 12 0 4 6 8 10 12 13 14 15 16 18 18 19 18 17 18 17
12 16 14 13 30 6 20 24 14 19 28 25 10 5 25 15 16 7 18 20 21 18 8 27 2 13 22 11 20 19 12 14 30 18 10 9 33 25 7 13 16 13 17 23 11 17 16 19 28 9 28 20 28 23 7 12 20 13 20 20 24 20 14 14 15 15 13 14 17 16 21 20 19 18 13 16 14 12 13 14 14 15 14 12 4 0 5 5 8 10 11 12 13 14 15 16 17 16 15 15 14
8 13 12 12 29 6 17 22 10 16 26 23 9 1 24 11 15 9 15 19 17 14 9 26 5 11 19 9 16 15 10 12 28 15 9 8 32 24 6 11 13 11 13 19 9 14 15 15 26 7 26 17 26 19 6 11 17 13 17 19 23 17 11 10 12 11 10 11 14 13 17 17 16 15 9 12 11 8 10 11 11 11 10 8 6 5 0 4 6 8 9 10 11 12 14 15 15 14 13 14 13
9 14 11 13 27 9 18 21 11 16 25 22 8 3 23 12 13 9 16 17 18 15 10 24 7 10 20 8 17 16 9 11 27 14 10 7 30 23 5 10 14 10 14 20 8 14 13 16 25 6 25 17 25 19 8 9 18 13 16 17 21 18 11 11 13 12 10 11 13 13 17 18 15 14 10 13 11 9 10 11 11 12 11 9 8 5 4 0 4 6 7 8 9 10 11 12 13 11 11 11 10
9 13 9 13 24 10 17 18 11 16 22 19 6 5 19 12 10 10 16 14 16 15 11 21 9 8 17 6 17 16 7 9 24 12 11 5 27 19 3 8 14 8 14 20 6 14 10 16 22 4 22 16 22 17 10 8 17 12 14 14 18 17 11 10 12 12 9 10 12 12 15 16 13 12 9 10 10 8 10 11 11 12 11 9 10 8 6 4 0 3 6 7 8 9 10 11 12 10 10 10 9
11 16 8 15 22 13 15 16 13 18 20 17 7 7 18 14 8 13 16 12 14 17 13 19 11 7 15 7 15 15 8 8 22 10 13 6 25 18 5 7 16 7 16 20 6 15 8 18 20 5 20 14 20 15 12 9 17 14 12 12 16 15 13 8 15 14 10 12 10 10 13 14 11 10 9 8 9 10 8 12 14 14 13 11 12 10 8 6 3 0 3 4 5 6 8 9 9 8 7 8 7
12 16 10 17 22 14 13 18 14 17 19 16 9 8 17 15 11 14 13 15 12 15 14 19 12 10 13 8 13 13 9 10 21 8 14 7 25 17 7 10 15 10 14 18 8 12 11 17 19 8 19 11 19 12 13 10 15 16 10 15 18 13 11 6 16 15 7 9 7 7 10 12 9 8 7 6 6 8 5 9 13 12 14 12 13 11 9 7 6 3 0 1 2 3 5 6 7 7 6 5 4
13 15 10 18 21 15 12 18 15 16 19 16 10 9 17 14 11 15 13 15 11 14 15 18 13 10 13 9 12 12 10 10 21 7 15 8 24 17 8 10 15 10 13 17 9 12 11 17 19 9 19 11 19 12 14 11 14 17 9 15 18 12 10 6 17 16 7 9 6 7 10 11 8 7 6 6 6 7 5 9 12 11 13 13 14 12 10 8 7 4 1 0 2 3 4 5 7 7 6 5 4
14 14 11 18 20 15 11 18 14 15 18 15 11 10 15 13 11 15 12 15 10 14 16 17 14 10 11 10 11 12 10 11 20 6 16 9 23 15 9 10 14 10 12 16 9 11 11 16 18 9 18 10 18 11 15 11 13 17 8 15 19 11 9 7 17 15 7 8 5 5 9 10 7 6 8 7 7 8 6 7 11 10 12 14 15 13 11 9 8 5 2 2 0 1 3 4 5 5 4 3 2
13 13 12 19 21 16 10 19 13 14 18 16 12 11 16 12 12 16 11 16 9 13 17 18 15 11 10 10 10 11 11 12 20 5 17 9 24 16 10 11 13 11 11 15 10 10 12 15 18 10 18 9 18 10 16 12 12 18 7 16 19 10 8 7 16 14 6 7 4 5 8 9 6 5 7 7 6 8 6 7 10 9 11 13 16 14 12 10 9 6 3 3 1 0 2 3 4 5 4 3 3
12 11 13 17 22 18 8 21 11 12 20 17 14 13 18 10 14 18 11 18 7 11 18 20 17 13 9 12 8 10 13 13 22 3 18 11 25 18 11 13 11 13 9 13 12 8 14 13 20 12 20 7 20 9 18 14 10 20 5 18 21 8 6 8 14 12 7 7 2 3 6 7 4 3 9 8 8 9 7 5 8 7 9 12 18 15 14 11 10 8 5 4 3 2 0 1 4 5 4 4 4
11 10 14 16 23 18 7 22 10 11 21 18 15 14 18 9 15 19 10 19 6 10 19 20 18 14 8 13 7 9 14 14 23 2 19 12 26 18 12 14 10 14 8 12 13 7 15 12 21 13 21 6 21 8 18 15 9 21 4 19 22 7 5 8 13 11 7 6 1 2 5 6 3 2 9 8 8 9 7 4 7 6 8 11 18 16 15 12 11 9 6 5 4 3 1 0 3 4 4 4 5
12 12 15 18 21 20 7 20 12 11 19 16 16 14 16 11 13 20 10 17 6 12 20 18 18 15 8 14 8 10 15 15 21 3 20 13 24 16 13 15 11 15 10 12 14 9 13 13 19 14 19 6 19 7 19 15 10 21 5 17 20 7 7 11 15 13 9 8 3 4 5 7 4 3 11 11 10 11 9 6 9 8 10 12 19 17 15 13 12 9 7 7 5 4 4 3 0 2 2 3 4
14 13 15 19 20 18 9 18 14 13 17 14 14 13 15 12 11 18 12 15 8 13 19 17 17 14 9 13 9 11 13 15 19 4 19 11 23 15 12 14 13 14 12 14 13 10 11 14 17 12 17 8 17 8 18 14 11 20 6 15 19 9 9 11 16 14 11 9 4 5 7 8 5 4 12 11 11 12 10 7 10 10 11 14 18 16 14 11 10 8 7 7 5 5 5 4 2 0 1 2 3
14 14 14 20 19 18 9 18 14 13 17 14 14 12 14 13 11 18 12 15 8 14 18 16 16 14 10 12 9 12 13 14 19 4 18 11 22 14 11 14 13 14 12 14 12 11 11 14 17 12 17 8 17 9 17 13 11 19 6 15 18 9 9 10 17 15 10 9 5 6 7 8 5 4 11 11 10 12 9 8 11 10 12 14 17 15 13 11 10 7 6 6 4 4 4 4 2 1 0 1 2
14 14 13 20 20 18 9 19 14 13 17 15 14 13 15 13 12 18 12 16 8 14 18 17 17 13 9 12 9 11 13 13 19 4 18 11 23 15 11 13 13 13 12 14 12 11 12 14 17 12 17 8 17 9 17 14 11 20 6 16 19 9 9 10 17 15 9 9 4 5 7 8 5 4 10 10 9 11 9 7 11 10 12 14 18 15 14 11 10 8 5 5 3 3 4 4 3 2 1 0 1
15 14 12 20 20 17 10 18 15 14 17 15 13 12 15 13 11 17 13 15 9 14 17 17 16 12 10 11 10 12 12 12 19 5 17 10 23 15 10 12 14 12 13 15 11 11 11 15 17 11 17 9 17 10 16 13 12 19 7 15 19 10 10 9 17 15 9 10 5 6 8 9 6 5 9 9 9 10 8 8 11 11 12 15 17 14 13 10 9 7 4 4 2 3 4 5 4 3 2 1 0