0 30 2 6 14 4 18 3 19 24 11 12 30 13 12 14 10 32 5 1 19 5 26 6 18 8 15 39 14 23 5 10 12 10 11 10 15 17 12 6 32 6 13 23 3 7 31 25 11 21 7 10 19 7 30 6 25 30 9 29 11 9 6 10 4 3 9 8 11 10 10 9 11 12 9 12 10 8 10 8 4 5 3 0 12 12 9 9 9 11 12 13 14 13 12 11 12 14 14 14 15
30 0 30 30 22 30 21 32 19 28 25 26 0 22 32 33 25 2 30 31 22 30 7 29 22 37 19 41 31 29 31 26 26 32 25 28 26 31 26 31 2 31 27 29 32 28 34 8 25 24 29 32 22 31 0 31 16 1 26 15 24 26 27 25 34 32 26 25 23 23 25 26 23 22 26 25 25 25 24 25 29 28 30 30 29 29 28 27 23 22 21 21 19 20 22 22 20 19 18 19 19
2 30 0 7 14 5 18 4 19 22 12 14 30 14 14 16 11 32 6 2 19 4 26 7 18 7 16 39 14 23 6 11 14 9 13 11 17 16 13 6 32 7 14 23 4 7 31 25 11 21 8 9 19 8 30 7 25 30 10 29 10 10 7 10 5 5 9 9 12 11 12 11 13 13 9 13 10 8 11 9 5 6 5 2 12 12 9 9 9 11 12 13 14 15 13 12 14 15 16 16 16
6 30 7 0 20 4 23 7 18 28 8 18 30 9 18 20 6 32 11 5 25 11 26 3 23 13 13 44 20 28 6 7 18 9 17 8 21 22 10 12 32 5 19 28 7 7 36 24 11 26 5 9 24 2 30 4 29 30 15 29 15 5 6 15 8 6 11 8 10 10 7 6 9 9 14 15 12 13 14 8 5 5 5 6 18 18 14 15 15 17 16 15 15 14 12 11 11 13 13 13 14
14 22 14 20 0 16 9 17 10 12 16 8 22 13 15 16 16 24 13 15 10 13 17 18 9 20 10 30 14 13 17 17 8 22 9 16 10 15 15 15 24 20 9 13 16 15 22 16 13 12 17 22 10 21 22 20 16 21 9 20 7 17 16 11 17 17 13 16 14 14 16 17 14 13 11 11 12 12 11 16 16 17 16 14 12 12 11 10 6 4 7 8 9 10 12 13 11 10 9 10 10
4 30 5 4 16 0 20 4 18 24 10 15 30 10 15 17 8 32 7 3 22 7 25 5 20 11 12 41 16 25 2 9 15 9 14 8 18 18 10 8 32 5 16 25 4 5 33 24 10 23 6 9 21 6 30 5 27 29 12 28 11 8 3 12 5 3 8 5 8 7 10 8 10 9 11 14 9 10 11 5 1 2 1 4 14 14 11 11 11 13 14 13 12 11 9 8 10 11 12 12 12
18 21 18 23 9 20 0 21 11 14 18 14 21 16 20 21 18 23 18 19 5 17 17 23 1 24 13 26 18 15 22 18 14 26 13 21 12 17 20 19 23 24 14 15 21 19 18 16 18 8 22 26 2 25 21 24 11 21 14 17 11 19 20 15 22 21 18 18 16 16 18 19 17 16 16 16 16 17 16 18 21 21 20 18 17 17 16 14 11 9 12 12 12 13 15 16 14 12 12 13 12
3 32 4 7 17 4 21 0 21 25 12 15 32 12 15 17 10 34 8 4 22 8 28 7 21 11 15 42 17 26 5 11 15 11 14 11 18 19 11 9 34 7 16 26 1 7 34 27 13 24 8 11 22 8 32 7 28 32 12 31 12 10 6 13 3 1 11 8 11 10 12 11 13 12 12 15 12 11 13 8 4 5 4 3 15 15 11 12 12 14 15 16 15 14 12 11 13 14 15 15 15
19 19 19 18 10 18 11 21 0 20 12 14 19 10 20 21 12 21 18 20 13 18 15 18 12 25 7 32 20 20 19 13 14 21 13 16 17 20 15 20 21 19 15 20 21 17 25 14 14 15 17 21 13 19 19 20 18 19 14 18 12 14 15 14 23 21 14 14 11 11 13 14 12 11 14 14 14 14 13 13 17 17 18 19 18 18 16 15 12 10 9 9 8 9 10 11 9 7 7 8 7
24 28 22 28 12 24 14 25 20 0 25 15 28 20 22 24 23 30 23 23 14 22 24 27 14 29 20 31 16 13 25 25 15 30 16 24 10 16 23 24 30 28 14 13 24 23 23 23 21 16 25 30 15 29 28 28 18 28 20 23 17 25 25 21 27 26 23 25 22 22 24 25 22 21 22 22 21 22 21 24 25 26 25 24 23 23 22 21 18 16 17 17 17 18 20 21 22 21 21 20 19
11 25 12 8 16 10 18 12 12 25 0 19 25 6 23 25 3 27 16 10 20 16 21 7 18 18 8 39 25 25 11 2 19 10 19 10 22 25 12 17 27 10 20 25 12 13 31 19 13 21 7 10 19 9 25 9 24 25 19 24 17 3 11 16 14 12 12 10 7 7 4 4 5 6 15 16 14 14 15 9 10 11 10 11 23 23 20 19 17 15 12 12 11 10 9 8 7 8 9 9 10
12 26 14 18 8 15 14 15 14 15 19 0 26 15 13 15 18 28 14 13 14 13 22 18 14 20 13 33 10 14 16 20 0 22 3 18 7 10 17 15 28 18 1 14 15 14 25 21 15 16 19 22 14 19 26 18 18 26 7 23 4 19 15 12 16 15 13 16 14 15 17 19 15 15 12 12 13 12 12 16 14 15 14 12 11 11 9 8 6 7 8 9 10 11 12 13 14 13 12 12 11
30 0 30 30 22 30 21 32 19 28 25 26 0 22 32 33 25 2 30 31 22 30 7 29 22 37 19 41 31 29 31 26 26 32 25 28 26 31 26 31 2 31 27 29 32 28 34 8 25 24 29 32 22 31 0 31 16 1 26 15 24 26 27 25 34 32 26 25 23 23 25 26 23 22 26 25 25 25 24 25 29 28 30 30 29 29 28 27 23 22 21 21 19 20 22 22 20 19 18 19 19
13 22 14 9 13 10 16 12 10 20 6 15 22 0 20 22 4 24 14 12 17 13 18 9 16 20 4 36 20 21 11 6 15 12 14 9 18 20 7 15 24 11 15 21 12 8 28 17 9 19 8 12 17 11 22 10 22 22 15 21 12 5 7 11 14 12 7 5 2 3 4 5 2 1 11 11 9 10 10 5 10 9 11 13 18 18 16 15 12 10 8 8 6 5 4 3 2 4 4 4 5
12 32 14 18 15 15 20 15 20 22 23 13 32 20 0 5 22 34 15 13 21 14 28 18 20 20 17 41 7 21 16 22 13 22 13 19 12 11 18 13 34 18 14 21 15 15 33 26 16 23 19 22 21 19 32 18 26 32 7 31 9 21 15 14 16 15 14 17 19 19 22 21 20 19 13 16 14 12 15 17 15 16 14 12 5 6 8 8 9 11 12 13 14 15 17 18 18 17 16 17 16
14 33 16 20 16 17 21 17 21 24 25 15 33 22 5 0 24 35 16 15 22 15 29 20 21 22 19 42 8 23 18 24 15 24 14 20 14 11 19 15 35 20 15 23 17 16 34 28 17 24 21 24 22 21 33 20 27 33 8 32 11 23 17 16 18 17 15 18 20 20 23 23 21 21 15 18 16 14 17 18 16 17 16 14 8 9 9 10 11 13 14 15 16 17 18 19 20 19 18 18 17
10 25 11 6 16 8 18 10 12 23 3 18 25 4 22 24 0 27 15 9 20 14 21 6 19 17 8 39 23 24 10 2 18 9 17 8 21 24 10 16 27 9 18 24 10 11 31 20 11 22 6 9 19 7 25 8 25 25 18 24 15 2 10 14 12 10 10 8 5 6 2 2 3 4 14 14 12 13 13 8 8 9 9 10 21 21 18 18 15 13 11 11 9 8 7 6 6 7 8 7 8
32 2 32 32 24 32 23 34 21 30 27 28 2 24 34 35 27 0 32 33 24 32 9 31 24 39 21 43 33 31 33 28 28 34 27 30 28 33 28 33 0 33 29 31 34 30 36 10 27 26 31 34 24 33 2 33 18 3 28 17 26 28 29 27 36 34 28 27 25 25 27 28 25 24 28 27 27 27 26 27 31 30 32 32 31 31 30 29 25 24 23 23 21 22 24 24 22 21 20 21 21
5 30 6 11 13 7 18 8 18 23 16 14 30 14 15 16 15 32 0 6 19 2 25 11 18 12 16 39 14 23 8 15 14 14 13 12 17 17 12 4 32 11 15 23 8 6 31 24 11 21 12 14 18 12 30 11 24 29 10 28 10 14 8 10 9 8 10 10 13 12 15 14 14 14 9 13 10 8 11 10 8 8 7 5 12 11 9 10 9 12 13 14 15 15 14 13 15 16 17 16 16
1 31 2 5 15 3 19 4 20 23 10 13 31 12 13 15 9 33 6 0 20 6 27 5 19 8 14 40 15 24 4 9 13 10 12 9 16 17 11 7 33 5 14 24 3 6 32 26 11 22 6 10 20 6 31 5 26 31 10 30 10 8 5 11 5 4 9 7 10 9 10 9 11 11 10 13 11 9 11 7 3 4 3 1 13 13 10 10 10 12 13 14 14 13 11 10 12 13 14 14 14
19 22 19 25 10 22 5 22 13 14 20 14 22 17 21 22 20 24 19 20 0 19 18 24 6 26 14 27 18 15 23 20 14 27 14 22 12 17 21 20 24 25 15 15 22 20 19 17 19 9 23 27 6 26 22 25 12 22 15 18 13 21 21 17 23 22 19 20 18 17 19 21 18 17 18 17 18 18 17 19 22 23 22 19 18 18 17 16 12 11 13 13 14 14 16 17 15 14 13 14 14
5 30 4 11 13 7 17 8 18 22 16 13 30 13 14 15 14 32 2 6 19 0 25 11 17 11 15 38 14 22 8 15 13 13 13 11 16 16 12 4 32 11 14 22 8 5 30 24 11 20 11 13 18 12 30 10 24 29 9 28 9 13 7 9 8 8 9 9 12 11 15 13 13 13 8 12 10 7 10 9 7 8 6 5 12 11 8 9 9 11 12 13 14 14 13 12 14 15 16 15 15
26 7 26 26 17 25 17 28 15 24 21 22 7 18 28 29 21 9 25 27 18 25 0 25 18 32 15 37 27 24 26 22 22 28 21 23 21 26 22 27 9 26 22 24 28 24 29 3 21 20 24 28 18 27 7 27 12 7 22 11 19 21 22 21 30 28 21 21 18 18 20 21 19 18 21 21 21 21 20 20 24 24 25 26 25 25 23 22 19 17 16 16 15 16 17 18 16 14 14 15 15
6 29 7 3 18 5 23 7 18 27 7 18 29 9 18 20 6 31 11 5 24 11 25 0 23 13 12 44 20 28 6 6 18 9 17 6 21 22 7 12 31 5 19 28 7 8 36 24 8 26 2 9 24 5 29 5 29 29 15 28 15 5 7 12 9 7 8 7 9 9 8 6 8 8 12 13 10 11 11 7 6 6 6 6 18 18 15 15 15 16 13 13 12 11 11 10 10 12 12 12 13
18 22 18 23 9 20 1 21 12 14 18 14 22 16 20 21 19 24 18 19 6 17 18 23 0 24 13 26 18 15 22 19 14 26 13 21 12 17 20 19 24 24 14 15 21 19 18 17 18 8 22 26 2 25 22 24 12 22 14 17 11 19 20 15 22 21 18 18 16 16 18 19 17 16 16 16 16 17 16 18 21 21 20 18 17 17 16 14 11 9 12 12 12 13 15 16 14 12 12 13 12
8 37 7 13 20 11 24 11 25 29 18 20 37 20 20 22 17 39 12 8 26 11 32 13 24 0 22 45 21 29 12 17 20 15 19 17 23 23 19 8 39 13 21 29 10 13 37 31 18 27 14 15 25 14 37 13 31 36 15 35 16 16 13 16 12 11 16 15 18 17 18 17 19 19 15 19 16 14 17 15 11 12 11 8 17 15 14 16 16 18 19 20 21 21 19 18 20 21 22 22 22
15 19 16 13 10 12 13 15 7 20 8 13 19 4 17 19 8 21 16 14 14 15 15 12 13 22 0 34 19 20 13 8 13 15 13 12 16 19 9 17 21 13 14 20 14 10 26 14 10 16 11 15 14 14 19 14 19 19 14 18 11 9 9 11 16 14 10 7 5 5 7 9 6 5 12 12 11 11 10 7 11 11 12 15 17 16 15 12 11 8 7 7 5 5 5 5 3 1 1 2 3
39 41 39 44 30 41 26 42 32 31 39 33 41 36 41 42 39 43 39 40 27 38 37 44 26 45 34 0 37 34 43 40 33 47 33 41 31 36 40 40 43 45 34 34 42 40 8 36 38 25 42 47 27 46 41 45 31 41 35 37 32 40 41 36 43 42 38 39 37 37 39 40 38 37 37 37 37 37 36 39 42 42 41 39 38 38 37 35 32 30 32 32 33 34 35 36 35 33 33 34 33
14 31 14 20 14 16 18 17 20 16 25 10 31 20 7 8 23 33 14 15 18 14 27 20 18 21 19 37 0 17 17 24 10 22 12 19 8 6 18 14 33 20 10 17 16 15 29 26 17 20 21 22 19 21 31 20 22 31 9 27 9 23 17 16 18 17 15 18 20 20 24 23 22 21 15 18 16 14 17 18 16 17 16 14 9 10 9 10 11 13 14 15 16 17 18 19 20 19 18 18 17
23 29 23 28 13 25 15 26 20 13 25 14 29 21 21 23 24 31 23 24 15 22 24 28 15 29 20 34 17 0 26 26 14 31 15 24 10 15 23 24 31 28 15 0 25 23 26 23 21 17 26 31 15 30 29 29 19 28 19 24 16 25 24 20 27 26 22 23 20 21 24 25 22 21 21 21 20 20 19 23 26 25 25 23 21 22 21 19 16 14 15 16 16 17 18 19 20 20 19 18 17
5 31 6 6 17 2 22 5 19 25 11 16 31 11 16 18 10 33 8 4 23 8 26 6 22 12 13 43 17 26 0 10 16 10 15 8 19 19 10 10 33 4 17 26 5 5 35 25 10 25 7 10 23 7 31 5 29 30 13 29 12 9 4 13 6 4 8 6 9 8 11 9 11 10 12 14 10 11 11 6 2 3 2 5 15 15 12 12 12 14 15 14 13 12 10 9 11 12 13 13 13
10 26 11 7 17 9 18 11 13 25 2 20 26 6 22 24 2 28 15 9 20 15 22 6 19 17 8 40 24 26 10 0 20 9 19 10 23 25 11 16 28 9 20 26 11 12 32 20 13 22 7 9 20 8 26 8 25 25 19 24 17 3 11 16 13 11 12 10 7 7 4 3 5 6 15 16 14 14 15 9 9 10 9 10 22 22 19 19 17 15 13 13 11 10 9 8 7 9 9 9 10
12 26 14 18 8 15 14 15 14 15 19 0 26 15 13 15 18 28 14 13 14 13 22 18 14 20 13 33 10 14 16 20 0 22 3 18 7 10 17 15 28 18 1 14 15 14 25 21 15 16 19 22 14 19 26 18 18 26 7 23 4 19 15 12 16 15 13 16 14 15 17 19 15 15 12 12 13 12 12 16 14 15 14 12 11 11 9 8 6 7 8 9 10 11 12 13 14 13 12 12 11
10 32 9 9 22 9 26 11 21 30 10 22 32 12 22 24 9 34 14 10 27 13 28 9 26 15 15 47 22 31 10 9 22 0 21 13 25 24 14 15 34 11 22 31 11 12 39 27 16 29 9 0 27 9 32 10 32 32 18 31 18 7 11 18 13 11 16 13 13 13 10 8 11 12 17 20 17 16 19 13 9 10 9 10 20 20 17 17 17 19 19 19 18 17 15 14 14 15 16 16 16
11 25 13 17 9 14 13 14 13 16 19 3 25 14 13 14 17 27 13 12 14 13 21 17 13 19 13 33 12 15 15 19 3 21 0 17 8 12 16 14 27 17 4 15 14 14 25 20 14 16 18 21 14 18 25 17 18 25 6 24 4 19 14 11 15 14 13 16 14 14 17 18 15 14 12 11 12 12 11 16 14 15 13 11 10 10 9 7 6 7 8 9 9 10 12 13 14 12 12 12 11
10 28 11 8 16 8 21 11 16 24 10 18 28 9 19 20 8 30 12 9 22 11 23 6 21 17 12 41 19 24 8 10 18 13 17 0 21 22 4 13 30 7 19 24 10 6 33 22 6 24 4 13 22 10 28 7 27 27 15 26 15 8 6 9 12 10 5 5 8 7 7 7 7 8 9 10 7 8 8 5 8 7 9 10 17 17 14 15 14 13 10 10 9 8 8 8 10 11 11 11 11
15 26 17 21 10 18 12 18 17 10 22 7 26 18 12 14 21 28 17 16 12 16 21 21 12 23 16 31 8 10 19 23 7 25 8 21 0 6 20 18 28 21 7 10 18 17 23 20 18 14 22 25 13 22 26 21 16 25 10 21 7 23 18 15 19 18 17 20 18 18 21 22 19 18 16 15 16 15 15 19 18 18 17 15 13 14 13 11 10 11 12 13 13 14 16 17 17 16 15 16 15
17 31 16 22 15 18 17 19 20 16 25 10 31 20 11 11 24 33 17 17 17 16 26 22 17 23 19 36 6 15 19 25 10 24 12 22 6 0 21 16 33 22 10 15 18 17 28 25 19 19 23 24 17 23 31 22 21 30 12 26 10 25 19 19 21 20 19 21 22 22 24 25 22 21 18 19 19 17 19 21 19 20 19 17 12 13 13 13 12 14 16 17 17 18 20 21 21 20 19 20 19
12 26 13 10 15 10 20 11 15 23 12 17 26 7 18 19 10 28 12 11 21 12 22 7 20 19 9 40 18 23 10 11 17 14 16 4 20 21 0 14 28 8 17 23 11 7 32 21 5 23 6 14 20 11 26 8 26 26 14 25 14 10 7 8 13 11 4 5 5 6 9 9 7 6 8 9 6 7 7 5 9 8 10 12 16 16 13 14 13 12 9 9 8 7 5 4 7 8 8 8 9
6 31 6 12 15 8 19 9 20 24 17 15 31 15 13 15 16 33 4 7 20 4 27 12 19 8 17 40 14 24 10 16 15 15 14 13 18 16 14 0 33 12 16 24 9 7 32 26 12 22 13 15 20 13 31 12 26 31 8 30 11 15 9 11 10 9 11 11 14 13 16 15 15 15 10 14 11 9 12 11 9 9 8 6 10 8 6 9 10 13 14 15 15 16 15 14 16 17 18 17 17
32 2 32 32 24 32 23 34 21 30 27 28 2 24 34 35 27 0 32 33 24 32 9 31 24 39 21 43 33 31 33 28 28 34 27 30 28 33 28 33 0 33 29 31 34 30 36 10 27 26 31 34 24 33 2 33 18 3 28 17 26 28 29 27 36 34 28 27 25 25 27 28 25 24 28 27 27 27 26 27 31 30 32 32 31 31 30 29 25 24 23 23 21 22 24 24 22 21 20 21 21
6 31 7 5 20 5 24 7 19 28 10 18 31 11 18 20 9 33 11 5 25 11 26 5 24 13 13 45 20 28 4 9 18 11 17 7 21 22 8 12 33 0 19 28 7 6 37 25 10 27 3 11 25 6 31 1 30 30 15 29 15 8 4 13 9 7 9 6 9 8 9 9 9 10 12 14 10 11 12 6 5 4 5 6 18 18 15 15 15 17 15 14 13 12 10 9 11 13 13 13 14
13 27 14 19 9 16 14 16 15 14 20 1 27 15 14 15 18 29 15 14 15 14 22 19 14 21 14 34 10 15 17 20 1 22 4 19 7 10 17 16 29 19 0 15 16 15 26 21 15 17 20 22 15 20 27 19 19 26 8 24 5 20 16 13 17 16 14 17 15 16 18 20 16 16 13 13 14 13 13 17 15 16 15 13 12 12 10 9 7 8 9 10 11 12 13 14 15 14 13 13 12
23 29 23 28 13 25 15 26 20 13 25 14 29 21 21 23 24 31 23 24 15 22 24 28 15 29 20 34 17 0 26 26 14 31 15 24 10 15 23 24 31 28 15 0 25 23 26 23 21 17 26 31 15 30 29 29 19 28 19 24 16 25 24 20 27 26 22 23 20 21 24 25 22 21 21 21 20 20 19 23 26 25 25 23 21 22 21 19 16 14 15 16 16 17 18 19 20 20 19 18 17
3 32 4 7 16 4 21 1 21 24 12 15 32 12 15 17 10 34 8 3 22 8 28 7 21 10 14 42 16 25 5 11 15 11 14 10 18 18 11 9 34 7 16 25 0 7 34 27 12 24 8 11 22 8 32 7 27 32 12 31 12 10 6 12 4 2 10 8 11 10 12 11 13 12 11 15 12 10 13 8 4 5 4 3 14 14 11 11 11 13 15 16 15 14 12 11 13 14 15 15 15
7 28 7 7 15 5 19 7 17 23 13 14 28 8 15 16 11 30 6 6 20 5 24 8 19 13 10 40 15 23 5 12 14 12 14 6 17 17 7 7 30 6 15 23 7 0 32 23 8 22 6 12 20 9 28 6 26 28 10 27 10 11 2 11 7 6 6 4 7 6 10 11 8 8 10 12 8 9 9 4 4 3 5 7 13 13 9 10 10 12 12 12 10 9 8 7 9 10 11 10 11
31 34 31 36 22 33 18 34 25 23 31 25 34 28 33 34 31 36 31 32 19 30 29 36 18 37 26 8 29 26 35 32 25 39 25 33 23 28 32 32 36 37 26 26 34 32 0 28 30 17 34 39 19 38 34 37 24 33 27 29 24 32 33 28 35 34 30 31 29 29 31 32 30 29 29 29 29 29 28 31 34 34 33 31 30 30 29 27 24 22 24 24 25 26 27 28 27 25 25 26 25
25 8 25 24 16 24 16 27 14 23 19 21 8 17 26 28 20 10 24 26 17 24 3 24 17 31 14 36 26 23 25 20 21 27 20 22 20 25 21 26 10 25 21 23 27 23 28 0 20 19 23 27 16 26 8 26 11 8 21 10 18 20 21 19 28 26 20 19 17 17 19 20 18 17 20 20 20 20 19 19 23 23 24 25 24 24 22 21 18 16 15 15 14 15 16 17 15 13 13 14 13
11 25 11 11 13 10 18 13 14 21 13 15 25 9 16 17 11 27 11 11 19 11 21 8 18 18 10 38 17 21 10 13 15 16 14 6 18 19 5 12 27 10 15 21 12 8 30 20 0 21 7 16 18 12 25 9 23 25 12 24 12 11 7 5 15 13 2 6 8 8 11 10 10 9 5 6 2 4 3 6 10 9 11 11 15 15 12 12 11 9 7 6 7 6 7 7 10 10 9 9 8
21 24 21 26 12 23 8 24 15 16 21 16 24 19 23 24 22 26 21 22 9 20 20 26 8 27 16 25 20 17 25 22 16 29 16 24 14 19 23 22 26 27 17 17 24 22 17 19 21 0 25 29 9 28 24 27 14 24 17 19 14 22 23 18 25 24 21 21 19 19 21 22 20 19 19 19 20 20 19 21 24 25 23 21 20 20 19 17 14 12 15 15 15 16 18 19 17 15 15 16 15
7 29 8 5 17 6 22 8 17 25 7 19 29 8 19 21 6 31 12 6 23 11 24 2 22 14 11 42 21 26 7 7 19 9 18 4 22 23 6 13 31 3 20 26 8 6 34 23 7 25 0 9 23 6 29 3 28 28 16 27 16 6 5 11 9 7 7 5 8 7 6 6 6 7 11 11 9 10 10 5 6 6 6 7 19 19 15 16 15 14 12 11 11 10 9 8 9 10 11 10 11
10 32 9 9 22 9 26 11 21 30 10 22 32 12 22 24 9 34 14 10 27 13 28 9 26 15 15 47 22 31 10 9 22 0 21 13 25 24 14 15 34 11 22 31 11 12 39 27 16 29 9 0 27 9 32 10 32 32 18 31 18 7 11 18 13 11 16 13 13 13 10 8 11 12 17 20 17 16 19 13 9 10 9 10 20 20 17 17 17 19 19 19 18 17 15 14 14 15 16 16 16
19 22 19 24 10 21 2 22 13 15 19 14 22 17 21 22 19 24 18 20 6 18 18 24 2 25 14 27 19 15 23 20 14 27 14 22 13 17 20 20 24 25 15 15 22 20 19 16 18 9 23 27 0 26 22 25 12 22 15 17 12 20 21 16 23 22 19 19 17 17 19 20 17 16 17 17 17 17 16 19 21 22 21 19 18 18 16 15 12 10 13 13 13 14 16 16 15 13 13 13 13
7 31 8 2 21 6 25 8 19 29 9 19 31 11 19 21 7 33 12 6 26 12 27 5 25 14 14 46 21 30 7 8 19 9 18 10 22 23 11 13 33 6 20 30 8 9 38 26 12 28 6 9 26 0 31 6 31 31 16 30 16 7 8 16 10 8 12 10 12 12 9 7 10 11 16 17 14 15 15 10 6 7 6 7 19 19 16 16 16 18 17 17 16 15 14 13 13 14 15 14 15
30 0 30 30 22 30 21 32 19 28 25 26 0 22 32 33 25 2 30 31 22 30 7 29 22 37 19 41 31 29 31 26 26 32 25 28 26 31 26 31 2 31 27 29 32 28 34 8 25 24 29 32 22 31 0 31 16 1 26 15 24 26 27 25 34 32 26 25 23 23 25 26 23 22 26 25 25 25 24 25 29 28 30 30 29 29 28 27 23 22 21 21 19 20 22 22 20 19 18 19 19
6 31 7 4 20 5 24 7 20 28 9 18 31 10 18 20 8 33 11 5 25 10 27 5 24 13 14 45 20 29 5 8 18 10 17 7 21 22 8 12 33 1 19 29 7 6 37 26 9 27 3 10 25 6 31 0 30 31 15 30 15 8 5 14 9 7 10 7 10 9 9 8 9 10 13 14 11 12 12 7 5 5 5 6 18 18 14 15 15 17 15 14 14 13 11 10 12 13 14 13 14
25 16 25 29 16 27 11 28 18 18 24 18 16 22 26 27 25 18 24 26 12 24 12 29 12 31 19 31 22 19 29 25 18 32 18 27 16 21 26 26 18 30 19 19 27 26 24 11 23 14 28 32 12 31 16 30 0 16 21 11 18 25 26 22 29 28 24 24 22 22 24 25 22 22 23 22 22 22 22 24 27 28 27 25 24 24 22 21 18 16 18 18 18 19 21 22 20 18 18 19 18
30 1 30 30 21 29 21 32 19 28 25 26 1 22 32 33 25 3 29 31 22 29 7 29 22 36 19 41 31 28 30 25 26 32 25 27 25 30 26 31 3 30 26 28 32 28 33 8 25 24 28 32 22 31 1 31 16 0 26 15 23 25 26 25 34 32 25 25 22 22 24 25 23 22 25 25 25 25 24 24 28 28 29 30 29 29 27 26 23 21 20 20 19 20 21 22 20 18 18 19 19
9 26 10 15 9 12 14 12 14 20 19 7 26 15 7 8 18 28 10 10 15 9 22 15 14 15 14 35 9 19 13 19 7 18 6 15 10 12 14 8 28 15 8 19 12 10 27 21 12 17 16 18 15 16 26 15 21 26 0 25 3 18 11 11 13 12 10 13 15 15 18 18 16 15 10 12 11 9 12 13 11 12 11 9 4 4 3 2 5 7 9 10 10 11 13 14 15 13 13 13 12
29 15 29 29 20 28 17 31 18 23 24 23 15 21 31 32 24 17 28 30 18 28 11 28 17 35 18 37 27 24 29 24 23 31 24 26 21 26 25 30 17 29 24 24 31 27 29 10 24 19 27 31 17 30 15 30 11 15 25 0 22 24 25 24 33 31 24 24 21 21 23 24 22 21 24 24 24 24 23 23 27 27 28 29 28 28 26 25 22 20 19 19 18 19 20 21 19 17 17 18 17
11 24 10 15 7 11 11 12 12 17 17 4 24 12 9 11 15 26 10 10 13 9 19 15 11 16 11 32 9 16 12 17 4 18 4 15 7 10 14 11 26 15 5 16 12 10 24 18 12 14 16 18 12 16 24 15 18 23 3 22 0 17 12 10 15 13 12 13 13 13 16 17 14 13 11 10 11 10 10 14 12 13 12 11 7 7 6 5 3 4 7 8 8 9 11 12 13 11 11 11 10
9 26 10 5 17 8 19 10 14 25 3 19 26 5 21 23 2 28 14 8 21 13 21 5 19 16 9 40 23 25 9 3 19 7 19 8 23 25 10 15 28 8 20 25 10 11 32 20 11 22 6 7 20 7 26 8 25 25 18 24 17 0 9 15 11 9 11 9 6 7 3 2 5 5 15 15 13 14 14 9 7 8 8 9 20 20 17 18 17 15 13 12 11 10 8 7 7 9 9 9 10
6 27 7 6 16 3 20 6 15 25 11 15 27 7 15 17 10 29 8 5 21 7 22 7 20 13 9 41 17 24 4 11 15 11 14 6 18 19 7 9 29 4 16 24 6 2 33 21 7 23 5 11 21 8 27 5 26 26 11 25 12 9 0 9 8 6 5 2 5 4 9 9 7 6 8 11 6 7 8 2 3 2 4 6 14 14 11 11 11 13 11 10 9 8 6 5 7 9 9 9 10
10 25 10 15 11 12 15 13 14 21 16 12 25 11 14 16 14 27 10 11 17 9 21 12 15 16 11 36 16 20 13 16 12 18 11 9 15 19 8 11 27 13 13 20 12 11 28 19 5 18 11 18 16 16 25 14 22 25 11 24 10 15 9 0 13 13 5 7 9 9 13 14 11 10 1 3 3 2 2 8 12 11 12 10 14 14 10 11 10 8 6 6 7 7 8 8 11 11 10 10 9
4 34 5 8 17 5 22 3 23 27 14 16 34 14 16 18 12 36 9 5 23 8 30 9 22 12 16 43 18 27 6 13 16 13 15 12 19 21 13 10 36 9 17 27 4 7 35 28 15 25 9 13 23 10 34 9 29 34 13 33 15 11 8 13 0 2 13 10 13 12 14 13 15 14 12 16 13 11 14 10 6 7 6 4 15 15 12 13 12 15 16 17 17 16 14 13 15 16 17 17 17
3 32 5 6 17 3 21 1 21 26 12 15 32 12 15 17 10 34 8 4 22 8 28 7 21 11 14 42 17 26 4 11 15 11 14 10 18 20 11 9 34 7 16 26 2 6 34 26 13 24 7 11 22 8 32 7 28 32 12 31 13 9 6 13 2 0 11 8 11 10 12 11 13 12 12 15 12 11 13 8 4 5 4 3 15 15 12 12 12 14 15 16 15 14 12 11 13 14 15 15 15
9 26 9 11 13 8 18 11 14 23 12 13 26 7 14 15 10 28 10 9 19 9 21 8 18 16 10 38 15 22 8 12 13 16 13 5 17 19 4 11 28 9 14 22 10 6 30 20 2 21 7 16 19 12 26 10 24 25 10 24 12 11 5 5 13 11 0 4 7 6 10 9 9 8 5 6 2 4 3 4 8 7 9 9 13 13 10 10 9 10 7 7 7 6 7 7 9 11 10 9 9
8 25 9 8 16 5 18 8 14 25 10 16 25 5 17 18 8 27 10 7 20 9 21 7 18 15 7 39 18 23 6 10 16 13 16 5 20 21 5 11 27 6 17 23 8 4 31 19 6 21 5 13 19 10 25 7 24 25 13 24 13 9 2 7 10 8 4 0 6 5 9 10 7 6 6 9 4 5 6 3 5 4 6 8 14 14 11 11 10 12 9 9 8 7 7 6 7 8 8 9 10
11 23 12 10 14 8 16 11 11 22 7 14 23 2 19 20 5 25 13 10 18 12 18 9 16 18 5 37 20 20 9 7 14 13 14 8 18 22 5 14 25 9 15 20 11 7 29 17 8 19 8 13 17 12 23 10 22 22 15 21 13 6 5 9 13 11 7 6 0 1 5 6 3 2 9 9 8 8 8 3 8 7 9 11 17 17 14 13 12 10 7 6 5 4 2 1 3 4 5 4 5
10 23 11 10 14 7 16 10 11 22 7 15 23 3 19 20 6 25 12 9 17 11 18 9 16 17 5 37 20 21 8 7 15 13 14 7 18 22 6 13 25 8 16 21 10 6 29 17 8 19 7 13 17 12 23 9 22 22 15 21 13 7 4 9 12 10 6 5 1 0 6 6 4 3 8 9 7 7 8 2 7 6 8 10 16 16 13 13 12 10 7 7 5 5 3 2 4 5 6 5 6
10 25 12 7 16 10 18 12 13 24 4 17 25 4 22 23 2 27 15 10 19 15 20 8 18 18 7 39 24 24 11 4 17 10 17 7 21 24 9 16 27 9 18 24 12 10 31 19 11 21 6 10 19 9 25 9 24 24 18 23 16 3 9 13 14 12 10 9 5 6 0 2 2 3 12 13 11 11 11 7 9 9 9 10 21 21 17 17 15 13 10 10 9 8 6 5 5 7 7 7 8
9 26 11 6 17 8 19 11 14 25 4 19 26 5 21 23 2 28 14 9 21 13 21 6 19 17 9 40 23 25 9 3 19 8 18 7 22 25 9 15 28 9 20 25 11 11 32 20 10 22 6 8 20 7 26 8 25 25 18 24 17 2 9 14 13 11 9 10 6 6 2 0 4 4 14 14 11 13 12 8 7 8 7 9 20 20 17 18 16 14 12 11 10 9 7 6 7 8 8 8 9
11 23 13 9 14 10 17 13 12 22 5 15 23 2 20 21 3 25 14 11 18 13 19 8 17 19 6 38 22 22 11 5 15 11 15 7 19 22 7 15 25 9 16 22 13 8 30 18 10 20 6 11 17 10 23 9 22 23 16 22 14 5 7 11 15 13 9 7 3 4 2 4 0 1 11 11 10 10 10 5 10 9 10 11 19 19 16 15 13 11 9 8 7 6 4 3 4 5 6 5 6
12 22 13 9 13 9 16 12 11 21 6 15 22 1 19 21 4 24 14 11 17 13 18 8 16 19 5 37 21 21 10 6 15 12 14 8 18 21 6 15 24 10 16 21 12 8 29 17 9 19 7 12 16 11 22 10 22 22 15 21 13 5 6 10 14 12 8 6 2 3 3 4 1 0 10 10 9 9 9 4 9 8 10 12 18 18 15 14 13 11 8 7 6 5 3 2 3 5 5 5 6
9 26 9 14 11 11 16 12 14 22 15 12 26 11 13 15 14 28 9 10 18 8 21 12 16 15 12 37 15 21 12 15 12 17 12 9 16 18 8 10 28 12 13 21 11 10 29 20 5 19 11 17 17 16 26 13 23 25 10 24 11 15 8 1 12 12 5 6 9 8 12 14 11 10 0 4 4 1 3 7 11 10 11 9 13 13 9 10 9 9 7 6 8 7 9 9 11 12 11 10 9
12 25 13 15 11 14 16 15 14 22 16 12 25 11 16 18 14 27 13 13 17 12 21 13 16 19 12 37 18 21 14 16 12 20 11 10 15 19 9 14 27 14 13 21 15 12 29 20 6 19 11 20 17 17 25 14 22 25 12 24 10 15 11 3 16 15 6 9 9 9 13 14 11 10 4 0 5 5 4 10 14 13 14 12 16 16 12 13 10 8 6 6 7 7 8 8 11 11 11 10 9
10 25 10 12 12 9 16 12 14 21 14 13 25 9 14 16 12 27 10 11 18 10 21 10 16 16 11 37 16 20 10 14 13 17 12 7 16 19 6 11 27 10 14 20 12 8 29 20 2 20 9 17 17 14 25 11 22 25 11 24 11 13 6 3 13 12 2 4 8 7 11 11 10 9 4 5 0 3 2 6 9 8 10 10 14 14 11 11 10 9 6 6 7 6 8 8 10 11 10 9 9
8 25 8 13 12 10 17 11 14 22 14 12 25 10 12 14 13 27 8 9 18 7 21 11 17 14 11 37 14 20 11 14 12 16 12 8 15 17 7 9 27 11 13 20 10 9 29 20 4 20 10 16 17 15 25 12 22 25 9 24 10 14 7 2 11 11 4 5 8 7 11 13 10 9 1 5 3 0 4 6 10 9 10 8 12 12 8 9 8 10 8 7 8 8 9 9 11 12 12 11 10
10 24 11 14 11 11 16 13 13 21 15 12 24 10 15 17 13 26 11 11 17 10 20 11 16 17 10 36 17 19 11 15 12 19 11 8 15 19 7 12 26 12 13 19 13 9 28 19 3 19 10 19 16 15 24 12 22 24 12 23 10 14 8 2 14 13 3 6 8 8 11 12 10 9 3 4 2 4 0 6 10 9 11 10 13 13 10 10 10 8 5 5 6 6 7 7 9 10 9 9 8
8 25 9 8 16 5 18 8 13 24 9 16 25 5 17 18 8 27 10 7 19 9 20 7 18 15 7 39 18 23 6 9 16 13 16 5 19 21 5 11 27 6 17 23 8 4 31 19 6 21 5 13 19 10 25 7 24 24 13 23 14 9 2 8 10 8 4 3 3 2 7 8 5 4 7 10 6 6 6 0 5 4 6 8 14 14 11 11 11 12 9 9 7 7 5 4 6 7 8 7 8
4 29 5 5 16 1 21 4 17 25 10 14 29 10 15 16 8 31 8 3 22 7 24 6 21 11 11 42 16 26 2 9 14 9 14 8 18 19 9 9 31 5 15 26 4 4 34 23 10 24 6 9 21 6 29 5 27 28 11 27 12 7 3 12 6 4 8 5 8 7 9 7 10 9 11 14 9 10 10 5 0 1 1 4 14 14 11 11 11 14 13 12 11 10 8 7 9 10 11 11 11
5 28 6 5 17 2 21 5 17 26 11 15 28 9 16 17 9 30 8 4 23 8 24 6 21 12 11 42 17 25 3 10 15 10 15 7 18 20 8 9 30 4 16 25 5 3 34 23 9 25 6 10 22 7 28 5 28 28 12 27 13 8 2 11 7 5 7 4 7 6 9 8 9 8 10 13 8 9 9 4 1 0 2 5 15 15 11 12 12 14 12 11 10 9 7 6 8 10 10 10 11
3 30 5 5 16 1 20 4 18 25 10 14 30 11 14 16 9 32 7 3 22 6 25 6 20 11 12 41 16 25 2 9 14 9 13 9 17 19 10 8 32 5 15 25 4 5 33 24 11 23 6 9 21 6 30 5 27 29 11 28 12 8 4 12 6 4 9 6 9 8 9 7 10 10 11 14 10 10 11 6 1 2 0 3 14 14 11 11 11 13 14 13 12 11 9 8 10 11 12 12 12
0 30 2 6 14 4 18 3 19 24 11 12 30 13 12 14 10 32 5 1 19 5 26 6 18 8 15 39 14 23 5 10 12 10 11 10 15 17 12 6 32 6 13 23 3 7 31 25 11 21 7 10 19 7 30 6 25 30 9 29 11 9 6 10 4 3 9 8 11 10 10 9 11 12 9 12 10 8 10 8 4 5 3 0 12 12 9 9 9 11 12 13 14 13 12 11 12 14 14 14 15
12 29 12 18 12 14 17 15 18 23 23 11 29 18 5 8 21 31 12 13 18 12 25 18 17 17 17 38 9 21 15 22 11 20 10 17 13 12 16 10 31 18 12 21 14 13 30 24 15 20 19 20 18 19 29 18 24 29 4 28 7 20 14 14 15 15 13 14 17 16 21 20 19 18 13 16 14 12 13 14 14 15 14 12 0 4 7 6 9 11 13 14 14 15 17 18 19 17 17 17 16
12 29 12 18 12 14 17 15 18 23 23 11 29 18 6 9 21 31 11 13 18 11 25 18 17 15 16 38 10 22 15 22 11 20 10 17 14 13 16 8 31 18 12 22 14 13 30 24 15 20 19 20 18 19 29 18 24 29 4 28 7 20 14 14 15 15 13 14 17 16 21 20 19 18 13 16 14 12 13 14 14 15 14 12 4 0 5 5 8 10 11 12 13 14 15 16 17 16 15 15 14
9 28 9 14 11 11 16 11 16 22 20 9 28 16 8 9 18 30 9 10 17 8 23 15 16 14 15 37 9 21 12 19 9 17 9 14 13 13 13 6 30 15 10 21 11 9 29 22 12 19 15 17 16 16 28 14 22 27 3 26 6 17 11 10 12 12 10 11 14 13 17 17 16 15 9 12 11 8 10 11 11 11 11 9 7 5 0 5 6 9 10 11 11 12 14 15 16 14 14 14 13
9 27 9 15 10 11 14 12 15 21 19 8 27 15 8 10 18 29 10 10 16 9 22 15 14 16 12 35 10 19 12 19 8 17 7 15 11 13 14 9 29 15 9 19 11 10 27 21 12 17 16 17 15 16 27 15 21 26 2 25 5 18 11 11 13 12 10 11 13 13 17 18 15 14 10 13 11 9 10 11 11 12 11 9 6 5 5 0 4 6 7 8 9 10 11 12 13 11 11 11 10
9 23 9 15 6 11 11 12 12 18 17 6 23 12 9 11 15 25 9 10 12 9 19 15 11 16 11 32 11 16 12 17 6 17 6 14 10 12 13 10 25 15 7 16 11 10 24 18 11 14 15 17 12 16 23 15 18 23 5 22 3 17 11 10 12 12 9 10 12 12 15 16 13 13 9 10 10 8 10 11 11 12 11 9 9 8 6 4 0 3 6 7 8 9 10 11 12 10 10 10 9
11 22 11 17 4 13 9 14 10 16 15 7 22 10 11 13 13 24 12 12 11 11 17 16 9 18 8 30 13 14 14 15 7 19 7 13 11 14 12 13 24 17 8 14 13 12 22 16 9 12 14 19 10 18 22 17 16 21 7 20 4 15 13 8 15 14 10 12 10 10 13 14 11 11 9 8 9 10 8 12 14 14 13 11 11 10 9 6 3 0 3 4 5 6 8 9 9 8 7 8 7
12 21 12 16 7 14 12 15 9 17 12 8 21 8 12 14 11 23 13 13 13 12 16 13 12 19 7 32 14 15 15 13 8 19 8 10 12 16 9 14 23 15 9 15 15 12 24 15 7 15 12 19 13 17 21 15 18 20 9 19 7 13 11 6 16 15 7 9 7 7 10 12 9 8 7 6 6 8 5 9 13 12 14 12 13 11 10 7 6 3 0 1 2 3 5 6 7 7 6 5 4
13 21 13 15 8 13 12 16 9 17 12 9 21 8 13 15 11 23 14 14 13 13 16 13 12 20 7 32 15 16 14 13 9 19 9 10 13 17 9 15 23 14 10 16 16 12 24 15 6 15 11 19 13 17 21 14 18 20 10 19 8 12 10 6 17 16 7 9 6 7 10 11 8 7 6 6 6 7 5 9 12 11 13 13 14 12 11 8 7 4 1 0 2 3 4 5 7 7 6 5 4
14 19 14 15 9 12 12 15 8 17 11 10 19 6 14 16 9 21 15 14 14 14 15 12 12 21 5 33 16 16 13 11 10 18 9 9 13 17 8 15 21 13 11 16 15 10 25 14 7 15 11 18 13 16 19 14 18 19 10 18 8 11 9 7 17 15 7 8 5 5 9 10 7 6 8 7 7 8 6 7 11 10 12 14 14 13 11 9 8 5 2 2 0 1 3 4 5 5 4 3 2
13 20 15 14 10 11 13 14 9 18 10 11 20 5 15 17 8 22 15 13 14 14 16 11 13 21 5 34 17 17 12 10 11 17 10 8 14 18 7 16 22 12 12 17 14 9 26 15 6 16 10 17 14 15 20 13 19 20 11 19 9 10 8 7 16 14 6 7 4 5 8 9 6 5 7 7 6 8 6 7 10 9 11 13 15 14 12 10 9 6 3 3 1 0 2 3 4 5 4 3 3
12 22 13 12 12 9 15 12 10 20 9 12 22 4 17 18 7 24 14 11 16 13 17 11 15 19 5 35 18 18 10 9 12 15 12 8 16 20 5 15 24 10 13 18 12 8 27 16 7 18 9 15 16 14 22 11 21 21 13 20 11 8 6 8 14 12 7 7 2 3 6 7 4 3 9 8 8 9 7 5 8 7 9 12 17 15 14 11 10 8 5 4 3 2 0 1 4 5 4 4 4
11 22 12 11 13 8 16 11 11 21 8 13 22 3 18 19 6 24 13 10 17 12 18 10 16 18 5 36 19 19 9 8 13 14 13 8 17 21 4 14 24 9 14 19 11 7 28 17 7 19 8 14 16 13 22 10 22 22 14 21 12 7 5 8 13 11 7 6 1 2 5 6 3 2 9 8 8 9 7 4 7 6 8 11 18 16 15 12 11 9 6 5 4 3 1 0 3 4 4 4 5
12 20 14 11 11 10 14 13 9 22 7 14 20 2 18 20 6 22 15 12 15 14 16 10 14 20 3 35 20 20 11 7 14 14 14 10 17 21 7 16 22 11 15 20 13 9 27 15 10 17 9 14 15 13 20 12 20 20 15 19 13 7 7 11 15 13 9 7 3 4 5 7 4 3 11 11 10 11 9 6 9 8 10 12 19 17 16 13 12 9 7 7 5 4 4 3 0 2 2 3 4
14 19 15 13 10 11 12 14 7 21 8 13 19 4 17 19 7 21 16 13 14 15 14 12 12 21 1 33 19 20 12 9 13 15 12 11 16 20 8 17 21 13 14 20 14 10 25 13 10 15 10 15 13 14 19 13 18 18 13 17 11 9 9 11 16 14 11 8 4 5 7 8 5 5 12 11 11 12 10 7 10 10 11 14 17 16 14 11 10 8 7 7 5 5 5 4 2 0 1 2 3
14 18 16 13 9 12 12 15 7 21 9 12 18 4 16 18 8 20 17 14 13 16 14 12 12 22 1 33 18 19 13 9 12 16 12 11 15 19 8 18 20 13 13 19 15 11 25 13 9 15 11 16 13 15 18 14 18 18 13 17 11 9 9 10 17 15 10 8 5 6 7 8 6 5 11 11 10 12 9 8 11 10 12 14 17 15 14 11 10 7 6 6 4 4 4 4 2 1 0 1 2
14 19 16 13 10 12 13 15 8 20 9 12 19 4 17 18 7 21 16 14 14 15 15 12 13 22 2 34 18 18 13 9 12 16 12 11 16 20 8 17 21 13 13 18 15 10 26 14 9 16 10 16 13 14 19 13 19 19 13 18 11 9 9 10 17 15 9 9 4 5 7 8 5 5 10 10 9 11 9 7 11 10 12 14 17 15 14 11 10 8 5 5 3 3 4 4 3 2 1 0 1
15 19 16 14 10 12 12 15 7 19 10 11 19 5 16 17 8 21 16 14 14 15 15 13 12 22 3 33 17 17 13 10 11 16 11 11 15 19 9 17 21 14 12 17 15 11 25 13 8 15 11 16 13 15 19 14 18 19 12 17 10 10 10 9 17 15 9 10 5 6 8 9 6 6 9 9 9 10 8 8 11 11 12 15 16 14 13 10 9 7 4 4 2 3 4 5 4 3 2 1 0