0 31 1 3 24 12 19 30 10 17 31 32 13 10 13 11 13 24 12 12 31 23 11 11 24 6 16 9 24 20 6 7 18 11 26 29 12 29 4 9 24 13 6 20 7 9 29 13 17 8 31 13 31 31 15 30 15 6 17 13 10 9 7 10 4 3 9 9 11 10 10 9 11 12 9 12 10 8 10 9 4 5 3 0 12 12 9 9 9 11 12 13 14 13 12 11 12 14 14 14 15
31 0 31 32 16 31 22 1 31 27 34 1 22 32 18 24 33 16 25 29 1 28 25 33 16 35 17 27 30 15 34 29 22 25 8 3 26 16 30 26 11 33 31 26 32 27 7 33 14 27 0 34 1 0 28 1 22 28 20 27 31 26 27 26 34 33 26 26 23 23 25 26 24 23 26 26 26 26 25 25 29 29 30 31 30 30 28 27 24 22 21 21 20 21 22 23 21 19 19 20 20
1 31 0 2 24 11 19 30 9 18 31 32 13 9 13 11 14 24 12 12 31 22 11 12 24 5 16 10 23 20 5 7 18 10 26 28 12 29 5 10 24 14 6 20 7 8 28 14 17 9 31 14 30 31 16 30 15 5 17 14 9 9 6 10 5 4 9 8 11 10 11 10 12 12 9 12 10 8 11 8 4 5 4 1 12 12 8 9 9 11 12 13 14 14 12 11 13 14 15 15 15
3 32 2 0 26 13 21 32 11 20 33 33 15 11 14 13 16 26 14 14 33 24 13 10 26 3 18 12 25 22 6 9 20 12 28 30 13 30 7 12 26 16 8 22 9 10 30 16 19 11 32 13 32 32 18 32 17 7 19 16 11 11 8 12 7 6 11 10 13 12 13 12 14 14 11 14 12 10 13 10 6 7 6 3 14 14 10 11 11 13 14 15 16 16 14 13 15 16 17 17 17
24 16 24 26 0 30 11 16 29 16 23 17 18 30 12 22 27 1 23 21 17 18 24 26 1 29 16 25 19 4 29 27 11 18 12 14 22 11 25 25 6 27 29 18 31 25 14 27 12 26 16 27 16 16 17 16 20 26 9 18 29 25 25 22 28 27 24 23 21 22 24 25 22 21 23 22 22 22 21 23 27 26 26 24 23 23 22 21 17 16 17 17 18 19 20 20 19 18 17 18 18
12 31 11 13 30 0 25 30 4 28 37 32 14 6 18 11 25 29 10 23 31 30 8 23 29 16 14 6 31 26 9 7 24 21 26 29 20 29 11 7 25 25 8 26 10 15 29 25 18 5 31 25 30 31 27 30 12 12 23 25 4 6 12 19 14 12 15 14 11 12 8 7 9 10 19 20 17 18 18 13 11 11 11 12 23 23 19 20 20 20 17 17 16 15 13 12 12 14 14 14 15
19 22 19 21 11 25 0 21 25 12 18 23 15 26 9 18 22 11 19 18 22 14 19 21 11 24 11 21 15 7 23 23 6 13 18 20 17 17 20 20 12 22 25 14 26 21 20 22 13 21 22 22 21 22 13 21 16 22 4 14 25 20 21 17 23 22 19 20 17 17 19 21 18 17 18 17 18 18 17 19 22 22 21 19 18 18 17 16 12 11 13 13 14 14 16 17 15 14 13 14 14
30 1 30 32 16 30 21 0 30 26 34 2 21 31 19 23 33 15 24 29 1 28 24 32 15 35 16 26 29 15 33 28 22 24 7 3 26 15 29 25 11 33 30 26 31 26 6 33 14 26 1 33 1 1 27 0 21 27 20 26 30 25 26 25 33 32 26 25 23 22 24 26 23 22 26 25 25 25 24 24 29 28 30 30 29 29 28 27 23 22 21 21 19 20 21 22 20 19 18 19 19
10 31 9 11 29 4 25 30 0 27 36 32 13 2 18 11 23 29 9 21 31 29 7 21 29 14 14 5 30 26 5 6 23 19 26 28 19 29 10 6 24 23 8 25 9 14 28 23 17 4 31 23 30 31 25 30 11 11 22 23 0 5 12 18 14 12 14 13 10 11 7 6 8 9 18 19 16 17 17 13 10 11 10 10 21 21 17 18 18 19 16 16 15 14 12 11 11 13 13 13 14
17 27 18 20 16 28 12 26 27 0 23 28 15 27 12 19 15 15 20 10 27 10 23 19 15 23 16 22 11 12 23 24 12 11 22 24 18 21 20 21 17 15 23 20 24 22 24 15 16 23 27 20 26 27 5 26 20 21 10 9 27 23 20 17 21 20 19 20 18 18 21 22 19 18 18 18 17 18 17 20 20 21 20 17 15 16 15 14 12 12 13 13 13 14 16 17 18 17 17 16 15
31 34 31 33 23 37 18 34 36 23 0 35 25 38 19 29 33 23 30 29 34 25 31 33 23 35 23 32 26 19 35 35 18 25 30 32 29 29 32 32 24 33 36 26 37 32 32 33 24 33 34 34 34 34 24 34 28 33 14 25 36 32 32 28 35 34 30 30 28 29 31 32 30 29 29 29 29 29 28 30 34 33 33 31 30 30 29 27 24 22 24 24 25 26 27 27 27 25 25 26 25
32 1 32 33 17 32 23 2 32 28 35 0 23 33 19 25 34 17 26 30 2 29 26 34 17 36 18 28 31 16 35 30 23 26 9 4 27 17 31 27 12 34 32 27 33 28 8 34 15 28 1 35 2 1 29 2 23 29 21 28 32 27 28 27 35 34 27 27 24 24 26 27 25 24 27 27 27 27 26 26 30 30 31 32 31 31 29 28 25 23 22 22 21 22 23 24 22 20 20 21 21
13 22 13 15 18 14 15 21 13 15 25 23 0 15 8 4 17 18 6 15 22 17 9 17 18 17 6 8 18 14 14 10 14 10 17 19 6 20 10 8 15 17 13 16 13 7 19 17 8 9 22 18 21 22 15 21 7 8 13 12 13 9 7 6 14 12 6 5 3 4 7 8 5 4 6 6 5 5 5 5 9 8 10 13 15 15 13 11 9 7 4 4 2 1 2 2 5 5 5 4 4
10 32 9 11 30 6 26 31 2 27 38 33 15 0 19 12 23 30 11 21 32 31 9 21 30 14 15 7 32 27 7 8 25 19 27 30 20 30 10 8 25 23 8 27 8 15 30 23 18 6 32 23 31 32 25 31 12 12 24 23 2 7 13 19 14 13 16 15 12 13 9 8 10 11 18 21 18 17 19 15 11 12 11 10 21 21 17 18 18 20 18 18 17 16 14 13 13 15 15 15 16
13 18 13 14 12 18 9 19 18 12 19 19 8 19 0 11 15 12 12 11 19 14 12 15 12 17 4 14 15 8 17 16 6 7 14 16 11 17 14 13 13 15 18 8 19 14 16 15 6 14 18 16 18 18 12 19 9 15 5 9 18 13 14 10 17 16 13 13 11 10 12 14 11 10 11 10 11 11 10 12 15 16 15 13 12 12 10 9 6 4 7 7 7 8 9 10 8 7 6 7 7
11 24 11 13 22 11 18 23 11 19 29 25 4 12 11 0 21 22 3 18 24 21 8 18 22 16 7 6 22 18 12 8 17 14 19 22 10 22 8 5 18 21 9 19 11 5 22 21 11 7 24 20 23 24 19 23 6 6 16 16 11 6 5 10 12 10 6 3 2 1 5 5 3 3 9 10 7 8 9 3 8 7 9 11 17 17 14 14 13 11 8 7 6 5 3 2 4 5 6 5 6
13 33 14 16 27 25 22 33 23 15 33 34 17 23 15 21 0 26 22 8 34 21 24 10 26 18 19 22 22 23 19 20 20 11 29 31 18 31 16 22 27 0 19 22 20 19 31 0 20 21 33 8 33 33 13 33 21 17 19 15 23 22 16 16 17 16 15 18 20 20 23 22 21 20 15 17 16 14 17 18 16 17 15 13 6 7 9 9 10 12 14 15 15 16 18 19 20 18 18 18 17
24 16 24 26 1 29 11 15 29 15 23 17 18 30 12 22 26 0 23 21 16 17 23 26 0 28 15 25 18 4 28 27 11 18 13 14 22 10 25 24 6 26 29 18 30 25 14 26 12 25 16 27 15 16 16 15 20 26 9 17 29 24 25 21 28 27 23 23 21 21 23 25 22 21 22 22 22 22 21 23 27 26 26 24 23 23 22 20 17 15 17 17 17 18 20 20 19 18 17 18 18
12 25 12 14 23 10 19 24 9 20 30 26 6 11 12 3 22 23 0 20 25 22 7 21 23 17 8 4 23 19 12 7 18 15 20 23 12 23 11 3 18 22 8 20 10 8 23 22 11 5 25 23 24 25 20 24 6 9 17 17 9 5 8 12 14 12 8 6 3 4 4 4 2 2 12 12 10 11 11 6 10 9 11 12 20 20 17 16 14 12 10 9 8 7 5 4 4 6 6 6 7
12 29 12 14 21 23 18 29 21 10 29 30 15 21 11 18 8 21 20 0 30 14 22 12 21 17 15 21 16 17 17 19 17 8 25 27 16 27 13 21 22 8 18 19 19 17 27 8 16 20 29 12 29 29 6 29 18 15 15 8 21 21 15 15 16 15 14 17 18 19 22 21 20 19 14 16 15 13 16 17 15 15 14 12 7 9 8 8 9 11 13 14 14 15 17 17 18 17 16 16 15
31 1 31 33 17 31 22 1 31 27 34 2 22 32 19 24 34 16 25 30 0 29 25 33 16 36 17 27 30 16 34 29 23 25 8 4 27 16 30 26 12 34 31 27 32 27 7 34 15 27 1 34 1 1 28 1 22 28 21 27 31 26 27 26 34 33 27 26 24 23 25 27 24 23 27 26 26 26 25 25 30 29 31 31 30 30 29 28 24 23 22 22 20 21 22 23 21 20 19 20 20
23 28 22 24 18 30 14 28 29 10 25 29 17 31 14 21 21 17 22 14 29 0 25 25 17 27 18 24 3 14 26 27 14 17 24 26 20 23 23 23 19 21 28 21 28 24 26 21 18 25 28 24 28 28 11 28 22 25 12 14 29 25 24 20 27 26 21 22 20 20 23 24 21 20 20 20 20 20 19 22 25 25 24 23 21 22 20 19 16 14 15 15 15 16 18 19 20 20 19 18 17
11 25 11 13 24 8 19 24 7 23 31 26 9 9 12 8 24 23 7 22 25 25 0 22 23 16 8 4 26 20 11 6 18 18 20 23 15 23 10 4 19 24 7 20 9 11 23 24 12 4 25 24 24 25 22 24 7 10 17 20 7 3 11 15 13 11 12 10 6 7 4 4 5 5 15 15 14 14 14 9 10 10 10 11 23 23 19 19 17 15 12 12 11 10 8 7 7 8 9 9 10
11 33 12 10 26 23 21 32 21 19 33 34 17 21 15 18 10 26 21 12 33 25 22 0 26 10 19 20 26 22 16 17 20 10 28 31 16 31 12 20 26 10 17 22 17 15 31 10 19 19 33 5 33 33 17 32 21 14 19 15 21 19 13 14 14 14 14 15 18 17 21 20 20 19 13 17 14 12 15 15 13 14 13 11 8 6 6 9 10 13 14 15 15 16 18 18 20 18 18 18 17
24 16 24 26 1 29 11 15 29 15 23 17 18 30 12 22 26 0 23 21 16 17 23 26 0 28 15 25 18 4 28 27 11 18 13 14 22 10 25 24 6 26 29 18 30 25 14 26 12 25 16 27 15 16 16 15 20 26 9 17 29 24 25 21 28 27 23 23 21 21 23 25 22 21 22 22 22 22 21 23 27 26 26 24 23 23 22 20 17 15 17 17 17 18 20 20 19 18 17 18 18
6 35 5 3 29 16 24 35 14 23 35 36 17 14 17 16 18 28 17 17 36 27 16 10 28 0 21 15 28 25 9 12 22 14 31 33 16 33 9 15 29 18 11 24 12 13 33 18 22 14 35 13 35 35 21 35 20 10 21 19 14 14 11 14 10 9 14 13 16 15 16 15 17 17 13 17 15 12 15 13 9 10 9 6 15 13 12 14 14 16 17 18 19 18 17 16 18 19 20 20 20
16 17 16 18 16 14 11 16 14 16 23 18 6 15 4 7 19 15 8 15 17 18 8 19 15 21 0 10 19 12 17 12 10 11 12 15 12 15 13 9 11 19 14 12 15 10 15 19 4 10 17 19 16 17 15 16 5 11 9 13 14 9 10 11 17 16 11 9 7 6 8 10 7 6 12 12 11 11 10 8 13 12 14 16 16 15 14 13 10 8 7 7 5 5 5 6 4 3 2 3 3
9 27 10 12 25 6 21 26 5 22 32 28 8 7 14 6 22 25 4 21 27 24 4 20 25 15 10 0 25 21 9 4 20 17 22 24 14 25 8 2 20 22 6 21 7 10 24 22 13 1 27 22 26 27 22 26 7 9 19 19 5 2 10 14 12 10 10 8 5 6 2 1 3 4 14 14 12 13 13 8 8 9 8 9 21 21 17 18 16 14 11 11 10 9 7 6 6 8 8 8 9
24 30 23 25 19 31 15 29 30 11 26 31 18 32 15 22 22 18 23 16 30 3 26 26 18 28 19 25 0 15 28 28 15 17 25 27 21 24 24 25 20 22 29 23 29 25 27 22 20 26 30 26 29 30 12 29 23 26 13 15 30 26 25 20 28 27 22 23 21 21 24 25 22 21 21 21 21 21 20 23 26 26 25 24 22 23 21 20 17 15 16 16 16 17 19 20 21 20 20 19 18
20 15 20 22 4 26 7 15 26 12 19 16 14 27 8 18 23 4 19 17 16 14 20 22 4 25 12 21 15 0 25 24 7 14 11 13 18 10 21 21 5 23 26 14 27 21 13 23 11 22 15 23 15 15 13 15 17 22 5 14 26 21 21 18 24 23 20 19 17 18 20 22 19 18 19 18 18 18 17 19 23 22 22 20 19 19 18 17 13 12 13 13 14 15 16 16 16 15 14 15 15
6 34 5 6 29 9 23 33 5 23 35 35 14 7 17 12 19 28 12 17 34 26 11 16 28 9 17 9 28 25 0 7 22 14 29 32 16 32 6 9 27 19 6 24 5 9 32 19 20 8 34 19 33 34 21 33 14 6 21 18 5 8 7 14 9 7 12 9 12 11 10 9 12 12 13 17 13 12 15 9 5 6 5 6 16 16 13 13 13 15 17 17 16 15 13 12 14 15 16 16 16
7 29 7 9 27 7 23 28 6 24 35 30 10 8 16 8 20 27 7 19 29 27 6 17 27 12 12 4 28 24 7 0 22 16 24 27 13 27 6 4 22 20 3 24 4 8 27 20 15 3 29 20 28 29 22 28 9 7 21 20 6 4 7 13 9 7 8 7 9 9 6 5 7 8 12 13 10 11 11 7 5 6 5 7 18 18 15 15 15 16 13 13 12 11 11 10 10 11 12 11 12
18 22 18 20 11 24 6 22 23 12 18 23 14 25 6 17 20 11 18 17 23 14 18 20 11 22 10 20 15 7 22 22 0 12 18 20 16 17 19 19 12 20 23 11 24 20 20 20 11 20 22 21 22 22 13 22 15 21 4 14 23 19 20 15 22 21 18 18 16 16 18 19 17 16 16 16 16 17 16 18 21 21 20 18 17 17 16 14 11 9 12 12 12 13 15 16 14 12 12 13 12
11 25 10 12 18 21 13 24 19 11 25 26 10 19 7 14 11 18 15 8 25 17 18 10 18 14 11 17 17 14 14 16 12 0 20 23 12 23 10 16 18 11 15 14 16 14 23 11 11 17 25 10 25 25 9 24 14 12 11 6 19 18 13 10 14 13 12 13 13 14 16 17 14 14 11 11 11 11 11 14 12 12 11 11 7 7 6 5 3 5 7 8 9 10 11 12 13 12 11 11 10
26 8 26 28 12 26 18 7 26 22 30 9 17 27 14 19 29 13 20 25 8 24 20 28 13 31 12 22 25 11 29 24 18 20 0 6 22 11 25 21 7 29 26 22 27 22 3 29 10 22 8 29 7 8 23 7 17 23 16 22 26 21 22 21 29 28 22 21 19 18 20 22 19 18 22 22 21 21 20 20 25 24 26 26 25 25 24 23 19 18 17 17 15 16 17 18 16 15 14 15 15
29 3 28 30 14 29 20 3 28 24 32 4 19 30 16 22 31 14 23 27 4 26 23 31 14 33 15 24 27 13 32 27 20 23 6 0 24 13 28 24 9 31 28 24 30 25 4 31 12 25 3 31 3 3 25 3 20 26 18 25 28 24 25 23 32 30 24 23 21 21 23 24 21 21 24 24 23 23 23 23 27 27 28 29 28 28 26 25 22 20 19 19 18 18 20 21 19 17 17 17 17
12 26 12 13 22 20 17 26 19 18 29 27 6 20 11 10 18 22 12 16 27 20 15 16 22 16 12 14 21 18 16 13 16 12 22 24 0 24 12 14 19 18 15 18 16 11 24 18 12 15 26 18 26 26 16 26 13 11 15 14 19 15 10 2 15 15 6 8 9 10 13 14 11 10 3 1 4 4 3 9 13 12 13 12 15 15 12 12 10 9 7 6 7 7 8 8 11 11 11 10 9
29 16 29 30 11 29 17 15 29 21 29 17 20 30 17 22 31 10 23 27 16 23 23 31 10 33 15 25 24 10 32 27 17 23 11 13 24 0 28 24 6 31 29 24 30 25 13 31 12 25 16 32 15 16 22 15 20 26 15 23 29 24 25 24 32 31 24 24 21 21 23 24 22 21 24 24 24 24 23 23 27 27 28 29 28 28 26 25 22 20 19 19 18 19 20 21 19 17 17 18 17
4 30 5 7 25 11 20 29 10 20 32 31 10 10 14 8 16 25 11 13 30 23 10 12 25 9 13 8 24 21 6 6 19 10 25 28 12 28 0 8 24 16 5 21 6 5 28 16 17 7 30 14 29 30 17 29 13 2 18 15 10 8 3 10 4 3 8 5 8 7 10 8 10 9 9 13 9 8 11 5 2 2 1 4 13 13 9 10 10 12 13 13 12 11 9 8 10 12 12 12 13
9 26 10 12 25 7 20 25 6 21 32 27 8 8 13 5 22 24 3 21 26 23 4 20 24 15 9 2 25 21 9 4 19 16 21 24 14 24 8 0 20 22 6 21 7 9 24 22 13 3 26 22 25 26 21 25 7 9 18 18 6 2 9 13 12 10 9 8 5 5 2 1 3 4 13 14 11 12 12 7 8 9 8 9 21 21 17 18 15 14 11 11 9 8 7 6 6 7 8 7 8
24 11 24 26 6 25 12 11 24 17 24 12 15 25 13 18 27 6 18 22 12 19 19 26 6 29 11 20 20 5 27 22 12 18 7 9 19 6 24 20 0 27 24 19 25 21 9 27 7 21 11 27 11 11 18 11 15 22 10 19 24 20 21 19 28 26 20 19 17 17 19 20 17 16 20 19 19 19 18 19 23 22 24 24 23 23 22 20 17 15 15 14 13 14 16 16 14 13 12 13 13
13 33 14 16 27 25 22 33 23 15 33 34 17 23 15 21 0 26 22 8 34 21 24 10 26 18 19 22 22 23 19 20 20 11 29 31 18 31 16 22 27 0 19 22 20 19 31 0 20 21 33 8 33 33 13 33 21 17 19 15 23 22 16 16 17 16 15 18 20 20 23 22 21 20 15 17 16 14 17 18 16 17 15 13 6 7 9 9 10 12 14 15 15 16 18 19 20 18 18 18 17
6 31 6 8 29 8 25 30 8 23 36 32 13 8 18 9 19 29 8 18 31 28 7 17 29 11 14 6 29 26 6 3 23 15 26 28 15 29 5 6 24 19 0 25 4 8 28 19 17 5 31 19 30 31 21 30 11 5 22 19 8 5 6 15 8 6 11 8 10 10 7 6 9 9 14 15 12 13 14 8 5 5 5 6 18 18 14 15 15 17 16 15 15 14 12 11 12 13 13 13 14
20 26 20 22 18 26 14 26 25 20 26 27 16 27 8 19 22 18 20 19 27 21 20 22 18 24 12 21 23 14 24 24 11 14 22 24 18 24 21 21 19 22 25 0 26 22 24 22 13 22 26 23 26 26 19 26 17 23 12 16 25 21 22 17 24 23 20 20 18 18 20 21 18 18 18 18 18 19 18 20 23 23 22 20 19 19 18 16 13 11 14 14 14 15 17 18 16 14 14 15 14
7 32 7 9 31 10 26 31 9 24 37 33 13 8 19 11 20 30 10 19 32 28 9 17 30 12 15 7 29 27 5 4 24 16 27 30 16 30 6 7 25 20 4 26 0 9 30 20 19 6 32 20 31 32 22 31 12 6 23 20 9 7 7 16 9 7 12 9 12 11 9 8 10 11 15 16 13 14 15 9 5 6 5 7 18 18 15 15 15 17 17 16 15 14 13 12 13 14 15 14 15
9 27 8 10 25 15 21 26 14 22 32 28 7 15 14 5 19 25 8 17 27 24 11 15 25 13 10 10 25 21 9 8 20 14 22 25 11 25 5 9 21 19 8 22 9 0 25 19 14 11 27 18 26 27 21 26 10 3 19 18 14 11 3 9 9 8 5 3 5 4 9 10 7 6 8 11 7 7 8 2 5 4 6 9 16 16 13 13 13 14 11 11 9 8 7 6 8 9 9 9 10
29 7 28 30 14 29 20 6 28 24 32 8 19 30 16 22 31 14 23 27 7 26 23 31 14 33 15 24 27 13 32 27 20 23 3 4 24 13 28 24 9 31 28 24 30 25 0 31 12 25 7 31 6 7 25 6 20 26 18 25 28 24 25 23 32 30 24 23 21 21 23 24 21 21 24 24 23 23 23 23 27 27 28 29 28 28 26 25 22 20 19 19 18 18 20 21 19 17 17 17 17
13 33 14 16 27 25 22 33 23 15 33 34 17 23 15 21 0 26 22 8 34 21 24 10 26 18 19 22 22 23 19 20 20 11 29 31 18 31 16 22 27 0 19 22 20 19 31 0 20 21 33 8 33 33 13 33 21 17 19 15 23 22 16 16 17 16 15 18 20 20 23 22 21 20 15 17 16 14 17 18 16 17 15 13 6 7 9 9 10 12 14 15 15 16 18 19 20 18 18 18 17
17 14 17 19 12 18 13 14 17 16 24 15 8 18 6 11 20 12 11 16 15 18 12 19 12 22 4 13 20 11 20 15 11 11 10 12 12 12 17 13 7 20 17 13 19 14 12 20 0 14 14 20 14 14 16 14 8 15 10 13 17 13 14 12 21 19 13 12 10 10 12 13 10 9 13 12 12 12 11 12 16 15 17 17 16 16 15 13 10 8 8 7 6 7 9 9 7 6 5 6 6
8 27 9 11 26 5 21 26 4 23 33 28 9 6 14 7 21 25 5 20 27 25 4 19 25 14 10 1 26 22 8 3 20 17 22 25 15 25 7 3 21 21 5 22 6 11 25 21 14 0 27 21 26 27 23 26 8 8 19 20 4 1 9 15 11 9 10 9 6 7 3 2 4 5 14 15 12 13 13 9 7 8 7 8 20 20 16 17 17 15 12 12 11 10 8 7 7 9 9 9 10
31 0 31 32 16 31 22 1 31 27 34 1 22 32 18 24 33 16 25 29 1 28 25 33 16 35 17 27 30 15 34 29 22 25 8 3 26 16 30 26 11 33 31 26 32 27 7 33 14 27 0 34 1 0 28 1 22 28 20 27 31 26 27 26 34 33 26 26 23 23 25 26 24 23 26 26 26 26 25 25 29 29 30 31 30 30 28 27 24 22 21 21 20 21 22 23 21 19 19 20 20
13 34 14 13 27 25 22 33 23 20 34 35 18 23 16 20 8 27 23 12 34 24 24 5 27 13 19 22 26 23 19 20 21 10 29 31 18 32 14 22 27 8 19 23 20 18 31 8 20 21 34 0 33 34 17 33 22 16 20 15 23 22 16 16 17 16 16 18 20 19 23 22 22 21 15 18 16 14 17 17 15 16 15 13 6 4 8 9 11 14 15 16 16 17 19 20 21 19 19 19 18
31 1 30 32 16 30 21 1 30 26 34 2 21 31 18 23 33 15 24 29 1 28 24 33 15 35 16 26 29 15 33 28 22 25 7 3 26 15 29 25 11 33 30 26 31 26 6 33 14 26 1 33 0 1 27 1 21 27 20 26 30 25 26 25 33 32 26 25 23 22 24 26 23 22 26 26 25 25 24 24 29 28 30 31 29 29 28 27 24 22 21 21 19 20 21 22 20 19 18 19 19
31 0 31 32 16 31 22 1 31 27 34 1 22 32 18 24 33 16 25 29 1 28 25 33 16 35 17 27 30 15 34 29 22 25 8 3 26 16 30 26 11 33 31 26 32 27 7 33 14 27 0 34 1 0 28 1 22 28 20 27 31 26 27 26 34 33 26 26 23 23 25 26 24 23 26 26 26 26 25 25 29 29 30 31 30 30 28 27 24 22 21 21 20 21 22 23 21 19 19 20 20
15 28 16 18 17 27 13 27 25 5 24 29 15 25 12 19 13 16 20 6 28 11 22 17 16 21 15 22 12 13 21 22 13 9 23 25 16 22 17 21 18 13 21 19 22 21 25 13 16 23 28 17 27 28 0 27 19 19 11 7 25 23 18 15 19 18 17 20 18 18 21 22 19 18 16 15 16 15 15 20 18 19 17 15 13 14 13 11 10 11 12 13 13 14 16 17 18 16 16 16 15
30 1 30 32 16 30 21 0 30 26 34 2 21 31 19 23 33 15 24 29 1 28 24 32 15 35 16 26 29 15 33 28 22 24 7 3 26 15 29 25 11 33 30 26 31 26 6 33 14 26 1 33 1 1 27 0 21 27 20 26 30 25 26 25 33 32 26 25 23 22 24 26 23 22 26 25 25 25 24 24 29 28 30 30 29 29 28 27 23 22 21 21 19 20 21 22 20 19 18 19 19
15 22 15 17 20 12 16 21 11 20 28 23 7 12 9 6 21 20 6 18 22 22 7 21 20 20 5 7 23 17 14 9 15 14 17 20 13 20 13 7 15 21 11 17 12 10 20 21 8 8 22 22 21 22 19 21 0 11 14 16 11 7 10 13 17 15 10 8 5 6 5 6 4 4 13 13 12 12 12 8 12 11 13 15 19 18 17 14 13 10 9 9 7 7 6 5 4 3 3 4 5
6 28 5 7 26 12 22 27 11 21 33 29 8 12 15 6 17 26 9 15 28 25 10 14 26 10 11 9 26 22 6 7 21 12 23 26 11 26 2 9 22 17 5 23 6 3 26 17 15 8 28 16 27 28 19 27 11 0 20 16 11 9 1 10 6 5 6 3 6 5 10 10 8 7 9 12 7 8 9 3 3 2 3 6 15 15 11 12 12 14 12 11 10 9 7 6 8 10 10 10 11
17 20 17 19 9 23 4 20 22 10 14 21 13 24 5 16 19 9 17 15 21 12 17 19 9 21 9 19 13 5 21 21 4 11 16 18 15 15 18 18 10 19 22 12 23 19 18 19 10 19 20 20 20 20 11 20 14 20 0 12 22 18 19 14 21 20 17 17 15 15 17 18 16 15 15 15 15 16 15 17 20 20 19 17 16 16 15 13 10 8 11 11 11 12 14 15 13 11 11 12 11
13 27 14 16 18 25 14 26 23 9 25 28 12 23 9 16 15 17 17 8 27 14 20 15 17 19 13 19 15 14 18 20 14 6 22 25 14 23 15 18 19 15 19 16 20 18 25 15 13 20 27 15 26 27 7 26 16 16 12 0 23 20 15 13 17 16 14 17 15 16 18 19 16 16 13 13 14 13 13 17 15 16 15 13 12 12 10 9 7 8 9 10 11 12 13 14 15 14 13 13 12
10 31 9 11 29 4 25 30 0 27 36 32 13 2 18 11 23 29 9 21 31 29 7 21 29 14 14 5 30 26 5 6 23 19 26 28 19 29 10 6 24 23 8 25 9 14 28 23 17 4 31 23 30 31 25 30 11 11 22 23 0 5 12 18 14 12 14 13 10 11 7 6 8 9 18 19 16 17 17 13 10 11 10 10 21 21 17 18 18 19 16 16 15 14 12 11 11 13 13 13 14
9 26 9 11 25 6 20 25 5 23 32 27 9 7 13 6 22 24 5 21 26 25 3 19 24 14 9 2 26 21 8 4 19 18 21 24 15 24 8 2 20 22 5 21 7 11 24 22 13 1 26 22 25 26 23 25 7 9 18 20 5 0 9 15 11 9 11 9 6 7 3 2 5 5 15 15 13 14 14 9 7 8 8 9 20 20 17 18 17 15 13 12 11 10 8 7 7 9 9 9 10
7 27 6 8 25 12 21 26 12 20 32 28 7 13 14 5 16 25 8 15 27 24 11 13 25 11 10 10 25 21 7 7 20 13 22 25 10 25 3 9 21 16 6 22 7 3 25 16 14 9 27 16 26 27 18 26 10 1 19 15 12 9 0 9 7 6 5 2 5 4 9 9 7 6 8 11 6 7 8 2 3 2 4 7 14 14 11 11 11 13 11 10 9 8 6 5 7 9 9 9 10
10 26 10 12 22 19 17 25 18 17 28 27 6 19 10 10 16 21 12 15 26 20 15 14 21 14 11 14 20 18 14 13 15 10 21 23 2 24 10 13 19 16 15 17 16 9 23 16 12 15 26 16 25 26 15 25 13 10 14 13 18 15 9 0 13 13 5 7 9 9 13 14 11 10 1 3 3 2 2 8 12 11 11 10 14 14 10 11 10 8 6 6 7 7 8 8 11 11 10 10 9
4 34 5 7 28 14 23 33 14 21 35 35 14 14 17 12 17 28 14 16 34 27 13 14 28 10 17 12 28 24 9 9 22 14 29 32 15 32 4 12 28 17 8 24 9 9 32 17 21 11 34 17 33 34 19 33 17 6 21 17 14 11 7 13 0 2 12 9 12 11 14 12 14 13 12 16 13 11 14 9 6 6 5 4 15 15 12 13 12 15 16 17 16 15 13 12 14 16 16 16 17
3 33 4 6 27 12 22 32 12 20 34 34 12 13 16 10 16 27 12 15 33 26 11 14 27 9 16 10 27 23 7 7 21 13 28 30 15 31 3 10 26 16 6 23 7 8 30 16 19 9 33 16 32 33 18 32 15 5 20 16 12 9 6 13 2 0 11 8 11 10 12 11 13 12 12 15 12 11 13 8 4 5 4 3 15 15 12 12 12 14 15 16 14 13 12 11 13 14 15 15 15
9 26 9 11 24 15 19 26 14 19 30 27 6 16 13 6 15 23 8 14 27 21 12 14 23 14 11 10 22 20 12 8 18 12 22 24 6 24 8 9 20 15 11 20 12 5 24 15 13 10 26 16 26 26 17 26 10 6 17 14 14 11 5 5 12 11 0 4 7 6 10 9 9 8 5 6 2 4 3 4 8 7 9 9 13 13 10 10 9 10 7 7 7 6 7 7 9 11 10 9 9
9 26 8 10 23 14 20 25 13 20 30 27 5 15 13 3 18 23 6 17 26 22 10 15 23 13 9 8 23 19 9 7 18 13 21 23 8 24 5 8 19 18 8 20 9 3 23 18 12 9 26 18 25 26 20 25 8 3 17 17 13 9 2 7 9 8 4 0 5 4 8 8 6 6 6 9 4 5 6 3 5 4 6 9 14 14 11 11 10 12 9 9 7 6 6 5 7 8 9 8 9
11 23 11 13 21 11 17 23 10 18 28 24 3 12 11 2 20 21 3 18 24 20 6 18 21 16 7 5 21 17 12 9 16 13 19 21 9 21 8 5 17 20 10 18 12 5 21 20 10 6 23 20 23 23 18 23 5 6 15 15 10 6 5 9 12 11 7 5 0 1 5 6 3 2 9 9 8 8 8 3 8 7 9 11 17 17 14 13 12 10 7 6 5 4 2 1 3 4 5 4 5
10 23 10 12 22 12 17 22 11 18 29 24 4 13 10 1 20 21 4 19 23 20 7 17 21 15 6 6 21 18 11 9 16 14 18 21 10 21 7 5 17 20 10 18 11 4 21 20 10 7 23 19 22 23 18 22 6 5 15 16 11 7 4 9 11 10 6 4 1 0 6 6 4 3 8 9 7 7 8 2 7 6 8 10 16 16 13 13 12 10 7 7 5 5 3 2 4 5 6 5 6
10 25 11 13 24 8 19 24 7 21 31 26 7 9 12 5 23 23 4 22 25 23 4 21 23 16 8 2 24 20 10 6 18 16 20 23 13 23 10 2 19 23 7 20 9 9 23 23 12 3 25 23 24 25 21 24 5 10 17 18 7 3 9 13 14 12 10 8 5 6 0 2 2 3 12 13 11 11 11 7 9 9 9 10 21 21 17 17 15 13 10 10 9 8 6 5 5 7 7 7 8
9 26 10 12 25 7 21 26 6 22 32 27 8 8 14 5 22 25 4 21 27 24 4 20 25 15 10 1 25 22 9 5 19 17 22 24 14 24 8 1 20 22 6 21 8 10 24 22 13 2 26 22 26 26 22 26 6 10 18 19 6 2 9 14 12 11 9 8 6 6 2 0 4 4 14 14 11 13 12 8 7 8 7 9 20 20 17 18 16 14 12 11 10 9 7 6 7 8 8 8 9
11 24 12 14 22 9 18 23 8 19 30 25 5 10 11 3 21 22 2 20 24 21 5 20 22 17 7 3 22 19 12 7 17 14 19 21 11 22 10 3 17 21 9 18 10 7 21 21 10 4 24 22 23 24 19 23 4 8 16 16 8 5 7 11 14 13 9 6 3 4 2 4 0 1 11 11 10 10 10 5 10 9 10 11 19 19 16 15 13 11 9 8 7 6 4 3 4 5 6 5 6
12 23 12 14 21 10 17 22 9 18 29 24 4 11 10 3 20 21 2 19 23 20 5 19 21 17 6 4 21 18 12 8 16 14 18 21 10 21 9 4 16 20 9 18 11 6 21 20 9 5 23 21 22 23 18 22 4 7 15 16 9 5 6 10 13 12 8 6 2 3 3 4 1 0 10 10 9 9 9 4 9 8 10 12 18 18 15 14 13 11 8 7 6 5 3 2 3 5 5 5 6
9 26 9 11 23 19 18 26 18 18 29 27 6 18 11 9 15 22 12 14 27 20 15 13 22 13 12 14 21 19 13 12 16 11 22 24 3 24 9 13 20 15 14 18 15 8 24 15 13 14 26 15 26 26 16 26 13 9 15 13 18 15 8 1 12 12 5 6 9 8 12 14 11 10 0 4 4 1 3 7 11 10 10 9 13 13 9 10 9 9 7 6 8 7 8 8 11 11 11 10 9
12 26 12 14 22 20 17 25 19 18 29 27 6 21 10 10 17 22 12 16 26 20 15 17 22 17 12 14 21 18 17 13 16 11 22 24 1 24 13 14 19 17 15 18 16 11 24 17 12 15 26 18 26 26 15 25 13 12 15 13 19 15 11 3 16 15 6 9 9 9 13 14 11 10 4 0 5 5 4 10 14 13 14 12 16 16 12 13 10 8 6 6 7 7 8 8 11 11 11 10 9
10 26 10 12 22 17 18 25 16 17 29 27 5 18 11 7 16 22 10 15 26 20 14 14 22 15 11 12 21 18 13 10 16 11 21 23 4 24 9 11 19 16 12 18 13 7 23 16 12 12 26 16 25 26 16 25 12 7 15 14 16 13 6 3 13 12 2 4 8 7 11 11 10 9 4 5 0 3 2 6 9 8 10 10 14 14 11 11 10 9 6 6 7 6 7 7 10 10 10 9 9
8 26 8 10 22 18 18 25 17 18 29 27 5 17 11 8 14 22 11 13 26 20 14 12 22 12 11 13 21 18 12 11 17 11 21 23 4 24 8 12 19 14 13 19 14 7 23 14 12 13 26 14 25 26 15 25 12 8 16 13 17 14 7 2 11 11 4 5 8 7 11 13 10 9 1 5 3 0 4 6 10 9 9 8 12 12 8 9 8 10 8 7 7 6 7 7 10 10 10 9 9
10 25 11 13 21 18 17 24 17 17 28 26 5 19 10 9 17 21 11 16 25 19 14 15 21 15 10 13 20 17 15 11 16 11 20 23 3 23 11 12 18 17 14 18 15 8 23 17 11 13 25 17 24 25 15 24 12 9 15 13 17 14 8 2 14 13 3 6 8 8 11 12 10 9 3 4 2 4 0 6 10 9 11 10 13 13 10 10 10 8 5 5 6 6 7 7 9 10 9 9 8
9 25 8 10 23 13 19 24 13 20 30 26 5 15 12 3 18 23 6 17 25 22 9 15 23 13 8 8 23 19 9 7 18 14 20 23 9 23 5 7 19 18 8 20 9 2 23 18 12 9 25 17 24 25 20 24 8 3 17 17 13 9 2 8 9 8 4 3 3 2 7 8 5 4 7 10 6 6 6 0 5 4 6 9 14 14 11 11 11 12 9 9 7 6 5 4 6 7 8 7 8
4 29 4 6 27 11 22 29 10 20 34 30 9 11 15 8 16 27 10 15 30 25 10 13 27 9 13 8 26 23 5 5 21 12 25 27 13 27 2 8 23 16 5 23 5 5 27 16 16 7 29 15 29 29 18 29 12 3 20 15 10 7 3 12 6 4 8 5 8 7 9 7 10 9 11 14 9 10 10 5 0 1 1 4 14 14 11 11 11 14 13 12 11 10 8 7 9 10 11 11 11
5 29 5 7 26 11 22 28 11 21 33 30 8 12 16 7 17 26 9 15 29 25 10 14 26 10 12 9 26 22 6 6 21 12 24 27 12 27 2 9 22 17 5 23 6 4 27 17 15 8 29 16 28 29 19 28 11 2 20 16 11 8 2 11 6 5 7 4 7 6 9 8 9 8 10 13 8 9 9 4 1 0 2 5 15 15 11 12 12 14 12 11 10 9 7 6 8 10 10 10 11
3 30 4 6 26 11 21 30 10 20 33 31 10 11 15 9 15 26 11 14 31 24 10 13 26 9 14 8 25 22 5 5 20 11 26 28 13 28 1 8 24 15 5 22 5 6 28 15 17 7 30 15 30 30 17 30 13 3 19 15 10 8 4 11 5 4 9 6 9 8 9 7 10 10 10 14 10 9 11 6 1 2 0 3 14 14 10 11 11 13 14 13 12 11 9 8 10 11 12 12 12
0 31 1 3 24 12 19 30 10 17 31 32 13 10 13 11 13 24 12 12 31 23 11 11 24 6 16 9 24 20 6 7 18 11 26 29 12 29 4 9 24 13 6 20 7 9 29 13 17 8 31 13 31 31 15 30 15 6 17 13 10 9 7 10 4 3 9 9 11 10 10 9 11 12 9 12 10 8 10 9 4 5 3 0 12 12 9 9 9 11 12 13 14 13 12 11 12 14 14 14 15
12 30 12 14 23 23 18 29 21 15 30 31 15 21 12 17 6 23 20 7 30 21 23 8 23 15 16 21 22 19 16 18 17 7 25 28 15 28 13 21 23 6 18 19 18 16 28 6 16 20 30 6 29 30 13 29 19 15 16 12 21 20 14 14 15 15 13 14 17 16 21 20 19 18 13 16 14 12 13 14 14 15 14 12 0 4 8 9 10 12 14 15 16 16 17 17 20 19 18 18 17
12 30 12 14 23 23 18 29 21 16 30 31 15 21 12 17 7 23 20 9 30 22 23 6 23 13 15 21 23 19 16 18 17 7 25 28 15 28 13 21 23 7 18 19 18 16 28 7 16 20 30 4 29 30 14 29 18 15 16 12 21 20 14 14 15 15 13 14 17 16 21 20 19 18 13 16 14 12 13 14 14 15 14 12 4 0 5 5 8 10 11 12 13 14 15 16 17 16 15 15 14
9 28 8 10 22 19 17 28 17 15 29 29 13 17 10 14 9 22 17 8 29 20 19 6 22 12 14 17 21 18 13 15 16 6 24 26 12 26 9 17 22 9 14 18 15 13 26 9 15 16 28 8 28 28 13 28 17 11 15 10 17 17 11 10 12 12 10 11 14 13 17 17 16 15 9 12 11 8 10 11 11 11 10 9 8 5 0 5 6 9 10 11 11 12 14 15 16 14 14 14 13
9 27 9 11 21 20 16 27 18 14 27 28 11 18 9 14 9 20 16 8 28 19 19 9 20 14 13 18 20 17 13 15 14 5 23 25 12 25 10 18 20 9 15 16 15 13 25 9 13 17 27 9 27 27 11 27 14 12 13 9 18 18 11 11 13 12 10 11 13 13 17 18 15 14 10 13 11 9 10 11 11 12 11 9 9 5 5 0 4 6 7 8 9 10 11 12 13 11 11 11 10
9 24 9 11 17 20 12 23 18 12 24 25 9 18 6 13 10 17 14 9 24 16 17 10 17 14 10 16 17 13 13 15 11 3 19 22 10 22 10 15 17 10 15 13 15 13 22 10 10 17 24 11 24 24 10 23 13 12 10 7 18 17 11 10 12 12 9 10 12 12 15 16 13 13 9 10 10 8 10 11 11 12 11 9 10 8 6 4 0 3 6 7 8 9 10 11 12 10 10 10 9
11 22 11 13 16 20 11 22 19 12 22 23 7 20 4 11 12 15 12 11 23 14 15 13 15 16 8 14 15 12 15 16 9 5 18 20 9 20 12 14 15 12 17 11 17 14 20 12 8 15 22 14 22 22 11 22 10 14 8 8 19 15 13 8 15 14 10 12 10 10 13 14 11 11 9 8 9 10 8 12 14 14 13 11 12 10 9 6 3 0 3 4 5 6 8 9 9 8 7 8 7
12 21 12 14 17 17 13 21 16 13 24 22 4 18 7 8 14 17 10 13 22 15 12 14 17 17 7 11 16 13 17 13 12 7 17 19 7 19 13 11 15 14 16 14 17 11 19 14 8 12 21 15 21 21 12 21 9 12 11 9 16 13 11 6 16 15 7 9 7 7 10 12 9 8 7 6 6 8 5 9 13 12 14 12 14 11 10 7 6 3 0 1 2 3 5 6 7 7 6 5 4
13 21 13 15 17 17 13 21 16 13 24 22 4 18 7 7 15 17 9 14 22 15 12 15 17 18 7 11 16 13 17 13 12 8 17 19 6 19 13 11 14 15 15 14 16 11 19 15 7 12 21 16 21 21 13 21 9 11 11 10 16 12 10 6 17 16 7 9 6 7 10 11 8 7 6 6 6 7 5 9 12 11 13 13 15 12 11 8 7 4 1 0 2 3 4 5 7 7 6 5 4
14 20 14 16 18 16 14 19 15 13 25 21 2 17 7 6 15 17 8 14 20 15 11 15 17 19 5 10 16 14 16 12 12 9 15 18 7 18 12 9 13 15 15 14 15 9 18 15 6 11 20 16 19 20 13 19 7 10 11 11 15 11 9 7 16 14 7 7 5 5 9 10 7 6 8 7 7 7 6 7 11 10 12 14 16 13 11 9 8 5 2 2 0 1 3 4 5 5 4 3 2
13 21 14 16 19 15 14 20 14 14 26 22 1 16 8 5 16 18 7 15 21 16 10 16 18 18 5 9 17 15 15 11 13 10 16 18 7 19 11 8 14 16 14 15 14 8 18 16 7 10 21 17 20 21 14 20 7 9 12 12 14 10 8 7 15 13 6 6 4 5 8 9 6 5 7 7 6 6 6 6 10 9 11 13 16 14 12 10 9 6 3 3 1 0 2 3 4 5 4 3 3
12 22 12 14 20 13 16 21 12 16 27 23 2 14 9 3 18 20 5 17 22 18 8 18 20 17 5 7 19 16 13 11 15 11 17 20 8 20 9 7 16 18 12 17 13 7 20 18 9 8 22 19 21 22 16 21 6 7 14 13 12 8 6 8 13 12 7 6 2 3 6 7 4 3 8 8 7 7 7 5 8 7 9 12 17 15 14 11 10 8 5 4 3 2 0 1 4 5 4 4 4
11 23 11 13 20 12 17 22 11 17 27 24 2 13 10 2 19 20 4 17 23 19 7 18 20 16 6 6 20 16 12 10 16 12 18 21 8 21 8 6 16 19 11 18 12 6 21 19 9 7 23 20 22 23 17 22 5 6 15 14 11 7 5 8 12 11 7 5 1 2 5 6 3 2 8 8 7 7 7 4 7 6 8 11 17 16 15 12 11 9 6 5 4 3 1 0 3 4 4 4 5
12 21 13 15 19 12 15 20 11 18 27 22 5 13 8 4 20 19 4 18 21 20 7 20 19 18 4 6 21 16 14 10 14 13 16 19 11 19 10 6 14 20 12 16 13 8 19 20 7 7 21 21 20 21 18 20 4 8 13 15 11 7 7 11 14 13 9 7 3 4 5 7 4 3 11 11 10 10 9 6 9 8 10 12 20 17 16 13 12 9 7 7 5 4 4 3 0 2 2 3 4
14 19 14 16 18 14 14 19 13 17 25 20 5 15 7 5 18 18 6 17 20 20 8 18 18 19 3 8 20 15 15 11 12 12 15 17 11 17 12 7 13 18 13 14 14 9 17 18 6 9 19 19 19 19 16 19 3 10 11 14 13 9 9 11 16 14 11 8 4 5 7 8 5 5 11 11 10 10 10 7 10 10 11 14 19 16 14 11 10 8 7 7 5 5 5 4 2 0 1 2 3
14 19 15 17 17 14 13 18 13 17 25 20 5 15 6 6 18 17 6 16 19 19 9 18 17 20 2 8 20 14 16 12 12 11 14 17 11 17 12 8 12 18 13 14 15 9 17 18 5 9 19 19 18 19 16 18 3 10 11 13 13 9 9 10 16 15 10 9 5 6 7 8 6 5 11 11 10 10 9 8 11 10 12 14 18 15 14 11 10 7 6 6 4 4 4 4 2 1 0 1 2
14 20 15 17 18 14 14 19 13 16 26 21 4 15 7 5 18 18 6 16 20 18 9 18 18 20 3 8 19 15 16 11 13 11 15 17 10 18 12 7 13 18 13 15 14 9 17 18 6 9 20 19 19 20 16 19 4 10 12 13 13 9 9 10 16 15 9 8 4 5 7 8 5 5 10 10 9 9 9 7 11 10 12 14 18 15 14 11 10 8 5 5 3 3 4 4 3 2 1 0 1
15 20 15 17 18 15 14 19 14 15 25 21 4 16 7 6 17 18 7 15 20 17 10 17 18 20 3 9 18 15 16 12 12 10 15 17 9 17 13 8 13 17 14 14 15 10 17 17 6 10 20 18 19 20 15 19 5 11 11 12 14 10 10 9 17 15 9 9 5 6 8 9 6 6 9 9 9 9 8 8 11 11 12 15 17 14 13 10 9 7 4 4 2 3 4 5 4 3 2 1 0