0 8 25 25 13 23 7 13 25 32 13 12 13 11 22 11 11 18 34 32 13 7 12 2 23 30 9 10 25 30 13 14 12 7 15 13 11 9 15 14 8 10 13 9 39 24 5 30 15 17 11 16 31 25 10 25 8 31 8 29 21 8 7 10 4 3 9 9 11 10 10 9 11 12 9 12 10 8 10 9 4 5 3 0 12 12 9 9 9 11 12 13 14 13 12 11 12 14 14 14 15
8 0 29 29 18 27 12 19 24 31 19 9 18 8 27 17 8 23 34 31 19 5 18 10 27 30 15 16 29 29 19 20 9 12 13 10 16 4 20 11 15 9 18 14 44 26 7 30 21 22 16 13 30 29 14 29 7 30 7 29 26 7 3 12 10 8 8 5 8 7 9 8 9 9 11 13 9 10 11 5 5 4 6 8 17 17 13 14 14 16 13 13 12 11 9 8 10 12 12 12 13
25 29 0 6 25 18 26 18 10 17 18 23 23 24 14 25 24 11 20 17 27 29 18 26 19 16 20 26 5 15 27 27 20 27 18 20 27 27 31 20 31 23 22 23 31 17 29 16 17 10 27 19 16 6 33 0 25 16 26 15 13 25 26 22 29 28 24 24 22 22 24 25 22 22 23 22 22 22 22 24 27 27 27 25 24 24 22 21 18 16 18 18 18 19 21 21 20 18 18 19 18
25 29 6 0 25 19 27 19 11 18 19 23 23 24 15 26 24 12 20 18 28 29 18 27 19 16 21 27 1 16 27 28 21 27 19 20 28 28 31 20 31 24 22 24 32 18 29 16 18 11 28 19 17 0 34 6 26 17 27 15 13 26 26 23 29 28 24 25 23 23 24 26 23 22 23 23 23 23 22 24 28 28 27 25 24 24 23 21 18 16 18 18 19 19 21 22 20 19 18 19 19
13 18 25 25 0 24 10 14 25 32 15 20 10 21 22 8 21 19 35 32 5 20 13 14 23 31 13 9 25 30 6 7 18 10 20 19 6 19 10 18 17 23 11 5 40 24 17 31 16 18 6 16 31 25 22 25 21 31 21 30 21 21 15 15 17 16 14 17 20 19 23 22 21 20 14 17 15 13 16 17 15 16 15 13 4 3 7 8 10 12 13 14 15 16 18 19 19 18 17 18 17
23 27 18 19 24 0 23 15 23 30 14 22 18 22 17 20 22 15 32 30 22 27 14 23 3 28 19 23 19 28 21 22 19 24 21 20 26 25 28 19 29 25 16 21 34 11 26 28 11 14 26 17 29 19 31 18 25 29 25 27 16 25 24 20 27 26 21 23 20 21 23 24 21 20 21 20 20 20 19 23 26 25 25 23 21 22 21 19 16 14 15 15 16 17 18 19 20 20 19 18 17
7 12 26 27 10 23 0 14 26 33 15 15 12 17 23 12 17 20 36 33 13 14 14 9 23 32 12 5 26 31 13 14 15 3 20 16 6 15 9 17 11 17 12 6 41 22 12 32 17 19 6 17 32 27 16 26 15 32 15 31 22 15 10 12 11 10 12 12 14 13 17 16 16 15 11 15 12 10 13 11 9 10 9 7 10 8 5 8 9 12 13 14 14 15 16 15 17 17 17 17 16
13 19 18 19 14 15 14 0 20 28 5 16 12 17 17 13 17 14 30 28 15 20 2 15 15 26 11 15 19 26 14 15 14 16 16 14 16 19 19 14 21 19 10 12 34 16 18 26 7 13 16 12 27 19 23 18 19 27 20 25 16 19 16 13 17 16 15 18 16 16 19 20 17 16 14 13 14 13 13 18 16 17 15 13 12 12 11 9 8 9 10 11 11 12 14 15 15 14 14 14 13
25 24 10 11 25 23 26 20 0 8 21 18 25 19 19 25 19 16 11 8 27 24 20 26 23 7 20 26 10 6 26 27 17 26 13 15 27 22 31 15 31 18 25 23 36 22 26 7 21 15 27 14 7 11 33 10 20 7 21 6 17 20 21 19 28 26 20 19 17 17 19 20 17 17 20 20 19 19 18 19 23 22 24 25 24 23 22 21 18 16 15 15 13 14 16 16 15 13 13 13 13
32 31 17 18 32 30 33 28 8 0 28 25 32 26 26 32 26 23 9 0 34 31 27 33 30 2 27 33 17 2 33 34 24 34 20 22 34 29 38 22 38 25 32 30 43 29 33 2 28 22 34 21 1 18 40 17 27 1 28 3 24 27 28 26 35 33 27 26 24 24 26 27 24 24 27 27 26 26 26 26 30 30 31 32 31 31 29 28 25 23 22 22 21 21 23 24 22 20 20 20 20
13 19 18 19 15 14 15 5 21 28 0 17 13 18 17 13 18 14 31 28 16 20 5 15 14 27 11 16 18 26 15 16 15 16 17 15 17 20 20 14 21 20 10 13 34 15 18 27 6 13 17 13 27 19 23 18 20 27 21 26 16 20 16 13 17 16 15 18 16 16 19 20 17 16 14 14 14 14 14 18 16 17 16 13 12 12 11 10 8 8 10 11 11 12 14 15 16 14 14 14 13
12 9 23 23 20 22 15 16 18 25 17 0 20 3 21 19 3 18 28 25 22 9 16 13 22 24 15 19 23 23 21 22 3 15 7 4 19 7 23 4 19 6 20 16 38 21 11 24 19 17 19 7 24 23 18 23 6 24 7 23 20 6 6 11 14 12 7 5 2 2 4 5 2 2 10 11 9 9 10 4 9 8 10 12 18 18 15 15 13 11 9 8 7 6 4 3 4 5 6 5 6
13 18 23 23 10 18 12 12 25 32 13 20 0 21 22 7 21 19 34 32 6 20 14 14 18 31 13 12 23 30 6 6 18 13 20 19 13 19 16 18 20 23 4 9 39 19 17 31 10 18 13 16 31 23 22 23 21 31 21 30 20 21 16 15 17 16 14 17 19 19 22 22 20 20 14 17 15 13 16 17 15 16 15 13 8 9 8 9 10 12 13 14 15 16 17 18 19 18 17 17 16
11 8 24 24 21 22 17 17 19 26 18 3 21 0 22 20 0 18 28 26 22 7 16 13 23 24 16 20 24 24 22 23 4 17 6 5 21 5 25 4 18 5 21 18 39 21 9 24 20 17 21 7 25 24 16 24 4 25 5 23 20 4 8 12 13 11 9 6 3 4 2 3 2 2 12 12 10 11 11 6 9 10 10 11 20 20 17 16 14 12 10 9 8 7 5 4 4 6 6 6 7
22 27 14 15 22 17 23 17 19 26 17 21 22 22 0 23 22 10 28 26 24 27 17 23 18 24 18 24 15 24 24 25 19 24 16 18 25 25 28 18 28 21 21 20 22 16 26 24 16 9 25 17 25 15 30 14 23 25 24 23 2 23 24 19 26 25 22 22 20 20 22 23 20 20 20 20 20 21 20 22 25 25 24 22 21 21 20 18 15 13 16 16 16 17 19 20 18 16 16 16 16
11 17 25 26 8 20 12 13 25 32 13 19 7 20 23 0 20 19 35 32 7 18 12 13 20 31 11 12 25 30 7 8 17 13 19 17 12 19 13 17 19 21 7 10 40 21 16 31 11 18 12 15 31 26 21 25 19 31 19 30 21 19 14 13 15 14 13 16 18 17 21 20 19 18 12 15 13 11 14 15 14 14 13 11 5 6 7 7 8 10 11 12 13 14 16 17 17 16 15 15 14
11 8 24 24 21 22 17 17 19 26 18 3 21 0 22 20 0 18 28 26 22 7 16 13 23 24 16 20 24 24 22 23 4 17 6 5 21 5 25 4 18 5 21 18 39 21 9 24 20 17 21 7 25 24 16 24 4 25 5 23 20 4 8 12 13 11 9 6 3 4 2 3 2 2 12 12 10 11 11 6 9 10 10 11 20 20 17 16 14 12 10 9 8 7 5 4 4 6 6 6 7
18 23 11 12 19 15 20 14 16 23 14 18 19 18 10 19 18 0 25 23 21 23 14 20 15 21 14 20 12 21 20 21 16 20 13 14 21 22 24 14 25 18 18 17 27 14 23 21 13 1 21 13 22 12 27 11 20 22 21 20 8 20 20 16 22 21 18 19 16 16 18 20 17 16 17 16 17 17 16 18 21 22 20 18 17 17 16 15 11 10 12 12 13 13 15 16 14 13 12 13 13
34 34 20 20 35 32 36 30 11 9 31 28 34 28 28 35 28 25 0 9 37 33 29 36 33 8 30 36 20 7 36 37 26 36 23 24 37 32 40 24 41 28 35 33 45 31 36 8 31 24 37 23 8 20 42 20 30 8 31 7 26 30 31 29 38 36 30 29 27 27 29 30 27 26 30 29 29 29 28 29 33 32 34 34 33 33 32 30 27 25 25 24 23 24 25 26 24 23 22 23 23
32 31 17 18 32 30 33 28 8 0 28 25 32 26 26 32 26 23 9 0 34 31 27 33 30 2 27 33 17 2 33 34 24 34 20 22 34 29 38 22 38 25 32 30 43 29 33 2 28 22 34 21 1 18 40 17 27 1 28 3 24 27 28 26 35 33 27 26 24 24 26 27 24 24 27 27 26 26 26 26 30 30 31 32 31 31 29 28 25 23 22 22 21 21 23 24 22 20 20 20 20
13 19 27 28 5 22 13 15 27 34 16 22 6 22 24 7 22 21 37 34 0 20 14 15 22 33 13 10 27 32 1 2 19 13 21 20 10 21 11 20 20 23 6 9 42 21 18 33 14 20 10 18 33 28 23 27 21 33 21 32 23 21 16 16 17 16 15 18 20 20 23 22 21 20 15 17 16 14 17 18 16 17 16 13 6 7 9 9 10 13 14 15 15 16 18 19 20 18 18 18 17
7 5 29 29 20 27 14 20 24 31 20 9 20 7 27 18 7 23 33 31 20 0 19 9 28 29 16 17 29 29 20 21 11 13 11 10 17 3 21 11 14 6 20 16 44 26 5 29 22 22 17 13 30 29 13 29 4 30 4 28 25 4 7 12 9 7 8 7 9 9 7 5 8 8 12 13 10 11 11 7 6 6 6 7 19 19 15 16 16 16 13 13 12 11 11 10 10 12 12 12 13
12 18 18 18 13 14 14 2 20 27 5 16 14 16 17 12 16 14 29 27 14 19 0 14 14 26 9 14 18 25 13 14 13 15 15 14 14 18 19 13 20 19 10 10 33 15 17 26 8 13 14 11 26 18 22 18 19 26 19 25 15 19 15 12 16 15 13 16 14 15 17 19 15 15 12 12 13 12 12 16 14 15 14 12 11 11 9 8 6 7 8 9 10 11 12 13 14 13 12 12 11
2 10 26 27 14 23 9 15 26 33 15 13 14 13 23 13 13 20 36 33 15 9 14 0 24 32 11 12 26 31 15 16 13 8 17 14 12 11 16 15 9 12 14 10 41 22 6 32 17 19 12 17 32 27 11 26 10 32 10 31 22 10 7 11 6 5 10 9 12 11 12 11 13 13 10 13 11 9 12 9 5 6 5 2 13 13 9 10 10 12 13 14 15 15 13 12 14 15 16 16 16
23 27 19 19 23 3 23 15 23 30 14 22 18 23 18 20 23 15 33 30 22 28 14 24 0 29 19 25 19 28 22 23 19 24 22 20 26 25 29 20 29 25 16 22 34 10 27 29 12 14 26 18 29 19 31 19 25 29 26 28 16 25 24 20 27 26 22 23 20 21 24 25 22 21 21 21 20 20 19 23 26 25 25 23 21 22 21 19 16 14 15 16 16 17 18 19 20 20 19 18 17
30 30 16 16 31 28 32 26 7 2 27 24 31 24 24 31 24 21 8 2 33 29 26 32 29 0 26 32 16 1 32 33 23 32 19 20 33 28 36 20 37 24 31 29 41 27 32 0 27 20 33 20 1 16 38 16 26 1 27 1 22 26 27 25 34 32 26 25 23 23 25 26 23 22 26 25 25 25 24 25 29 28 30 30 29 29 28 26 23 21 21 20 19 20 22 22 20 19 18 19 19
9 15 20 21 13 19 12 11 20 27 11 15 13 16 18 11 16 14 30 27 13 16 9 11 19 26 0 13 20 25 13 14 13 13 15 14 14 14 17 13 17 19 13 10 35 20 14 26 13 13 14 11 26 21 19 20 17 26 17 25 16 17 12 9 13 12 9 12 14 14 17 18 15 14 8 11 9 7 10 12 12 12 11 9 12 11 9 7 3 5 7 8 9 10 12 13 14 12 12 12 11
10 16 26 27 9 23 5 15 26 33 16 19 12 20 24 12 20 20 36 33 10 17 14 12 25 32 13 0 27 31 11 12 19 4 21 19 3 18 6 19 11 20 12 6 41 22 15 32 17 19 3 17 32 27 17 26 18 32 18 31 22 18 13 14 14 13 13 15 17 17 20 19 19 19 13 17 14 12 15 15 12 13 12 10 8 7 6 8 10 12 13 14 15 16 18 18 19 18 17 17 16
25 29 5 1 25 19 26 19 10 17 18 23 23 24 15 25 24 12 20 17 27 29 18 26 19 16 20 27 0 15 27 28 21 27 19 20 28 27 31 20 31 24 22 23 32 18 29 16 17 11 28 19 16 1 33 5 25 16 26 15 13 25 26 22 29 28 24 25 22 22 24 25 23 22 23 23 23 23 22 24 28 28 27 25 24 24 23 21 18 16 18 18 18 19 21 22 20 18 18 19 19
30 29 15 16 30 28 31 26 6 2 26 23 30 24 24 30 24 21 7 2 32 29 25 31 28 1 25 31 15 0 31 32 22 32 18 20 32 27 36 20 36 23 30 28 41 27 31 1 26 20 32 19 1 16 38 15 25 1 26 1 22 25 26 24 33 31 25 24 22 22 24 25 22 22 25 25 24 24 24 24 28 28 29 30 29 29 27 26 23 21 20 20 19 19 21 22 20 18 18 18 18
13 19 27 27 6 21 13 14 26 33 15 21 6 22 24 7 22 20 36 33 1 20 13 15 22 32 13 11 27 31 0 1 18 14 21 19 11 20 12 19 21 23 6 9 41 22 18 32 13 19 11 17 32 27 23 27 21 32 21 31 22 21 16 15 17 16 14 17 19 19 23 22 21 20 14 17 15 13 16 17 15 16 15 13 7 8 8 9 10 12 13 14 15 16 17 18 19 18 17 17 16
14 20 27 28 7 22 14 15 27 34 16 22 6 23 25 8 23 21 37 34 2 21 14 16 23 33 14 12 28 32 1 0 19 15 22 20 12 21 13 20 22 24 7 10 42 21 19 33 14 20 12 18 33 28 24 27 22 33 22 32 23 22 17 16 18 17 15 18 20 20 23 23 21 21 15 18 16 14 17 18 16 17 16 14 8 9 9 10 11 13 14 15 16 17 18 19 20 19 18 18 17
12 9 20 21 18 19 15 14 17 24 15 3 18 4 19 17 4 16 26 24 19 11 13 13 19 23 13 19 21 22 18 19 0 15 7 4 19 9 23 4 19 8 18 16 35 18 11 23 17 15 19 5 23 21 19 20 8 23 8 22 18 8 6 9 13 11 7 4 2 2 6 7 4 3 9 9 8 8 7 4 8 7 9 12 17 16 15 12 11 9 6 5 4 3 1 1 3 5 5 5 5
7 12 27 27 10 24 3 16 26 34 16 15 13 17 24 13 17 20 36 34 13 13 15 8 24 32 13 4 27 32 14 15 15 0 20 16 4 14 8 17 8 17 13 7 41 23 11 32 18 19 4 18 33 27 14 27 15 33 15 31 23 15 9 12 11 10 11 11 14 13 17 16 16 15 11 15 12 10 13 11 9 10 9 7 9 8 6 9 11 13 14 15 16 17 15 14 16 18 18 18 17
15 13 18 19 20 21 20 16 13 20 17 7 20 6 16 19 6 13 23 20 21 11 15 17 22 19 15 21 19 18 21 22 7 20 0 5 22 11 25 6 23 5 20 18 34 20 14 19 19 12 22 6 19 19 20 18 7 19 8 18 15 7 11 14 18 16 12 10 7 8 7 8 6 6 15 14 14 14 13 9 13 13 14 15 19 19 17 14 13 11 10 10 8 8 8 7 5 3 4 5 6
13 10 20 20 19 20 16 14 15 22 15 4 19 5 18 17 5 14 24 22 20 10 14 14 20 20 14 19 20 20 19 20 4 16 5 0 20 8 24 2 20 8 19 16 35 19 12 20 17 13 20 5 21 20 20 20 7 21 8 19 16 7 7 11 14 12 8 5 3 3 5 7 3 3 11 11 9 10 9 5 10 9 11 13 17 17 16 13 12 9 7 7 6 5 4 3 1 2 2 3 4
11 16 27 28 6 26 6 16 27 34 17 19 13 21 25 12 21 21 37 34 10 17 14 12 26 33 14 3 28 32 11 12 19 4 22 20 0 18 6 20 11 21 14 7 42 25 15 33 18 20 0 18 33 28 18 27 19 33 19 32 23 19 13 15 15 14 14 15 18 17 21 20 20 19 14 18 15 13 16 15 13 14 13 11 8 6 7 9 11 13 14 15 16 17 19 18 20 19 18 18 17
9 4 27 28 19 25 15 19 22 29 20 7 19 5 25 19 5 22 32 29 21 3 18 11 25 28 14 18 27 27 20 21 9 14 11 8 18 0 22 9 15 8 19 15 42 24 6 28 22 21 18 11 28 28 14 27 6 28 6 27 24 6 7 10 11 9 6 6 7 7 5 5 5 6 10 10 8 9 9 6 7 8 8 9 18 18 14 15 14 13 11 10 10 9 9 8 8 9 10 9 10
15 20 31 31 10 28 9 19 31 38 20 23 16 25 28 13 25 24 40 38 11 21 19 16 29 36 17 6 31 36 12 13 23 8 25 24 6 22 0 24 15 25 16 10 45 27 19 36 22 23 6 22 37 31 22 31 23 37 23 35 27 23 17 18 18 18 18 19 22 21 25 23 24 23 17 21 18 16 19 19 17 18 16 15 10 8 10 13 14 16 18 19 19 20 22 22 24 22 22 22 21
14 11 20 20 18 19 17 14 15 22 14 4 18 4 18 17 4 14 24 22 20 11 13 15 20 20 13 19 20 20 19 20 4 17 6 2 20 9 24 0 21 8 18 16 35 18 13 20 17 13 20 4 21 20 20 20 8 21 8 19 16 8 8 10 15 13 8 6 4 4 6 7 4 3 11 11 10 10 9 6 10 9 11 14 17 17 15 13 11 9 6 6 5 4 4 3 2 3 2 2 3
8 15 31 31 17 29 11 21 31 38 21 19 20 18 28 19 18 25 41 38 20 14 20 9 29 37 17 11 31 36 21 22 19 8 23 20 11 15 15 21 0 18 20 15 46 28 11 37 23 24 11 22 37 31 12 31 16 37 16 36 27 16 13 16 12 11 16 15 18 17 18 17 19 19 15 19 16 14 17 15 11 12 11 8 17 15 14 16 16 18 19 20 21 21 19 18 20 21 22 22 22
10 9 23 24 23 25 17 19 18 25 20 6 23 5 21 21 5 18 28 25 23 6 19 12 25 24 19 20 24 23 23 24 8 17 5 8 21 8 25 8 18 0 23 19 39 24 9 24 22 17 21 10 24 24 15 23 3 24 3 23 20 3 11 15 13 11 12 9 6 7 4 3 5 5 15 15 13 14 14 9 9 10 9 10 22 22 19 19 16 14 12 12 10 9 8 7 7 8 8 8 9
13 18 22 22 11 16 12 10 25 32 10 20 4 21 21 7 21 18 35 32 6 20 10 14 16 31 13 12 22 30 6 7 18 13 20 19 14 19 16 18 20 23 0 10 37 17 17 31 8 17 14 16 31 22 22 22 21 31 21 30 19 21 16 15 17 16 15 18 20 20 23 22 21 20 14 17 16 13 16 18 16 17 15 13 8 9 9 9 10 12 13 14 15 16 18 19 20 18 18 18 17
9 14 23 24 5 21 6 12 23 30 13 16 9 18 20 10 18 17 33 30 9 16 10 10 22 29 10 6 23 28 9 10 16 7 18 16 7 15 10 16 15 19 10 0 38 23 13 29 14 16 7 14 29 24 18 23 17 29 17 28 19 17 12 11 13 12 10 14 16 15 19 18 18 17 10 14 11 9 12 13 11 12 11 9 6 4 3 5 7 9 10 11 12 13 15 16 16 15 14 15 14
39 44 31 32 40 34 41 34 36 43 34 38 39 39 22 40 39 27 45 43 42 44 33 41 34 41 35 41 32 41 41 42 35 41 34 35 42 42 45 35 46 39 37 38 0 31 44 41 33 26 42 33 42 32 48 31 41 42 42 40 21 41 41 37 43 42 39 39 37 37 39 41 38 37 38 37 37 37 37 39 42 42 42 39 38 38 37 36 32 31 33 33 33 34 36 36 35 34 33 34 34
24 26 17 18 24 11 22 16 22 29 15 21 19 21 16 21 21 14 31 29 21 26 15 22 10 27 20 22 18 27 22 21 18 23 20 19 25 24 27 18 28 24 17 23 31 0 25 27 13 13 25 16 28 18 30 17 24 28 24 26 15 24 24 21 28 27 23 22 20 20 23 24 22 21 22 21 21 21 20 22 26 25 26 24 22 23 22 20 17 15 16 16 17 18 19 19 20 19 19 18 17
5 7 29 29 17 26 12 18 26 33 18 11 17 9 26 16 9 23 36 33 18 5 17 6 27 32 14 15 29 31 18 19 11 11 14 12 15 6 19 13 11 9 17 13 44 25 0 32 20 22 15 15 32 29 8 29 7 32 7 31 25 7 5 14 7 5 10 7 10 9 9 8 11 11 13 16 11 12 13 7 3 4 4 5 16 16 12 13 13 15 16 15 14 13 11 10 12 13 14 14 14
30 30 16 16 31 28 32 26 7 2 27 24 31 24 24 31 24 21 8 2 33 29 26 32 29 0 26 32 16 1 32 33 23 32 19 20 33 28 36 20 37 24 31 29 41 27 32 0 27 20 33 20 1 16 38 16 26 1 27 1 22 26 27 25 34 32 26 25 23 23 25 26 23 22 26 25 25 25 24 25 29 28 30 30 29 29 28 26 23 21 21 20 19 20 22 22 20 19 18 19 19
15 21 17 18 16 11 17 7 21 28 6 19 10 20 16 11 20 13 31 28 14 22 8 17 12 27 13 17 17 26 13 14 17 18 19 17 18 22 22 17 23 22 8 14 33 13 20 27 0 12 18 15 27 18 25 17 22 27 23 26 15 22 18 15 19 18 17 20 18 18 21 22 19 18 16 15 16 15 15 20 18 19 17 15 13 14 13 11 10 11 12 13 13 14 16 17 18 16 16 16 15
17 22 10 11 18 14 19 13 15 22 13 17 18 17 9 18 17 1 24 22 20 22 13 19 14 20 13 19 11 20 19 20 15 19 12 13 20 21 23 13 24 17 17 16 26 13 22 20 12 0 20 12 21 11 26 10 19 21 20 19 7 19 19 15 21 20 17 18 15 15 17 19 16 15 16 15 16 16 15 17 20 21 19 17 16 16 15 14 10 9 11 11 12 12 14 15 13 12 11 12 12
11 16 27 28 6 26 6 16 27 34 17 19 13 21 25 12 21 21 37 34 10 17 14 12 26 33 14 3 28 32 11 12 19 4 22 20 0 18 6 20 11 21 14 7 42 25 15 33 18 20 0 18 33 28 18 27 19 33 19 32 23 19 13 15 15 14 14 15 18 17 21 20 20 19 14 18 15 13 16 15 13 14 13 11 8 6 7 9 11 13 14 15 16 17 19 18 20 19 18 18 17
16 13 19 19 16 17 17 12 14 21 13 7 16 7 17 15 7 13 23 21 18 13 11 17 18 20 11 17 19 19 17 18 5 18 6 5 18 11 22 4 22 10 16 14 33 16 15 20 15 12 18 0 20 19 23 19 10 20 10 19 15 10 10 9 17 15 10 8 6 6 8 9 6 5 10 9 9 9 8 8 12 11 13 16 15 15 13 11 9 7 5 4 3 4 4 5 5 3 3 2 1
31 30 16 17 31 29 32 27 7 1 27 24 31 25 25 31 25 22 8 1 33 30 26 32 29 1 26 32 16 1 32 33 23 33 19 21 33 28 37 21 37 24 31 29 42 28 32 1 27 21 33 20 0 17 39 16 26 0 27 2 23 26 27 25 34 32 26 25 23 23 25 26 23 23 26 26 25 25 25 25 29 29 30 31 30 30 28 27 24 22 21 21 20 20 22 23 21 19 19 19 19
25 29 6 0 25 19 27 19 11 18 19 23 23 24 15 26 24 12 20 18 28 29 18 27 19 16 21 27 1 16 27 28 21 27 19 20 28 28 31 20 31 24 22 24 32 18 29 16 18 11 28 19 17 0 34 6 26 17 27 15 13 26 26 23 29 28 24 25 23 23 24 26 23 22 23 23 23 23 22 24 28 28 27 25 24 24 23 21 18 16 18 18 19 19 21 22 20 19 18 19 19
10 14 33 34 22 31 16 23 33 40 23 18 22 16 30 21 16 27 42 40 23 13 22 11 31 38 19 17 33 38 23 24 19 14 20 20 18 14 22 20 12 15 22 18 48 30 8 38 25 26 18 23 39 34 0 33 13 39 13 37 29 13 13 18 14 12 17 15 18 17 16 14 17 18 17 21 19 16 19 15 11 12 11 10 21 21 17 18 18 20 21 22 22 21 19 18 20 21 22 21 22
25 29 0 6 25 18 26 18 10 17 18 23 23 24 14 25 24 11 20 17 27 29 18 26 19 16 20 26 5 15 27 27 20 27 18 20 27 27 31 20 31 23 22 23 31 17 29 16 17 10 27 19 16 6 33 0 25 16 26 15 13 25 26 22 29 28 24 24 22 22 24 25 22 22 23 22 22 22 22 24 27 27 27 25 24 24 22 21 18 16 18 18 18 19 21 21 20 18 18 19 18
8 7 25 26 21 25 15 19 20 27 20 6 21 4 23 19 4 20 30 27 21 4 19 10 25 26 17 18 25 25 21 22 8 15 7 7 19 6 23 8 16 3 21 17 41 24 7 26 22 19 19 10 26 26 13 25 0 26 1 25 22 0 9 15 11 9 10 9 6 7 3 1 4 5 14 15 12 13 13 9 7 8 7 8 20 20 17 17 16 15 12 12 11 10 8 7 7 8 9 9 9
31 30 16 17 31 29 32 27 7 1 27 24 31 25 25 31 25 22 8 1 33 30 26 32 29 1 26 32 16 1 32 33 23 33 19 21 33 28 37 21 37 24 31 29 42 28 32 1 27 21 33 20 0 17 39 16 26 0 27 2 23 26 27 25 34 32 26 25 23 23 25 26 23 23 26 26 25 25 25 25 29 29 30 31 30 30 28 27 24 22 21 21 20 20 22 23 21 19 19 19 19
8 7 26 27 21 25 15 20 21 28 21 7 21 5 24 19 5 21 31 28 21 4 19 10 26 27 17 18 26 26 21 22 8 15 8 8 19 6 23 8 16 3 21 17 42 24 7 27 23 20 19 10 27 27 13 26 1 27 0 26 23 1 9 15 11 9 10 9 6 7 3 2 5 5 14 15 12 13 13 9 7 8 7 8 20 20 17 17 17 15 13 12 11 10 8 7 7 9 9 9 10
29 29 15 15 30 27 31 25 6 3 26 23 30 23 23 30 23 20 7 3 32 28 25 31 28 1 25 31 15 1 31 32 22 31 18 19 32 27 35 19 36 23 30 28 40 26 31 1 26 19 32 19 2 15 37 15 25 2 26 0 21 25 26 24 33 31 25 24 22 22 24 25 22 21 25 24 24 24 23 24 28 27 29 29 28 28 27 25 22 20 20 19 18 19 21 21 19 18 17 18 18
21 26 13 13 21 16 22 16 17 24 16 20 20 20 2 21 20 8 26 24 23 25 15 22 16 22 16 22 13 22 22 23 18 23 15 16 23 24 27 16 27 20 19 19 21 15 25 22 15 7 23 15 23 13 29 13 22 23 23 21 0 22 23 18 24 24 20 21 19 19 21 22 19 18 19 18 19 19 18 21 23 24 23 21 20 19 18 17 14 12 14 14 15 16 17 18 16 15 14 15 15
8 7 25 26 21 25 15 19 20 27 20 6 21 4 23 19 4 20 30 27 21 4 19 10 25 26 17 18 25 25 21 22 8 15 7 7 19 6 23 8 16 3 21 17 41 24 7 26 22 19 19 10 26 26 13 25 0 26 1 25 22 0 9 15 11 9 10 9 6 7 3 1 4 5 14 15 12 13 13 9 7 8 7 8 20 20 17 17 16 15 12 12 11 10 8 7 7 8 9 9 9
7 3 26 26 15 24 10 16 21 28 16 6 16 8 24 14 8 20 31 28 16 7 15 7 24 27 12 13 26 26 16 17 6 9 11 7 13 7 17 8 13 11 16 12 41 24 5 27 18 19 13 10 27 26 13 26 9 27 9 26 23 9 0 9 8 6 5 2 5 4 9 9 7 6 8 11 6 7 8 2 3 2 4 7 14 14 11 11 11 13 11 10 9 8 6 5 7 9 9 9 10
10 12 22 23 15 20 12 13 19 26 13 11 15 12 19 13 12 16 29 26 16 12 12 11 20 25 9 14 22 24 15 16 9 12 14 11 15 10 18 10 16 15 15 11 37 21 14 25 15 15 15 9 25 23 18 22 15 25 15 24 18 15 9 0 13 13 5 7 9 9 13 14 11 10 1 3 3 2 2 8 12 11 12 10 14 14 10 11 10 8 6 6 7 7 8 8 11 11 10 10 9
4 10 29 29 17 27 11 17 28 35 17 14 17 13 26 15 13 22 38 35 17 9 16 6 27 34 13 14 29 33 17 18 13 11 18 14 15 11 18 15 12 13 17 13 43 28 7 34 19 21 15 17 34 29 14 29 11 34 11 33 24 11 8 13 0 2 13 10 13 12 14 12 15 14 12 16 13 11 14 10 6 7 6 4 15 15 12 13 12 15 16 17 17 16 14 13 15 16 16 17 17
3 8 28 28 16 26 10 16 26 33 16 12 16 11 25 14 11 21 36 33 16 7 15 5 26 32 12 13 28 31 16 17 11 10 16 12 14 9 18 13 11 11 16 12 42 27 5 32 18 20 14 15 32 28 12 28 9 32 9 31 24 9 6 13 2 0 11 8 11 10 12 10 13 12 12 15 12 11 13 8 4 5 5 3 15 15 12 12 12 14 15 16 15 14 12 11 13 14 14 15 15
9 8 24 24 14 21 12 15 20 27 15 7 14 9 22 13 9 18 30 27 15 8 13 10 22 26 9 13 24 25 14 15 7 11 12 8 14 6 18 8 16 12 15 10 39 23 10 26 17 17 14 10 26 24 17 24 10 26 10 25 20 10 5 5 13 11 0 4 7 6 10 9 9 8 5 6 2 4 3 4 8 7 9 9 13 13 10 10 9 10 7 7 7 6 7 7 9 10 10 9 9
9 5 24 25 17 23 12 18 19 26 18 5 17 6 22 16 6 19 29 26 18 7 16 9 23 25 12 15 25 24 17 18 4 11 10 5 15 6 19 6 15 9 18 14 39 22 7 25 20 18 15 8 25 25 15 24 9 25 9 24 21 9 2 7 10 8 4 0 6 5 8 9 7 7 6 9 4 5 6 3 5 4 6 9 14 14 11 11 10 12 9 9 8 7 5 5 6 7 7 8 9
11 8 22 23 20 20 14 16 17 24 16 2 19 3 20 18 3 16 27 24 20 9 14 12 20 23 14 17 22 22 19 20 2 14 7 3 18 7 22 4 18 6 20 16 37 20 10 23 18 15 18 6 23 23 18 22 6 23 6 22 19 6 5 9 13 11 7 6 0 1 5 6 3 2 9 9 8 8 8 3 8 7 9 11 17 17 14 13 12 10 7 6 5 4 2 1 3 4 5 4 5
10 7 22 23 19 21 13 16 17 24 16 2 19 4 20 17 4 16 27 24 20 9 15 11 21 23 14 17 22 22 19 20 2 13 8 3 17 7 21 4 17 7 20 15 37 20 9 23 18 15 17 6 23 23 17 22 7 23 7 22 19 7 4 9 12 10 6 5 1 0 6 6 4 3 8 9 7 7 8 2 7 6 8 10 16 16 13 13 12 10 7 7 5 5 3 2 4 5 5 5 6
10 9 24 24 23 23 17 19 19 26 19 4 22 2 22 21 2 18 29 26 23 7 17 12 24 25 17 20 24 24 23 23 6 17 7 5 21 5 25 6 18 4 23 19 39 23 9 25 21 17 21 8 25 24 16 24 3 25 3 24 21 3 9 13 14 12 10 8 5 6 0 2 2 3 12 13 11 11 11 7 9 9 9 10 21 21 17 17 15 13 10 10 9 8 6 5 5 7 7 7 8
9 8 25 26 22 24 16 20 20 27 20 5 22 3 23 20 3 20 30 27 22 5 19 11 25 26 18 19 25 25 22 23 7 16 8 7 20 5 23 7 17 3 22 18 41 24 8 26 22 19 20 9 26 26 14 25 1 26 2 25 22 1 9 14 12 10 9 9 6 6 2 0 4 4 14 14 11 13 12 8 7 8 7 9 20 20 17 18 16 14 12 11 10 9 7 6 7 8 8 8 9
11 9 22 23 21 21 16 17 17 24 17 2 20 2 20 19 2 17 27 24 21 8 15 13 22 23 15 19 23 22 21 21 4 16 6 3 20 5 24 4 19 5 21 18 38 22 11 23 19 16 20 6 23 23 17 22 4 23 5 22 19 4 7 11 15 13 9 7 3 4 2 4 0 1 11 11 10 10 10 5 10 9 10 11 19 19 16 15 13 11 9 8 7 6 4 3 4 5 5 5 6
12 9 22 22 20 20 15 16 17 24 16 2 20 2 20 18 2 16 26 24 20 8 15 13 21 22 14 19 22 22 20 21 3 15 6 3 19 6 23 3 19 5 20 17 37 21 11 22 18 15 19 5 23 22 18 22 5 23 5 21 18 5 6 10 14 12 8 7 2 3 3 4 1 0 10 10 9 9 9 4 9 8 10 12 18 18 15 14 13 11 8 7 6 5 3 2 3 5 5 5 6
9 11 23 23 14 21 11 14 20 27 14 10 14 12 20 12 12 17 30 27 15 12 12 10 21 26 8 13 23 25 14 15 9 11 15 11 14 10 17 11 15 15 14 10 38 22 13 26 16 16 14 10 26 23 17 23 14 26 14 25 19 14 8 1 12 12 5 6 9 8 12 14 11 10 0 4 4 1 3 7 11 10 11 9 13 13 9 10 9 9 7 6 8 7 9 9 11 12 11 10 9
12 13 22 23 17 20 15 13 20 27 14 11 17 12 20 15 12 16 29 27 17 13 12 13 21 25 11 17 23 25 17 18 9 15 14 11 18 10 21 11 19 15 17 14 37 21 16 25 15 15 18 9 26 23 21 22 15 26 15 24 18 15 11 3 16 15 6 9 9 9 13 14 11 10 4 0 5 5 4 10 14 13 14 12 16 16 12 13 10 8 6 6 7 7 8 8 11 11 11 10 9
10 9 22 23 15 20 12 14 19 26 14 9 15 10 20 13 10 17 29 26 16 10 13 11 20 25 9 14 23 24 15 16 8 12 14 9 15 8 18 10 16 13 16 11 37 21 11 25 16 16 15 9 25 23 19 22 12 25 12 24 19 12 6 3 13 12 2 4 8 7 11 11 10 9 4 5 0 3 2 6 9 8 10 10 14 14 11 11 10 9 6 6 7 6 8 8 10 11 10 9 9
8 10 22 23 13 20 10 13 19 26 14 9 13 11 21 11 11 17 29 26 14 11 12 9 20 25 7 12 23 24 13 14 8 10 14 10 13 9 16 10 14 14 13 9 37 21 12 25 15 16 13 9 25 23 16 22 13 25 13 24 19 13 7 2 11 11 4 5 8 7 11 13 10 9 1 5 3 0 4 6 10 9 10 8 12 12 8 9 8 10 8 7 8 8 9 9 11 12 12 11 10
10 11 22 22 16 19 13 13 18 26 14 10 16 11 20 14 11 16 28 26 17 11 12 12 19 24 10 15 22 24 16 17 7 13 13 9 16 9 19 9 17 14 16 12 37 20 13 24 15 15 16 8 25 22 19 22 13 25 13 23 18 13 8 2 14 13 3 6 8 8 11 12 10 9 3 4 2 4 0 6 10 9 11 10 13 13 10 10 10 8 5 5 6 6 7 7 9 10 9 9 8
9 5 24 24 17 23 11 18 19 26 18 4 17 6 22 15 6 18 29 26 18 7 16 9 23 25 12 15 24 24 17 18 4 11 9 5 15 6 19 6 15 9 18 13 39 22 7 25 20 17 15 8 25 24 15 24 9 25 9 24 21 9 2 8 10 8 4 3 3 2 7 8 5 4 7 10 6 6 6 0 5 4 6 9 14 14 11 11 11 12 9 9 7 7 5 4 6 7 7 7 8
4 5 27 28 15 26 9 16 23 30 16 9 15 9 25 14 9 21 33 30 16 6 14 5 26 29 12 12 28 28 15 16 8 9 13 10 13 7 17 10 11 9 16 11 42 26 3 29 18 20 13 12 29 28 11 27 7 29 7 28 23 7 3 12 6 4 8 5 8 7 9 7 10 9 11 14 9 10 10 5 0 1 1 4 14 14 11 11 11 14 13 12 11 10 8 7 9 10 11 11 11
5 4 27 28 16 25 10 17 22 30 17 8 16 10 25 14 10 22 32 30 17 6 15 6 25 28 12 13 28 28 16 17 7 10 13 9 14 8 18 9 12 10 17 12 42 25 4 28 19 21 14 11 29 28 12 27 8 29 8 27 24 8 2 11 7 5 7 4 7 6 9 8 9 8 10 13 8 9 9 4 1 0 2 5 15 15 11 12 12 14 12 11 10 9 7 6 8 10 10 10 11
3 6 27 27 15 25 9 15 24 31 16 10 15 10 24 13 10 20 34 31 16 6 14 5 25 30 11 12 27 29 15 16 9 9 14 11 13 8 16 11 11 9 15 11 42 26 4 30 17 19 13 13 30 27 11 27 7 30 7 29 23 7 4 12 6 5 9 6 9 8 9 7 10 10 11 14 10 10 11 6 1 2 0 3 14 14 11 11 11 13 14 13 12 11 9 8 10 11 12 12 12
0 8 25 25 13 23 7 13 25 32 13 12 13 11 22 11 11 18 34 32 13 7 12 2 23 30 9 10 25 30 13 14 12 7 15 13 11 9 15 14 8 10 13 9 39 24 5 30 15 17 11 16 31 25 10 25 8 31 8 29 21 8 7 10 4 3 9 9 11 10 10 9 11 12 9 12 10 8 10 9 4 5 3 0 12 12 9 9 9 11 12 13 14 13 12 11 12 14 14 14 15
12 17 24 24 4 21 10 12 24 31 12 18 8 20 21 5 20 17 33 31 6 19 11 13 21 29 12 8 24 29 7 8 17 9 19 17 8 18 10 17 17 22 8 6 38 22 16 29 13 16 8 15 30 24 21 24 20 30 20 28 20 20 14 14 15 15 13 14 17 16 21 20 19 18 13 16 14 12 13 14 14 15 14 12 0 4 8 9 11 13 14 15 16 17 18 18 18 18 18 17 16
12 17 24 24 3 22 8 12 23 31 12 18 9 20 21 6 20 17 33 31 7 19 11 13 22 29 11 7 24 29 8 9 16 8 19 17 6 18 8 17 15 22 9 4 38 23 16 29 14 16 6 15 30 24 21 24 20 30 20 28 19 20 14 14 15 15 13 14 17 16 21 20 19 18 13 16 14 12 13 14 14 15 14 12 4 0 5 5 8 10 11 12 13 14 15 16 17 16 15 15 14
9 13 22 23 7 21 5 11 22 29 11 15 8 17 20 7 17 16 32 29 9 15 9 9 21 28 9 6 23 27 8 9 15 6 17 16 7 14 10 15 14 19 9 3 37 22 12 28 13 15 7 13 28 23 17 22 17 28 17 27 18 17 11 10 12 12 10 11 14 13 17 17 16 15 9 12 11 8 10 11 11 11 11 9 8 5 0 5 6 9 10 11 11 12 14 15 16 14 14 14 13
9 14 21 21 8 19 8 9 21 28 10 15 9 16 18 7 16 15 30 28 9 16 8 10 19 26 7 8 21 26 9 10 12 9 14 13 9 15 13 13 16 19 9 5 36 20 13 26 11 14 9 11 27 21 18 21 17 27 17 25 17 17 11 11 13 12 10 11 13 13 17 18 15 14 10 13 11 9 10 11 11 12 11 9 9 5 5 0 4 6 7 8 9 10 11 12 13 11 11 11 10
9 14 18 18 10 16 9 8 18 25 8 13 10 14 15 8 14 11 27 25 10 16 6 10 16 23 3 10 18 23 10 11 11 11 13 12 11 14 14 11 16 16 10 7 32 17 13 23 10 10 11 9 24 18 18 18 16 24 17 22 14 16 11 10 12 12 9 10 12 12 15 16 13 13 9 10 10 8 10 11 11 12 11 9 11 8 6 4 0 3 6 7 8 9 10 11 12 10 10 10 9
11 16 16 16 12 14 12 9 16 23 8 11 12 12 13 10 12 10 25 23 13 16 7 12 14 21 5 12 16 21 12 13 9 13 11 9 13 13 16 9 18 14 12 9 31 15 15 21 11 9 13 7 22 16 20 16 15 22 15 20 12 15 13 8 15 14 10 12 10 10 13 14 11 11 9 8 9 10 8 12 14 14 13 11 13 10 9 6 3 0 3 4 5 6 8 9 9 8 7 8 7
12 13 18 18 13 15 13 10 15 22 10 9 13 10 16 11 10 12 25 22 14 13 8 13 15 21 7 13 18 20 13 14 6 14 10 7 14 11 18 6 19 12 13 10 33 16 16 21 12 11 14 5 21 18 21 18 12 21 13 20 14 12 11 6 16 15 7 9 7 7 10 12 9 8 7 6 6 8 5 9 13 12 14 12 14 11 10 7 6 3 0 1 2 3 5 6 7 7 6 5 4
13 13 18 18 14 15 14 11 15 22 11 8 14 9 16 12 9 12 24 22 15 13 9 14 16 20 8 14 18 20 14 15 5 15 10 7 15 10 19 6 20 12 14 11 33 16 15 20 13 11 15 4 21 18 22 18 12 21 12 19 14 12 10 6 17 16 7 9 6 7 10 11 8 7 6 6 6 7 5 9 12 11 13 13 15 12 11 8 7 4 1 0 2 3 4 5 7 7 6 5 4
14 12 18 19 15 16 14 11 13 21 11 7 15 8 16 13 8 13 23 21 15 12 10 15 16 19 9 15 18 19 15 16 4 16 8 6 16 10 19 5 21 10 15 12 33 17 14 19 13 12 16 3 20 19 22 18 11 20 11 18 15 11 9 7 17 15 7 8 5 5 9 10 7 6 8 7 7 8 6 7 11 10 12 14 16 13 11 9 8 5 2 2 0 1 3 4 5 5 4 3 2
13 11 19 19 16 17 15 12 14 21 12 6 16 7 17 14 7 13 24 21 16 11 11 15 17 20 10 16 19 19 16 17 3 17 8 5 17 9 20 4 21 9 16 13 34 18 13 20 14 12 17 4 20 19 21 19 10 20 10 19 16 10 8 7 16 14 6 7 4 5 8 9 6 5 7 7 6 8 6 7 10 9 11 13 17 14 12 10 9 6 3 3 1 0 2 3 4 5 4 3 3
12 9 21 21 18 18 16 14 16 23 14 4 17 5 19 16 5 15 25 23 18 11 12 13 18 22 12 18 21 21 17 18 1 15 8 4 19 9 22 4 19 8 18 15 36 19 11 22 16 14 19 4 22 21 19 21 8 22 8 21 17 8 6 8 14 12 7 5 2 3 6 7 4 3 9 8 8 9 7 5 8 7 9 12 18 15 14 11 10 8 5 4 3 2 0 1 4 5 4 4 4
11 8 21 22 19 19 15 15 16 24 15 3 18 4 20 17 4 16 26 24 19 10 13 12 19 22 13 18 22 22 18 19 1 14 7 3 18 8 22 3 18 7 19 16 36 19 10 22 17 15 18 5 23 22 18 21 7 23 7 21 18 7 5 8 13 11 7 5 1 2 5 6 3 2 9 8 8 9 7 4 7 6 8 11 18 16 15 12 11 9 6 5 4 3 1 0 3 4 4 4 5
12 10 20 20 19 20 17 15 15 22 16 4 19 4 18 17 4 14 24 22 20 10 14 14 20 20 14 19 20 20 19 20 3 16 5 1 20 8 24 2 20 7 20 16 35 20 12 20 18 13 20 5 21 20 20 20 7 21 7 19 16 7 7 11 15 13 9 6 3 4 5 7 4 3 11 11 10 11 9 6 9 8 10 12 18 17 16 13 12 9 7 7 5 4 4 3 0 2 2 3 4
14 12 18 19 18 20 17 14 13 20 14 5 18 6 16 16 6 13 23 20 18 12 13 15 20 19 12 18 18 18 18 19 5 18 3 2 19 9 22 3 21 8 18 15 34 19 13 19 16 12 19 3 19 19 21 18 8 19 9 18 15 8 9 11 16 14 10 7 4 5 7 8 5 5 12 11 11 12 10 7 10 10 11 14 18 16 14 11 10 8 7 7 5 5 5 4 2 0 1 2 3
14 12 18 18 17 19 17 14 13 20 14 6 17 6 16 15 6 12 22 20 18 12 12 16 19 18 12 17 18 18 17 18 5 18 4 2 18 10 22 2 22 8 18 14 33 19 14 18 16 11 18 3 19 18 22 18 9 19 9 17 14 9 9 10 16 14 10 7 5 5 7 8 5 5 11 11 10 12 9 7 11 10 12 14 18 15 14 11 10 7 6 6 4 4 4 4 2 1 0 1 2
14 12 19 19 18 18 17 14 13 20 14 5 17 6 16 15 6 13 23 20 18 12 12 16 18 19 12 17 19 18 17 18 5 18 5 3 18 9 22 2 22 8 18 15 34 18 14 19 16 12 18 2 19 19 21 19 9 19 9 18 15 9 9 10 17 15 9 8 4 5 7 8 5 5 10 10 9 11 9 7 11 10 12 14 17 15 14 11 10 8 5 5 3 3 4 4 3 2 1 0 1
15 13 18 19 17 17 16 13 13 20 13 6 16 7 16 14 7 13 23 20 17 13 11 16 17 19 11 16 19 18 16 17 5 17 6 4 17 10 21 3 22 9 17 14 34 17 14 19 15 12 17 1 19 19 22 18 9 19 10 18 15 9 10 9 17 15 9 9 5 6 8 9 6 6 9 9 9 10 8 8 11 11 12 15 16 14 13 10 9 7 4 4 2 3 4 5 4 3 2 1 0