0 7 27 24 9 6 19 12 23 8 32 25 13 11 20 13 14 31 11 32 14 31 10 22 12 20 14 10 13 7 17 34 11 13 7 19 7 4 29 25 3 10 21 24 9 15 10 9 23 14 8 26 12 8 23 26 16 23 9 13 16 9 6 10 4 3 9 8 11 10 10 9 11 12 9 12 10 8 10 8 4 5 3 0 12 12 9 9 9 11 12 13 14 13 12 11 12 14 14 14 15
7 0 28 29 16 8 26 10 30 15 33 30 20 18 27 12 21 38 12 33 18 38 8 28 9 27 21 12 14 7 23 41 17 20 6 26 14 10 30 30 5 17 28 30 16 22 7 16 29 21 15 27 10 6 30 27 23 30 7 20 23 7 8 16 10 8 12 10 11 12 8 7 10 10 16 17 14 15 15 10 6 7 6 7 19 19 16 16 16 18 17 17 16 15 13 12 12 14 14 14 15
27 28 0 24 25 28 18 28 25 25 6 12 24 28 22 17 30 31 19 6 19 31 21 21 20 22 29 35 19 26 27 33 21 31 25 19 29 26 4 12 26 30 23 12 23 24 25 27 25 19 33 3 20 23 25 1 26 25 23 31 16 23 23 22 31 29 23 22 20 20 21 23 20 19 23 22 22 22 21 21 26 25 27 27 26 26 25 23 20 18 18 17 16 17 18 19 17 16 15 16 16
24 29 24 0 23 23 13 29 10 22 29 17 13 21 21 19 21 23 19 29 15 23 22 16 20 21 22 30 18 26 15 26 18 25 25 14 23 20 26 17 24 26 22 17 19 13 26 24 11 12 28 23 20 24 11 23 14 10 23 25 11 24 24 21 26 26 23 23 20 20 22 24 21 21 22 21 21 21 20 22 25 25 24 24 22 23 22 20 17 15 16 16 17 18 19 19 20 21 20 19 18
9 16 25 23 0 11 17 20 22 5 30 23 11 11 18 17 12 29 15 30 13 29 18 20 17 18 12 18 15 15 15 32 9 12 16 17 10 8 28 23 12 10 19 23 8 13 18 7 22 12 15 24 15 17 23 24 14 22 18 12 14 18 12 11 13 12 11 14 16 15 18 18 17 16 10 14 11 9 12 13 12 12 11 9 9 9 5 8 9 11 13 14 14 15 16 15 17 17 17 17 16
6 8 28 23 11 0 21 13 24 10 33 26 14 15 22 12 17 33 10 33 16 33 11 23 12 22 17 13 12 9 18 36 11 15 8 21 8 4 31 26 4 11 23 26 11 18 11 11 23 16 9 27 11 9 24 27 19 24 10 15 18 10 5 11 3 4 10 7 10 9 11 10 12 11 10 14 11 9 12 7 4 4 3 6 13 13 10 11 10 13 14 15 14 13 11 10 12 14 14 14 15
19 26 18 13 17 21 0 25 14 16 23 11 16 19 14 15 22 18 16 22 13 18 19 8 18 14 21 27 16 23 16 21 13 23 23 6 21 17 21 11 22 22 15 10 15 14 23 19 14 10 25 17 18 21 14 18 15 14 21 23 4 20 21 16 23 22 19 19 17 17 19 20 17 17 17 17 17 17 17 19 22 22 21 19 18 18 16 15 12 10 13 13 13 14 16 16 15 13 13 13 13
12 10 28 29 20 13 25 0 31 19 32 30 24 23 26 12 26 37 12 32 18 37 8 28 9 26 26 14 14 10 27 40 21 24 9 25 17 15 30 30 10 20 27 30 20 26 3 21 30 22 18 26 10 6 30 27 28 31 6 24 22 6 12 19 14 12 15 14 11 12 8 7 10 10 19 20 17 18 18 13 11 11 11 12 23 23 19 20 20 20 17 17 16 15 13 12 12 14 14 14 15
23 30 25 10 22 24 14 31 0 21 30 18 15 20 22 20 23 26 19 30 16 26 23 17 22 22 22 31 19 27 15 29 17 26 26 15 24 21 28 18 25 26 23 18 19 14 28 23 3 13 29 24 21 25 3 24 13 0 25 26 13 25 24 20 27 26 22 23 20 20 23 25 22 21 21 21 20 20 19 22 26 25 25 23 21 22 21 19 16 14 15 16 16 17 18 19 20 20 19 18 17
8 15 25 22 5 10 16 19 21 0 29 22 10 6 17 15 9 28 14 29 12 28 17 19 16 17 9 17 14 15 12 31 6 9 15 16 7 7 27 22 11 7 18 22 6 12 17 4 20 11 13 23 15 16 20 24 12 21 17 9 13 17 11 10 12 11 9 13 15 14 17 17 16 16 9 13 10 8 11 12 10 11 10 8 6 6 2 4 6 8 9 10 11 12 13 14 15 14 13 13 12
32 33 6 29 30 33 23 32 30 29 0 17 28 32 27 22 34 35 24 1 24 35 26 26 25 27 34 40 23 31 32 38 26 36 30 24 34 30 3 17 31 34 28 17 28 29 30 32 29 23 37 8 25 28 30 6 30 30 28 36 21 27 28 26 35 33 27 26 24 24 26 27 24 24 27 27 26 27 26 26 30 30 31 32 31 31 29 28 25 23 22 22 21 21 23 24 22 20 20 20 20
25 30 12 17 23 26 11 30 18 22 17 0 20 25 19 19 27 24 20 17 17 24 23 14 22 19 27 33 20 28 20 26 19 28 27 12 26 23 15 0 27 27 20 4 21 18 28 24 18 16 30 11 22 25 18 12 19 18 25 28 9 25 25 22 28 28 24 24 21 21 23 25 22 21 23 22 22 22 21 23 27 26 27 25 23 23 22 21 17 16 17 18 18 19 20 20 19 18 17 18 18
13 20 24 13 11 14 16 24 15 10 28 20 0 9 17 15 12 27 15 28 11 27 18 18 16 17 11 22 14 19 5 30 5 16 20 15 15 11 26 20 15 15 18 19 8 7 21 12 14 11 19 22 16 20 14 23 5 15 19 16 12 20 16 13 17 16 15 16 16 16 18 20 17 16 14 13 14 13 13 17 16 16 15 13 10 11 10 9 6 8 10 11 11 12 14 15 15 14 13 13 12
11 18 28 21 11 15 19 23 20 6 32 25 9 0 21 17 8 32 17 32 14 32 20 22 19 21 8 21 16 18 11 35 10 11 18 19 13 12 30 25 14 12 22 25 8 15 21 10 20 14 19 26 19 19 20 27 10 20 20 11 16 20 14 13 15 14 13 16 18 17 20 20 19 18 12 15 13 11 14 15 14 14 13 11 5 6 7 7 8 10 11 12 13 14 16 17 17 16 15 15 14
20 27 22 21 18 22 14 26 22 17 27 19 17 21 0 16 23 26 18 27 15 26 20 16 19 0 22 28 17 25 22 29 14 24 24 12 22 19 24 19 23 23 1 18 16 18 24 20 21 13 26 21 19 22 22 21 19 22 22 24 12 21 22 17 24 23 20 20 18 18 20 21 18 18 18 18 18 19 18 20 23 23 22 20 19 19 18 16 13 11 14 14 14 15 17 18 16 14 14 15 14
13 12 17 19 17 12 15 12 20 15 22 19 15 17 16 0 20 27 3 22 9 27 5 17 4 16 20 20 5 10 20 30 13 22 9 15 16 12 19 19 10 19 17 19 15 16 10 18 20 12 19 16 4 7 20 16 18 20 7 22 12 7 7 11 14 12 8 5 3 3 5 7 3 3 11 11 9 10 9 5 10 9 11 13 17 17 16 13 12 9 7 7 6 5 4 3 1 2 2 3 4
14 21 30 21 12 17 22 26 23 9 34 27 12 8 23 20 0 34 19 34 17 34 23 24 22 23 1 24 19 21 11 37 11 13 21 22 15 14 32 27 17 12 24 27 10 18 24 12 22 17 22 29 21 22 22 29 13 23 23 13 19 23 17 16 18 17 15 18 20 20 23 23 21 21 15 18 16 14 17 18 16 17 16 14 8 9 9 10 11 13 14 15 16 17 18 19 20 19 18 18 17
31 38 31 23 29 33 18 37 26 28 35 24 27 32 26 27 34 0 27 35 24 0 30 16 29 26 33 39 26 35 28 3 25 35 34 19 33 30 33 24 34 34 27 23 27 25 35 31 25 22 37 29 29 32 25 30 26 26 32 35 16 32 32 28 35 34 30 31 28 28 30 32 30 29 29 29 29 29 28 30 34 33 33 31 30 30 29 27 24 22 24 24 25 26 27 27 27 25 25 26 25
11 12 19 19 15 10 16 12 19 14 24 20 15 17 18 3 19 27 0 23 7 27 4 19 3 18 19 18 2 8 19 30 12 21 8 16 14 10 21 20 8 17 19 20 14 14 9 16 19 12 18 18 2 6 19 18 17 19 6 21 14 7 5 8 13 11 6 4 1 1 4 6 3 2 9 8 8 8 7 3 7 6 8 11 17 16 14 12 11 9 6 5 4 3 1 0 2 4 4 4 5
32 33 6 29 30 33 22 32 30 29 1 17 28 32 27 22 34 35 23 0 23 35 25 26 25 27 34 40 23 31 32 37 26 35 30 23 33 30 3 17 31 34 28 17 28 29 30 32 29 23 37 8 24 27 30 6 30 30 27 35 21 27 28 26 35 33 27 26 24 24 25 27 24 23 27 27 26 26 25 26 30 29 31 32 30 30 29 28 25 23 22 22 20 21 23 23 22 20 20 20 20
14 18 19 15 13 16 13 18 16 12 24 17 11 14 15 9 17 24 7 23 0 24 10 16 9 15 17 23 6 14 16 27 8 18 13 14 16 13 21 17 15 17 16 16 11 13 15 14 15 9 20 18 8 12 16 18 14 16 12 18 11 13 12 8 18 17 9 11 8 8 10 12 9 8 8 8 8 8 7 10 14 13 15 14 13 13 12 10 7 6 3 3 3 4 6 7 8 8 7 6 5
31 38 31 23 29 33 18 37 26 28 35 24 27 32 26 27 34 0 27 35 24 0 30 16 29 26 33 39 26 35 28 3 25 35 34 19 33 30 33 24 34 34 27 23 27 25 35 31 25 22 37 29 29 32 25 30 26 26 32 35 16 32 32 28 35 34 30 31 28 28 30 32 30 29 29 29 29 29 28 30 34 33 33 31 30 30 29 27 24 22 24 24 25 26 27 27 27 25 25 26 25
10 8 21 22 18 11 19 8 23 17 26 23 18 20 20 5 23 30 4 25 10 30 0 21 2 20 23 15 6 6 23 33 15 23 5 18 17 12 23 23 8 20 21 23 17 18 6 19 22 15 18 20 3 2 22 20 20 23 2 23 16 3 8 12 12 10 9 7 3 4 0 2 2 2 12 12 11 11 11 6 9 9 9 10 20 20 17 16 14 12 10 9 8 7 5 4 5 6 7 6 7
22 28 21 16 20 23 8 28 17 19 26 14 18 22 16 17 24 16 19 26 16 16 21 0 20 16 24 30 18 26 19 19 16 25 25 9 24 20 23 14 24 24 17 14 18 16 25 22 16 13 27 20 20 23 17 20 17 17 23 25 6 23 24 19 26 25 21 22 20 20 21 23 20 19 20 19 20 20 19 22 24 25 24 22 21 20 19 18 15 13 15 15 16 17 18 19 17 16 15 16 16
12 9 20 20 17 12 18 9 22 16 25 22 16 19 19 4 22 29 3 25 9 29 2 20 0 19 22 16 5 8 21 32 14 23 7 18 16 12 22 22 9 19 20 22 16 17 6 18 21 14 19 19 2 4 21 19 19 22 3 23 15 4 7 11 14 12 8 6 2 3 2 4 1 2 11 11 10 10 10 5 10 9 10 12 19 19 16 15 13 11 8 8 7 6 4 3 3 5 5 5 6
20 27 22 21 18 22 14 26 22 17 27 19 17 21 0 16 23 26 18 27 15 26 20 16 19 0 22 28 17 25 22 29 14 24 24 12 22 19 24 19 23 23 1 18 16 18 24 20 21 13 26 21 19 22 22 21 19 22 22 24 12 21 22 17 24 23 20 20 18 18 20 21 18 18 18 18 18 19 18 20 23 23 22 20 19 19 18 16 13 11 14 14 14 15 17 18 16 14 14 15 14
14 21 29 22 12 17 21 26 22 9 34 27 11 8 22 20 1 33 19 34 17 33 23 24 22 22 0 24 19 21 11 36 11 12 21 21 14 13 32 27 17 11 23 26 10 17 24 13 22 16 21 28 21 22 22 28 13 22 23 12 18 23 17 16 18 17 15 18 20 20 23 23 22 21 15 18 16 14 17 18 16 17 16 14 7 8 9 10 11 13 14 15 16 17 18 19 20 19 18 18 17
10 12 35 30 18 13 27 14 31 17 40 33 22 21 28 20 24 39 18 40 23 39 15 30 16 28 24 0 20 14 25 42 18 20 13 27 14 13 37 33 10 16 29 32 18 25 12 17 31 22 13 34 18 13 31 34 26 31 14 20 24 14 13 18 14 12 17 15 18 17 15 14 17 17 17 21 19 16 19 15 11 12 11 10 21 21 17 18 18 20 21 22 22 21 19 18 19 21 21 21 22
13 14 19 18 15 12 16 14 19 14 23 20 14 16 17 5 19 26 2 23 6 26 6 18 5 17 19 20 0 10 19 29 11 21 9 16 16 12 21 20 10 18 18 19 13 14 11 16 18 11 19 18 4 8 19 18 16 19 8 21 13 9 7 7 14 12 7 5 3 3 6 8 5 4 7 7 6 6 6 5 9 8 10 13 16 16 14 12 10 8 5 5 3 2 2 2 4 6 5 4 4
7 7 26 26 15 9 23 10 27 15 31 28 19 18 25 10 21 35 8 31 14 35 6 26 8 25 21 14 10 0 22 38 16 20 1 23 13 9 28 28 5 16 26 28 15 22 8 15 26 18 15 25 8 5 27 25 23 27 6 20 20 7 4 11 10 8 7 5 8 7 6 6 7 8 10 12 9 9 10 5 6 5 6 7 18 18 15 15 15 15 13 12 12 11 9 8 10 11 12 11 12
17 23 27 15 15 18 16 27 15 12 32 20 5 11 22 20 11 28 19 32 16 28 23 19 21 22 11 25 19 22 0 31 10 17 23 17 16 14 30 20 18 18 23 20 13 12 25 15 15 15 22 26 21 24 16 26 7 15 24 17 14 24 19 18 20 20 19 21 20 20 23 25 22 21 18 18 19 17 18 21 19 20 18 17 12 13 13 13 11 13 15 16 16 17 19 19 20 19 18 18 17
34 41 33 26 32 36 21 40 29 31 38 26 30 35 29 30 37 3 30 37 27 3 33 19 32 29 36 42 29 38 31 0 28 38 37 22 36 33 35 26 37 37 30 26 30 28 38 34 28 25 40 32 32 35 28 32 29 29 35 38 19 35 35 31 38 37 33 34 31 31 33 35 33 32 32 32 32 32 31 33 37 36 36 34 33 33 32 30 27 25 27 27 28 29 30 30 30 28 28 29 28
11 17 21 18 9 11 13 21 17 6 26 19 5 10 14 13 11 25 12 26 8 25 15 16 14 14 11 18 11 16 10 28 0 12 17 13 11 8 23 19 12 11 15 18 4 8 18 8 17 8 16 20 14 17 17 20 9 17 17 12 10 18 13 10 14 14 12 13 13 13 15 17 14 14 11 11 11 11 11 14 13 14 12 11 7 7 6 5 3 5 7 8 9 10 11 12 13 12 11 11 10
13 20 31 25 12 15 23 24 26 9 36 28 16 11 24 22 13 35 21 35 18 35 23 25 23 24 12 20 21 20 17 38 12 0 20 23 7 12 33 28 16 5 25 28 10 19 22 6 26 18 15 30 22 21 26 30 18 26 22 0 20 22 16 17 17 16 17 18 21 20 23 22 23 22 16 20 17 15 18 18 16 17 15 13 7 5 9 10 13 15 16 17 18 19 20 21 22 20 20 20 19
7 6 25 25 16 8 23 9 26 15 30 27 20 18 24 9 21 34 8 30 13 34 5 25 7 24 21 13 9 1 23 37 17 20 0 23 14 9 27 27 5 17 25 27 16 21 7 16 25 17 15 24 7 4 26 24 23 26 5 20 20 6 5 11 9 7 7 5 8 7 5 5 6 7 11 11 9 10 10 5 6 6 6 7 19 19 15 16 15 14 12 11 11 10 9 8 9 10 11 10 11
19 26 19 14 17 21 6 25 15 16 24 12 15 19 12 15 22 19 16 23 14 19 18 9 18 12 21 27 16 23 17 22 13 23 23 0 21 17 22 12 22 22 13 11 15 15 23 19 15 10 24 18 17 20 15 19 16 15 20 23 5 20 21 16 23 22 19 19 17 17 18 20 17 16 17 17 17 17 16 19 21 22 21 19 18 18 16 15 12 10 13 13 13 14 16 16 15 13 13 13 13
7 14 29 23 10 8 21 17 24 7 34 26 15 13 22 16 15 33 14 33 16 33 17 24 16 22 14 14 16 13 16 36 11 7 14 21 0 5 31 26 10 3 23 26 9 18 15 4 24 16 8 28 15 15 24 28 17 24 16 7 18 16 9 12 11 10 11 11 14 13 17 16 16 15 11 15 12 10 13 11 9 10 9 7 9 8 6 9 11 13 14 15 16 17 15 14 16 18 18 18 17
4 10 26 20 8 4 17 15 21 7 30 23 11 12 19 12 14 30 10 30 13 30 12 20 12 19 13 13 12 9 14 33 8 12 9 17 5 0 28 23 5 8 20 23 7 15 12 7 20 13 9 24 10 10 21 25 15 21 11 12 14 11 5 8 6 6 7 7 10 9 12 11 12 11 7 11 8 6 9 7 5 6 4 4 10 10 7 7 7 9 10 11 12 13 11 10 12 14 14 14 14
29 30 4 26 28 31 21 30 28 27 3 15 26 30 24 19 32 33 21 3 21 33 23 23 22 24 32 37 21 28 30 35 23 33 27 22 31 28 0 15 29 32 25 14 26 27 27 29 27 21 35 6 22 25 27 4 28 28 25 33 19 25 26 24 33 31 25 24 22 22 23 25 22 21 25 24 24 24 23 24 28 27 29 29 28 28 27 25 22 20 20 19 18 19 21 21 19 18 17 18 18
25 30 12 17 23 26 11 30 18 22 17 0 20 25 19 19 27 24 20 17 17 24 23 14 22 19 27 33 20 28 20 26 19 28 27 12 26 23 15 0 27 27 20 4 21 18 28 24 18 16 30 11 22 25 18 12 19 18 25 28 9 25 25 22 28 28 24 24 21 21 23 25 22 21 23 22 22 22 21 23 27 26 27 25 23 23 22 21 17 16 17 18 18 19 20 20 19 18 17 18 18
3 5 26 24 12 4 22 10 25 11 31 27 15 14 23 10 17 34 8 31 15 34 8 24 9 23 17 10 10 5 18 37 12 16 5 22 10 5 29 27 0 12 24 27 11 18 7 11 24 17 11 25 9 6 25 25 19 25 6 16 19 6 3 12 5 3 8 5 8 7 8 7 10 9 11 14 9 10 11 5 1 2 1 3 14 14 11 11 11 13 14 13 12 11 9 8 10 11 12 12 12
10 17 30 26 10 11 22 20 26 7 34 27 15 12 23 19 12 34 17 34 17 34 20 24 19 23 11 16 18 16 18 37 11 5 17 22 3 8 32 27 12 0 24 27 11 17 18 4 25 17 10 29 18 18 26 29 17 26 18 5 19 18 12 15 13 13 14 14 17 16 20 18 19 18 14 17 15 13 16 14 12 13 11 10 8 6 7 9 11 13 14 15 16 17 18 17 19 19 18 18 17
21 28 23 22 19 23 15 27 23 18 28 20 18 22 1 17 24 27 19 28 16 27 21 17 20 1 23 29 18 26 23 30 15 25 25 13 23 20 25 20 24 24 0 19 17 19 25 21 22 14 27 22 20 23 23 22 20 23 23 25 13 22 23 18 25 24 21 21 19 19 21 22 19 19 19 19 19 20 19 21 24 24 23 21 20 20 19 17 14 12 15 15 15 16 18 19 17 15 15 16 15
24 30 12 17 23 26 10 30 18 22 17 4 19 25 18 19 27 23 20 17 16 23 23 14 22 18 26 32 19 28 20 26 18 28 27 11 26 23 14 4 27 27 19 0 20 17 27 24 17 14 30 11 22 25 18 11 18 18 25 28 9 25 25 21 28 27 23 24 21 21 23 25 22 21 22 22 22 22 21 23 27 26 26 24 23 23 22 20 17 15 17 17 17 18 20 20 19 18 17 18 18
9 16 23 19 8 11 15 20 19 6 28 21 8 8 16 15 10 27 14 28 11 27 17 18 16 16 10 18 13 15 13 30 4 10 16 15 9 7 26 21 11 11 17 20 0 11 18 8 19 10 15 22 15 17 20 22 12 19 17 10 12 17 12 12 13 12 11 14 15 15 17 18 17 16 11 13 12 10 13 14 12 13 11 9 6 6 6 3 6 8 10 11 11 12 14 14 16 14 14 14 13
15 22 24 13 13 18 14 26 14 12 29 18 7 15 18 16 18 25 14 29 13 25 18 16 17 18 17 25 14 22 12 28 8 19 21 15 18 15 27 18 18 17 19 17 11 0 23 15 13 9 22 23 16 20 14 23 9 14 20 19 12 20 18 14 19 18 16 18 15 15 18 20 16 16 15 15 15 15 14 17 17 18 17 15 14 14 12 11 9 8 10 10 11 12 13 14 15 15 14 13 12
10 7 25 26 18 11 23 3 28 17 30 28 21 21 24 10 24 35 9 30 15 35 6 25 6 24 24 12 11 8 25 38 18 22 7 23 15 12 27 28 7 18 25 27 18 23 0 18 27 20 16 24 8 4 27 24 25 28 4 22 20 3 10 17 12 10 12 11 8 9 6 4 7 8 16 17 14 15 15 11 8 9 8 10 20 20 17 18 17 17 14 14 13 12 10 9 9 11 11 11 12
9 16 27 24 7 11 19 21 23 4 32 24 12 10 20 18 12 31 16 32 14 31 19 22 18 20 13 17 16 15 15 34 8 6 16 19 4 7 29 24 11 4 21 24 8 15 18 0 21 14 11 26 17 17 22 26 15 23 17 6 16 17 11 12 12 12 12 13 16 15 19 17 18 17 11 15 12 10 13 13 11 12 10 9 8 6 4 7 8 10 12 13 13 14 16 16 18 16 16 16 15
23 29 25 11 22 23 14 30 3 20 29 18 14 20 21 20 22 25 19 29 15 25 22 16 21 21 22 31 18 26 15 28 17 26 25 15 24 20 27 18 24 25 22 17 19 13 27 21 0 13 28 23 21 24 2 24 12 3 24 26 12 25 24 20 26 26 21 23 20 20 22 24 21 20 20 20 20 20 19 22 25 25 24 23 21 22 20 19 16 14 15 15 15 16 18 19 20 20 19 18 17
14 21 19 12 12 16 10 22 13 11 23 16 11 14 13 12 17 22 12 23 9 22 15 13 14 13 16 22 11 18 15 25 8 18 17 10 16 13 21 16 17 17 14 14 10 9 20 14 13 0 20 18 14 17 13 18 14 13 17 18 8 17 17 11 18 17 14 16 13 13 15 17 15 14 12 11 12 12 11 15 17 17 16 14 13 13 12 10 7 5 8 9 10 11 12 12 12 10 10 11 10
8 15 33 28 15 9 25 18 29 13 37 30 19 19 26 19 22 37 18 37 20 37 18 27 19 26 21 13 19 15 22 40 16 15 15 24 8 9 35 30 11 10 27 30 15 22 16 11 28 20 0 31 18 16 29 32 23 29 16 15 21 17 13 16 12 11 15 15 18 17 18 17 19 19 15 19 16 14 17 15 12 12 11 8 17 15 13 15 15 17 18 19 20 20 19 18 20 21 21 21 22
26 27 3 23 24 27 17 26 24 23 8 11 22 26 21 16 29 29 18 8 18 29 20 20 19 21 28 34 18 25 26 32 20 30 24 18 28 24 6 11 25 29 22 11 22 23 24 26 23 18 31 0 19 22 24 3 24 24 22 30 15 21 22 21 30 28 21 21 18 18 20 21 19 18 21 21 21 21 20 20 24 24 25 26 25 25 23 22 19 17 16 16 15 16 17 18 16 14 14 15 15
12 10 20 20 15 11 18 10 21 15 25 22 16 19 19 4 21 29 2 24 8 29 3 20 2 19 21 18 4 8 21 32 14 22 7 17 15 10 22 22 9 18 20 22 15 16 8 17 21 14 18 19 0 5 21 19 19 21 5 22 15 5 6 10 13 11 6 4 1 2 3 5 2 1 10 10 8 9 9 4 9 8 9 12 18 18 15 14 13 11 8 7 6 5 3 2 3 5 5 5 6
8 6 23 24 17 9 21 6 25 16 28 25 20 19 22 7 22 32 6 27 12 32 2 23 4 22 22 13 8 5 24 35 17 21 4 20 15 10 25 25 6 18 23 25 17 20 4 17 24 17 16 22 5 0 24 22 22 25 1 21 18 2 8 14 10 8 9 8 5 6 2 1 4 4 13 14 11 12 12 8 7 7 7 8 20 20 16 17 16 14 12 11 10 9 7 6 7 8 9 8 9
23 30 25 11 23 24 14 30 3 20 30 18 14 20 22 20 22 25 19 30 16 25 22 17 21 22 22 31 19 27 16 28 17 26 26 15 24 21 27 18 25 26 23 18 20 14 27 22 2 13 29 24 21 24 0 24 13 3 24 26 12 25 24 20 27 26 21 23 20 20 22 24 21 20 21 20 20 20 19 22 26 25 25 23 21 22 21 19 16 14 15 15 16 17 18 19 20 20 19 18 17
26 27 1 23 24 27 18 27 24 24 6 12 23 27 21 16 29 30 18 6 18 30 20 20 19 21 28 34 18 25 26 32 20 30 24 19 28 25 4 12 25 29 22 11 22 23 24 26 24 18 32 3 19 22 24 0 25 24 22 30 15 22 22 21 30 28 22 21 19 19 20 22 19 18 22 21 21 21 20 20 25 24 26 26 25 25 24 22 19 17 17 16 15 16 17 18 16 15 14 15 15
16 23 26 14 14 19 15 28 13 12 30 19 5 10 19 18 13 26 17 30 14 26 20 17 19 19 13 26 16 23 7 29 9 18 23 16 17 15 28 19 19 17 20 18 12 9 25 15 12 14 23 24 19 22 13 25 0 13 22 18 13 23 19 16 20 19 17 20 18 18 20 22 19 19 16 16 17 16 16 20 18 19 18 16 12 13 12 12 10 11 12 13 14 15 16 17 18 17 16 16 15
23 30 25 10 22 24 14 31 0 21 30 18 15 20 22 20 23 26 19 30 16 26 23 17 22 22 22 31 19 27 15 29 17 26 26 15 24 21 28 18 25 26 23 18 19 14 28 23 3 13 29 24 21 25 3 24 13 0 25 26 13 25 24 20 27 26 22 23 20 20 23 25 22 21 21 21 20 20 19 22 26 25 25 23 21 22 21 19 16 14 15 16 16 17 18 19 20 20 19 18 17
9 7 23 23 18 10 21 6 25 17 28 25 19 20 22 7 23 32 6 27 12 32 2 23 3 22 23 14 8 6 24 35 17 22 5 20 16 11 25 25 6 18 23 25 17 20 4 17 24 17 16 22 5 1 24 22 22 25 0 22 18 1 9 14 11 9 10 8 5 6 2 1 4 4 14 14 12 13 13 8 7 8 7 9 20 20 17 17 16 14 11 11 10 9 7 6 6 8 8 8 9
13 20 31 25 12 15 23 24 26 9 36 28 16 11 24 22 13 35 21 35 18 35 23 25 23 24 12 20 21 20 17 38 12 0 20 23 7 12 33 28 16 5 25 28 10 19 22 6 26 18 15 30 22 21 26 30 18 26 22 0 20 22 16 17 17 16 17 18 21 20 23 22 23 22 16 20 17 15 18 18 16 17 15 13 7 5 9 10 13 15 16 17 18 19 20 21 22 20 20 20 19
16 23 16 11 14 18 4 22 13 13 21 9 12 16 12 12 19 16 14 21 11 16 16 6 15 12 18 24 13 20 14 19 10 20 20 5 18 14 19 9 19 19 13 9 12 12 20 16 12 8 21 15 15 18 12 15 13 13 18 20 0 17 18 13 20 19 16 16 14 14 16 17 14 14 14 14 14 14 14 16 19 19 18 16 15 15 13 12 9 7 10 10 10 11 13 14 12 10 10 10 10
9 7 23 24 18 10 20 6 25 17 27 25 20 20 21 7 23 32 7 27 13 32 3 23 4 21 23 14 9 7 24 35 18 22 6 20 16 11 25 25 6 18 22 25 17 20 3 17 25 17 17 21 5 2 25 22 23 25 1 22 17 0 9 15 11 9 11 9 6 7 3 2 5 5 15 15 13 14 14 9 7 8 7 9 20 20 17 17 17 15 12 12 11 10 8 7 7 9 9 9 10
6 8 23 24 12 5 21 12 24 11 28 25 16 14 22 7 17 32 5 28 12 32 8 24 7 22 17 13 7 4 19 35 13 16 5 21 9 5 26 25 3 12 23 25 12 18 10 11 24 17 13 22 6 8 24 22 19 24 9 16 18 9 0 9 8 6 5 2 5 4 8 9 7 6 8 11 6 7 8 2 3 2 4 6 14 14 11 11 11 13 11 10 9 8 6 5 7 9 9 9 10
10 16 22 21 11 11 16 19 20 10 26 22 13 13 17 11 16 28 8 26 8 28 12 19 11 17 16 18 7 11 18 31 10 17 11 16 12 8 24 22 12 15 18 21 12 14 17 12 20 11 16 21 10 14 20 21 16 20 14 17 13 15 9 0 13 13 5 7 9 9 12 14 11 10 1 3 3 2 2 8 12 11 12 10 14 14 10 11 10 8 6 6 7 7 8 8 10 11 10 10 9
4 10 31 26 13 3 23 14 27 12 35 28 17 15 24 14 18 35 13 35 18 35 12 26 14 24 18 14 14 10 20 38 14 17 9 23 11 6 33 28 5 13 25 28 13 19 12 12 26 18 12 30 13 10 27 30 20 27 11 17 20 11 8 13 0 2 13 10 13 12 12 11 14 14 12 16 13 11 14 10 6 7 6 4 15 15 12 13 12 15 16 17 17 16 14 13 15 16 16 17 17
3 8 29 26 12 4 22 12 26 11 33 28 16 14 23 12 17 34 11 33 17 34 10 25 12 23 17 12 12 8 20 37 14 16 7 22 10 6 31 28 3 13 24 27 12 18 10 12 26 17 11 28 11 8 26 28 19 26 9 16 19 9 6 13 2 0 11 8 11 10 10 9 12 12 12 15 12 11 13 8 4 5 4 3 15 15 12 12 12 14 15 16 15 14 12 11 13 14 14 15 15
9 12 23 23 11 10 19 15 22 9 27 24 15 13 20 8 15 30 6 27 9 30 9 21 8 20 15 17 7 7 19 33 12 17 7 19 11 7 25 24 8 14 21 23 11 16 12 12 21 14 15 21 6 9 21 22 17 22 10 17 16 11 5 5 13 11 0 4 7 6 9 9 8 7 5 6 2 4 3 4 8 7 9 9 13 13 10 10 9 10 7 7 7 6 7 6 8 10 10 9 9
8 10 22 23 14 7 19 14 23 13 26 24 16 16 20 5 18 31 4 26 11 31 7 22 6 20 18 15 5 5 21 34 13 18 5 19 11 7 24 24 5 14 21 24 14 18 11 13 23 16 15 21 4 8 23 21 20 23 8 18 16 9 2 7 10 8 4 0 5 5 7 9 6 5 6 9 4 5 6 3 5 4 6 8 14 14 11 11 10 12 9 9 8 7 5 4 6 7 7 8 9
11 11 20 20 16 10 17 11 20 15 24 21 16 18 18 3 20 28 1 24 8 28 3 20 2 18 20 18 3 8 20 31 13 21 8 17 14 10 22 21 8 17 19 21 15 15 8 16 20 13 18 18 1 5 20 19 18 20 5 21 14 6 5 9 13 11 7 5 0 1 3 5 3 2 9 9 8 8 8 3 8 7 9 11 17 17 14 13 12 10 7 6 5 4 2 1 3 4 5 4 5
10 12 20 20 15 9 17 12 20 14 24 21 16 17 18 3 20 28 1 24 8 28 4 20 3 18 20 17 3 7 20 31 13 20 7 17 13 9 22 21 7 16 19 21 15 15 9 15 20 13 17 18 2 6 20 19 18 20 6 20 14 7 4 9 12 10 6 5 1 0 4 6 4 3 8 9 7 7 8 2 7 6 8 10 16 16 13 13 12 10 7 6 5 4 2 1 3 5 5 5 6
10 8 21 22 18 11 19 8 23 17 26 23 18 20 20 5 23 30 4 25 10 30 0 21 2 20 23 15 6 6 23 33 15 23 5 18 17 12 23 23 8 20 21 23 17 18 6 19 22 15 18 20 3 2 22 20 20 23 2 23 16 3 8 12 12 10 9 7 3 4 0 2 2 2 12 12 11 11 11 6 9 9 9 10 20 20 17 16 14 12 10 9 8 7 5 4 5 6 7 6 7
9 7 23 24 18 10 20 7 25 17 27 25 20 20 21 7 23 32 6 27 12 32 2 23 4 21 23 14 8 6 25 35 17 22 5 20 16 11 25 25 7 18 22 25 18 20 4 17 24 17 17 21 5 1 24 22 22 25 1 22 17 2 9 14 11 9 9 9 5 6 2 0 4 4 14 14 11 13 12 8 7 8 7 9 20 20 17 18 16 14 12 11 10 9 7 6 7 8 8 8 9
11 10 20 21 17 12 17 10 22 16 24 22 17 19 18 3 21 30 3 24 9 30 2 20 1 18 22 17 5 7 22 33 14 23 6 17 16 12 22 22 10 19 19 22 17 16 7 18 21 15 19 19 2 4 21 19 19 22 4 23 14 5 7 11 14 12 8 6 3 4 2 4 0 1 11 11 10 10 10 5 10 9 10 11 19 19 16 15 13 11 9 8 7 6 4 3 4 5 5 5 6
12 10 19 21 16 11 17 10 21 16 24 21 16 18 18 3 21 29 2 23 8 29 2 19 2 18 21 17 4 8 21 32 14 22 7 16 15 11 21 21 9 18 19 21 16 16 8 17 20 14 19 18 1 4 20 18 19 21 4 22 14 5 6 10 14 12 7 5 2 3 2 4 1 0 10 10 9 9 9 4 9 8 10 12 18 18 15 14 13 11 8 7 6 5 3 2 3 5 5 5 6
9 16 23 22 10 10 17 19 21 9 27 23 14 12 18 11 15 29 9 27 8 29 12 20 11 18 15 17 7 10 18 32 11 16 11 17 11 7 25 23 11 14 19 22 11 15 16 11 20 12 15 21 10 13 21 22 16 21 14 16 14 15 8 1 12 12 5 6 9 8 12 14 11 10 0 4 4 1 3 7 11 10 11 9 13 13 9 10 9 9 7 6 8 7 9 9 11 12 11 10 9
12 17 22 21 14 14 17 20 21 13 27 22 13 15 18 11 18 29 8 27 8 29 12 19 11 18 18 21 7 12 18 32 11 20 11 17 15 11 24 22 14 17 19 22 13 15 17 15 20 11 19 21 10 14 20 21 16 21 14 20 14 15 11 3 16 15 6 9 9 9 12 14 11 10 4 0 5 5 4 10 14 13 14 12 16 16 12 13 10 8 6 6 7 7 8 8 10 11 11 10 9
10 14 22 21 11 11 17 17 20 10 26 22 14 13 18 9 16 29 8 26 8 29 11 20 10 18 16 19 6 9 19 32 11 17 9 17 12 8 24 22 9 15 19 22 12 15 14 12 20 12 16 21 8 11 20 21 17 20 12 17 14 13 6 3 13 12 2 4 8 7 11 11 10 9 4 5 0 3 2 6 9 8 10 10 14 14 11 11 10 9 6 6 7 6 8 8 10 11 10 9 9
8 15 22 21 9 9 17 18 20 8 27 22 13 11 19 10 14 29 8 26 8 29 11 20 10 19 14 16 6 9 17 32 11 15 10 17 10 6 24 22 10 13 20 22 10 15 15 10 20 12 14 21 9 12 20 21 16 20 13 15 14 14 7 2 11 11 4 5 8 7 11 13 10 9 1 5 3 0 4 6 10 9 10 8 12 12 8 9 8 10 8 7 8 8 8 8 10 12 11 10 10
10 15 21 20 12 12 17 18 19 11 26 21 13 14 18 9 17 28 7 25 7 28 11 19 10 18 17 19 6 10 18 31 11 18 10 16 13 9 23 21 11 16 19 21 13 14 15 13 19 11 17 20 9 12 19 20 16 19 13 18 14 14 8 2 14 13 3 6 8 8 11 12 10 9 3 4 2 4 0 6 10 9 11 10 13 13 10 10 10 8 5 5 6 6 7 7 9 10 9 9 8
8 10 21 22 13 7 19 13 22 12 26 23 17 15 20 5 18 30 3 26 10 30 6 22 5 20 18 15 5 5 21 33 14 18 5 19 11 7 24 23 5 14 21 23 14 17 11 13 22 15 15 20 4 8 22 20 20 22 8 18 16 9 2 8 10 8 4 3 3 2 6 8 5 4 7 10 6 6 6 0 5 4 6 8 14 14 11 11 11 12 9 8 7 6 4 3 5 7 7 7 8
4 6 26 25 12 4 22 11 26 10 30 27 16 14 23 10 16 34 7 30 14 34 9 24 10 23 16 11 9 6 19 37 13 16 6 21 9 5 28 27 1 12 24 27 12 17 8 11 25 17 12 24 9 7 26 25 18 26 7 16 19 7 3 12 6 4 8 5 8 7 9 7 10 9 11 14 9 10 10 5 0 1 1 4 14 14 11 11 11 14 13 12 11 10 8 7 9 10 11 11 11
5 7 25 25 12 4 22 11 25 11 30 26 16 14 23 9 17 33 6 29 13 33 9 25 9 23 17 12 8 5 20 36 14 17 6 22 10 6 27 26 2 13 24 26 13 18 9 12 25 17 12 24 8 7 25 24 19 25 8 17 19 8 2 11 7 5 7 4 7 6 9 8 9 8 10 13 8 9 9 4 1 0 2 5 15 15 11 12 12 14 12 11 10 9 7 6 8 10 10 10 11
3 6 27 24 11 3 21 11 25 10 31 27 15 13 22 11 16 33 8 31 15 33 9 24 10 22 16 11 10 6 18 36 12 15 6 21 9 4 29 27 1 11 23 26 11 17 8 10 24 16 11 25 9 7 25 26 18 25 7 15 18 7 4 12 6 4 9 6 9 8 9 7 10 10 11 14 10 10 11 6 1 2 0 3 14 14 11 11 11 13 14 13 12 11 9 8 10 11 12 12 12
0 7 27 24 9 6 19 12 23 8 32 25 13 11 20 13 14 31 11 32 14 31 10 22 12 20 14 10 13 7 17 34 11 13 7 19 7 4 29 25 3 10 21 24 9 15 10 9 23 14 8 26 12 8 23 26 16 23 9 13 16 9 6 10 4 3 9 8 11 10 10 9 11 12 9 12 10 8 10 8 4 5 3 0 12 12 9 9 9 11 12 13 14 13 12 11 12 14 14 14 15
12 19 26 22 9 13 18 23 21 6 31 23 10 5 19 17 8 30 17 30 13 30 20 21 19 19 7 21 16 18 12 33 7 7 19 18 9 10 28 23 14 8 20 23 6 14 20 8 21 13 17 25 18 20 21 25 12 21 20 7 15 20 14 14 15 15 13 14 17 16 20 20 19 18 13 16 14 12 13 14 14 15 14 12 0 4 8 9 10 12 14 15 16 17 18 17 18 19 18 18 17
12 19 26 23 9 13 18 23 22 6 31 23 11 6 19 17 9 30 16 30 13 30 20 20 19 19 8 21 16 18 13 33 7 5 19 18 8 10 28 23 14 6 20 23 6 14 20 6 22 13 15 25 18 20 22 25 13 22 20 5 15 20 14 14 15 15 13 14 17 16 20 20 19 18 13 16 14 12 13 14 14 15 14 12 4 0 5 5 8 10 11 12 13 14 15 16 17 16 15 15 14
9 16 25 22 5 10 16 19 21 2 29 22 10 7 18 16 9 29 14 29 12 29 17 19 16 18 9 17 14 15 13 32 6 9 15 16 6 7 27 22 11 7 19 22 6 12 17 4 20 12 13 23 15 16 21 24 12 21 17 9 13 17 11 10 12 12 10 11 14 13 17 17 16 15 9 12 11 8 10 11 11 11 11 9 8 5 0 5 6 9 10 11 11 12 14 14 16 14 14 14 13
9 16 23 20 8 11 15 20 19 4 28 21 9 7 16 13 10 27 12 28 10 27 16 18 15 16 10 18 12 15 13 30 5 10 16 15 9 7 25 21 11 9 17 20 3 11 18 7 19 10 15 22 14 17 19 22 12 19 17 10 12 17 11 11 13 12 10 11 13 13 16 18 15 14 10 13 11 9 10 11 11 12 11 9 9 5 5 0 4 6 7 8 9 10 11 12 13 11 11 11 10
9 16 20 17 9 10 12 20 16 6 25 17 6 8 13 12 11 24 11 25 7 24 14 15 13 13 11 18 10 15 11 27 3 13 15 12 11 7 22 17 11 11 14 17 6 9 17 8 16 7 15 19 13 16 16 19 10 16 16 13 9 17 11 10 12 12 9 10 12 12 14 16 13 13 9 10 10 8 10 11 11 12 11 9 10 8 6 4 0 3 6 7 8 9 10 11 12 10 10 10 9
11 18 18 15 11 13 10 20 14 8 23 16 8 10 11 9 13 22 9 23 6 22 12 13 11 11 13 20 8 15 13 25 5 15 14 10 13 9 20 16 13 13 12 15 8 8 17 10 14 5 17 17 11 14 14 17 11 14 14 15 7 15 13 8 15 14 10 12 10 10 12 14 11 11 9 8 9 10 8 12 14 14 13 11 12 10 9 6 3 0 3 4 5 6 8 9 9 8 7 8 7
12 17 18 16 13 14 13 17 15 9 22 17 10 11 14 7 14 24 6 22 3 24 10 15 8 14 14 21 5 13 15 27 7 16 12 13 14 10 20 17 14 14 15 17 10 10 14 12 15 8 18 16 8 12 15 17 12 15 11 16 10 12 11 6 16 15 7 9 7 7 10 12 9 8 7 6 6 8 5 9 13 12 14 12 14 11 10 7 6 3 0 1 2 3 5 6 7 7 6 5 4
13 17 17 16 14 15 13 17 16 10 22 18 11 12 14 7 15 24 5 22 3 24 9 15 8 14 15 22 5 12 16 27 8 17 11 13 15 11 19 18 13 15 15 17 11 10 14 13 15 9 19 16 7 11 15 16 13 16 11 17 10 12 10 6 17 16 7 9 6 6 9 11 8 7 6 6 6 7 5 8 12 11 13 13 15 12 11 8 7 4 1 0 2 3 4 5 7 7 6 5 4
14 16 16 17 14 14 13 16 16 11 21 18 11 13 14 6 16 25 4 20 3 25 8 16 7 14 16 22 3 12 16 28 9 18 11 13 16 12 18 18 12 16 15 17 11 11 13 13 15 10 20 15 6 10 16 15 14 16 10 18 10 11 9 7 17 15 7 8 5 5 8 10 7 6 8 7 7 8 6 7 11 10 12 14 16 13 11 9 8 5 2 2 0 1 3 4 5 5 4 3 2
13 15 17 18 15 13 14 15 17 12 21 19 12 14 15 5 17 26 3 21 4 26 7 17 6 15 17 21 2 11 17 29 10 19 10 14 17 13 19 19 11 17 16 18 12 12 12 14 16 11 20 16 5 9 17 16 15 17 9 19 11 10 8 7 16 14 6 7 4 4 7 9 6 5 7 7 6 8 6 6 10 9 11 13 17 14 12 10 9 6 3 3 1 0 2 3 4 5 4 3 3
12 13 18 19 16 11 16 13 18 13 23 20 14 16 17 4 18 27 1 23 6 27 5 18 4 17 18 19 2 9 19 30 11 20 9 16 15 11 21 20 9 18 18 20 14 13 10 16 18 12 19 17 3 7 18 17 16 18 7 20 13 8 6 8 14 12 7 5 2 2 5 7 4 3 9 8 8 8 7 4 8 7 9 12 18 15 14 11 10 8 5 4 3 2 0 1 3 5 4 4 4
11 12 19 19 15 10 16 12 19 14 24 20 15 17 18 3 19 27 0 23 7 27 4 19 3 18 19 18 2 8 19 30 12 21 8 16 14 10 21 20 8 17 19 20 14 14 9 16 19 12 18 18 2 6 19 18 17 19 6 21 14 7 5 8 13 11 6 4 1 1 4 6 3 2 9 8 8 8 7 3 7 6 8 11 17 16 14 12 11 9 6 5 4 3 1 0 2 4 4 4 5
12 12 17 20 17 12 15 12 20 15 22 19 15 17 16 1 20 27 2 22 8 27 5 17 3 16 20 19 4 10 20 30 13 22 9 15 16 12 19 19 10 19 17 19 16 15 9 18 20 12 20 16 3 7 20 16 18 20 6 22 12 7 7 10 15 13 8 6 3 3 5 7 4 3 11 10 10 10 9 5 9 8 10 12 18 17 16 13 12 9 7 7 5 4 3 2 0 2 2 3 4
14 14 16 21 17 14 13 14 20 14 20 18 14 16 14 2 19 25 4 20 8 25 6 16 5 14 19 21 6 11 19 28 12 20 10 13 18 14 18 18 11 19 15 18 14 15 11 16 20 10 21 14 5 8 20 15 17 20 8 20 10 9 9 11 16 14 10 7 4 5 6 8 5 5 12 11 11 12 10 7 10 10 11 14 19 16 14 11 10 8 7 7 5 5 5 4 2 0 1 2 3
14 14 15 20 17 14 13 14 19 13 20 17 13 15 14 2 18 25 4 20 7 25 7 15 5 14 18 21 5 12 18 28 11 20 11 13 18 14 17 17 12 18 15 17 14 14 11 16 19 10 21 14 5 9 19 14 16 19 8 20 10 9 9 10 16 14 10 7 5 5 7 8 5 5 11 11 10 11 9 7 11 10 12 14 18 15 14 11 10 7 6 6 4 4 4 4 2 1 0 1 2
14 14 16 19 17 14 13 14 18 13 20 18 13 15 15 3 18 26 4 20 6 26 6 16 5 15 18 21 4 11 18 29 11 20 10 13 18 14 18 18 12 18 16 18 14 13 11 16 18 11 21 15 5 8 18 15 16 18 8 20 10 9 9 10 17 15 9 8 4 5 6 8 5 5 10 10 9 10 9 7 11 10 12 14 18 15 14 11 10 8 5 5 3 3 4 4 3 2 1 0 1
15 15 16 18 16 15 13 15 17 12 20 18 12 14 14 4 17 25 5 20 5 25 7 16 6 14 17 22 4 12 17 28 10 19 11 13 17 14 18 18 12 17 15 18 13 12 12 15 17 10 22 15 6 9 17 15 15 17 9 19 10 10 10 9 17 15 9 9 5 6 7 9 6 6 9 9 9 10 8 8 11 11 12 15 17 14 13 10 9 7 4 4 2 3 4 5 4 3 2 1 0