0 10 22 30 8 5 18 38 10 13 8 8 16 24 7 2 20 13 31 9 13 25 5 26 10 39 15 3 17 8 16 18 7 14 27 26 11 10 15 11 11 26 11 5 23 6 15 5 18 31 12 13 7 12 26 9 13 10 11 9 13 9 6 10 4 3 9 8 11 10 10 9 11 12 9 12 10 8 10 8 4 5 3 0 12 12 9 9 9 11 12 13 14 13 12 11 12 14 14 14 15
10 0 23 28 14 14 21 41 9 19 5 5 19 26 9 9 23 17 29 8 19 27 10 26 10 42 18 8 20 5 19 21 6 10 26 24 17 10 16 17 12 23 18 11 24 9 18 9 21 29 19 18 7 18 24 6 19 13 17 8 19 8 6 9 12 10 5 5 8 7 7 7 7 8 9 10 7 8 8 5 8 7 9 10 17 17 14 15 14 13 10 10 9 8 8 8 10 11 11 11 11
22 23 0 28 20 25 13 32 24 20 26 26 15 17 28 24 14 14 29 25 15 18 25 18 27 33 16 24 13 26 11 14 26 23 21 24 22 27 7 14 30 23 19 21 2 28 15 26 12 28 12 13 25 12 24 24 13 30 22 25 13 24 23 19 26 25 20 22 19 20 22 24 20 20 20 19 19 19 18 22 25 24 24 22 20 21 20 18 15 13 14 14 15 16 17 18 19 19 18 17 16
30 28 28 0 28 33 22 41 26 32 30 30 22 15 32 31 22 26 1 27 31 16 31 15 29 41 20 31 20 30 19 21 28 22 15 11 31 28 21 25 32 5 31 30 29 30 21 31 21 1 26 26 28 26 8 26 27 32 31 27 27 26 27 25 34 32 26 25 23 23 25 26 23 22 26 26 25 25 24 25 29 28 30 30 29 29 28 27 23 22 21 21 19 20 22 22 20 19 18 19 19
8 14 20 28 0 12 16 36 18 8 13 13 14 21 15 10 17 9 29 17 8 22 12 23 17 37 12 11 15 13 14 16 15 19 25 24 5 17 13 8 18 24 7 8 21 14 13 12 15 29 10 11 15 9 24 17 10 17 5 17 11 17 10 10 12 11 9 12 15 14 18 17 16 16 9 13 10 8 11 12 10 11 10 8 6 6 2 4 6 8 9 10 11 12 13 14 15 14 13 13 12
5 14 25 33 12 0 21 41 14 18 12 12 19 27 10 7 23 15 34 13 17 28 8 29 11 42 18 7 20 12 19 21 11 18 30 29 14 11 18 15 12 29 16 9 26 10 18 9 21 34 17 17 11 17 29 13 18 11 14 13 18 13 10 13 8 8 12 12 15 14 15 13 16 16 12 16 13 11 14 12 8 9 8 5 15 14 12 12 12 14 15 16 17 18 16 15 17 18 19 18 19
18 21 13 22 16 21 0 25 19 20 23 23 7 11 25 20 7 14 23 21 17 11 23 12 22 26 8 21 4 23 3 5 22 16 14 17 19 22 6 13 25 17 19 18 14 24 7 23 4 22 11 12 21 11 18 20 12 26 19 21 12 20 20 16 22 21 18 19 17 16 18 20 17 16 17 16 17 17 16 18 21 22 21 18 17 17 16 15 11 10 12 12 13 13 15 16 14 13 12 13 13
38 41 32 41 36 41 25 0 39 40 43 43 27 30 45 40 19 34 42 41 36 31 43 32 42 1 28 41 25 43 23 26 42 36 34 37 39 42 26 33 45 36 39 38 33 44 26 43 22 42 31 32 41 31 37 40 32 46 39 41 32 40 40 36 42 41 38 39 37 36 38 40 37 36 37 36 36 36 36 38 41 42 41 38 37 37 36 35 31 30 32 32 32 33 35 36 34 33 32 33 33
10 9 24 26 18 14 19 39 0 23 8 8 17 24 8 9 21 20 27 3 23 25 8 24 5 40 15 7 18 8 17 19 5 5 24 22 21 5 17 18 8 21 21 15 25 7 16 9 18 26 20 19 3 19 23 4 20 9 21 3 20 2 10 15 12 10 12 10 6 7 3 3 5 5 15 15 14 14 14 9 9 9 9 10 22 22 18 19 17 15 12 12 11 10 8 7 7 9 9 9 10
13 19 20 32 8 18 20 40 23 0 19 19 18 26 20 15 22 10 33 22 6 27 18 27 23 41 17 16 19 19 18 20 20 23 29 28 8 23 17 12 24 28 2 14 22 19 17 17 20 33 15 15 20 14 28 22 15 23 8 22 15 22 16 15 17 16 14 17 19 19 23 22 21 20 14 17 15 13 16 17 15 16 15 13 7 8 8 9 10 12 13 14 15 16 17 18 19 18 17 17 16
8 5 26 30 13 12 23 43 8 19 0 0 21 28 7 6 25 17 31 7 18 29 8 28 8 44 20 6 22 0 21 23 5 11 28 26 16 8 19 16 10 25 17 10 27 6 20 5 23 31 18 19 5 18 26 7 19 11 16 7 19 7 3 12 9 7 8 5 8 7 9 7 9 9 11 13 9 10 11 5 5 4 6 8 17 17 13 14 14 16 13 13 12 11 9 8 10 12 12 12 13
8 5 26 30 13 12 23 43 8 19 0 0 21 28 7 6 25 17 31 7 18 29 8 28 8 44 20 6 22 0 21 23 5 11 28 26 16 8 19 16 10 25 17 10 27 6 20 5 23 31 18 19 5 18 26 7 19 11 16 7 19 7 3 12 9 7 8 5 8 7 9 7 9 9 11 13 9 10 11 5 5 4 6 8 17 17 13 14 14 16 13 13 12 11 9 8 10 12 12 12 13
16 19 15 22 14 19 7 27 17 18 21 21 0 12 23 18 9 12 23 18 17 13 21 14 20 28 2 19 4 21 5 5 20 13 16 18 17 20 9 11 23 18 17 16 16 22 4 21 6 23 13 12 19 12 18 18 13 24 17 18 13 17 18 14 20 19 16 17 14 14 16 18 15 14 15 14 15 15 14 16 19 20 18 16 15 15 14 13 9 7 10 10 10 11 13 14 12 11 10 11 11
24 26 17 15 21 27 11 30 24 26 28 28 12 0 31 26 12 19 16 25 21 1 29 6 27 31 14 27 10 28 8 11 27 21 8 11 24 27 11 18 30 11 24 23 18 29 12 29 10 16 16 17 26 16 13 25 17 31 24 25 17 24 25 21 28 27 23 24 21 21 23 25 22 21 22 22 22 22 21 23 27 27 26 24 23 23 22 20 17 15 17 17 17 18 20 21 19 18 17 18 18
7 9 28 32 15 10 25 45 8 20 7 7 23 31 0 6 27 19 33 7 20 31 4 31 7 46 22 4 24 7 23 25 5 12 30 28 18 7 22 18 8 28 18 11 29 3 22 6 25 33 19 20 5 19 28 7 20 8 18 7 20 7 7 16 9 7 12 9 12 11 9 7 10 11 15 17 13 14 15 9 6 6 6 7 19 19 15 16 16 18 17 17 16 15 13 12 13 15 15 15 16
2 9 24 31 10 7 20 40 9 15 6 6 18 26 6 0 22 14 32 8 15 27 6 28 9 41 17 2 19 6 18 20 6 13 29 27 13 9 17 13 11 26 13 7 25 5 17 4 20 32 14 15 6 14 27 8 15 10 13 8 15 8 4 12 3 1 9 6 9 8 10 8 11 10 11 14 10 10 12 6 3 3 3 2 14 14 10 11 11 13 14 14 13 12 10 9 11 13 13 13 14
20 23 14 22 17 23 7 19 21 22 25 25 9 12 27 22 0 16 23 22 19 12 24 13 24 20 10 23 6 25 4 7 24 17 15 18 20 23 8 14 27 17 20 19 15 26 8 25 4 23 13 14 23 13 19 22 14 28 20 22 14 21 22 17 24 23 20 20 18 18 20 21 18 18 18 18 18 18 18 20 23 23 22 20 19 19 17 16 13 11 14 14 14 15 17 18 16 14 14 14 14
13 17 14 26 9 15 14 34 20 10 17 17 12 19 19 14 16 0 27 20 5 19 15 20 20 35 11 15 13 17 12 14 18 18 22 22 11 20 8 4 21 22 9 12 16 18 11 16 14 27 5 5 19 5 22 19 5 20 11 20 6 20 15 12 17 15 14 15 15 16 18 20 16 16 13 13 13 13 13 16 15 16 15 13 9 10 9 8 5 7 9 10 11 12 13 14 15 14 13 13 12
31 29 29 1 29 34 23 42 27 33 31 31 23 16 33 32 23 27 0 28 32 17 32 16 30 42 21 32 21 31 20 22 29 23 16 12 32 29 22 26 33 6 32 31 30 31 22 32 22 1 27 27 29 27 9 27 28 33 32 28 28 27 28 26 35 33 27 26 24 24 26 27 24 23 27 27 26 26 25 26 30 29 31 31 30 30 29 28 24 23 22 22 20 21 23 23 21 20 19 20 20
9 8 25 27 17 13 21 41 3 22 7 7 18 25 7 8 22 20 28 0 22 26 6 26 4 42 17 6 20 7 18 21 3 6 25 23 20 3 18 18 7 23 20 13 26 5 18 8 20 28 20 20 2 19 23 2 20 8 20 0 20 1 9 15 11 9 11 10 6 7 3 2 5 5 15 15 13 14 14 9 7 8 8 9 20 20 17 18 17 15 13 12 11 10 8 7 7 9 9 9 10
13 19 15 31 8 17 17 36 23 6 18 18 17 21 20 15 19 5 32 22 0 22 17 23 22 37 15 16 17 18 15 18 20 22 25 27 10 22 11 9 23 27 4 13 16 19 16 18 17 32 10 10 20 10 27 22 10 22 10 22 11 22 16 15 17 16 15 18 20 20 23 22 21 20 14 17 16 13 16 18 16 17 15 13 8 9 9 9 10 12 13 14 15 16 18 19 20 18 18 18 17
25 27 18 16 22 28 11 31 25 27 29 29 13 1 31 27 12 19 17 26 22 0 29 7 28 31 14 28 10 29 9 11 28 21 9 12 25 28 11 18 31 12 25 24 19 30 13 29 11 17 16 17 27 16 12 26 17 32 25 26 17 25 26 22 29 28 24 24 22 22 24 25 22 22 23 22 22 22 22 24 27 28 27 25 24 24 22 21 18 16 18 18 18 19 21 22 20 18 18 19 18
5 10 25 31 12 8 23 43 8 18 8 8 21 29 4 6 24 15 32 6 17 29 0 30 5 44 19 4 22 8 21 23 6 12 29 27 15 5 20 16 6 27 16 9 26 6 20 6 22 32 17 17 5 17 27 7 18 6 15 6 18 7 6 13 8 6 11 8 11 10 9 7 10 11 12 16 12 11 14 8 5 5 5 5 16 15 12 13 13 15 16 16 15 14 12 11 13 15 15 15 16
26 26 18 15 23 29 12 32 24 27 28 28 14 6 31 28 13 20 16 26 23 7 30 0 27 32 16 28 11 28 10 12 27 21 8 11 26 27 12 19 30 11 26 25 20 29 14 29 12 16 17 18 27 17 11 25 18 31 26 26 18 25 25 23 30 29 25 24 22 22 23 25 22 21 24 23 23 23 22 23 28 27 28 26 25 25 23 22 19 17 19 19 18 19 20 21 19 18 17 18 18
10 10 27 29 17 11 22 42 5 23 8 8 20 27 7 9 24 20 30 4 22 28 5 27 0 43 19 7 21 8 20 22 4 9 26 24 20 1 20 21 4 24 21 13 28 6 19 9 22 29 22 22 3 22 25 5 23 4 20 4 23 3 10 17 12 10 12 11 9 9 6 4 7 8 16 17 14 15 15 11 8 9 8 10 20 20 17 18 17 18 15 15 14 13 11 10 10 11 12 12 12
39 42 33 41 37 42 26 1 40 41 44 44 28 31 46 41 20 35 42 42 37 31 44 32 43 0 29 42 26 44 24 27 43 37 35 37 40 43 27 34 46 37 40 39 34 45 27 44 23 42 32 33 42 32 38 41 33 47 40 42 33 41 41 37 43 42 39 40 38 37 39 41 38 37 38 37 37 37 37 39 42 43 42 39 38 38 37 36 32 31 33 33 33 34 36 37 35 34 33 34 34
15 18 16 20 12 18 8 28 15 17 20 20 2 14 22 17 10 11 21 17 15 14 19 16 19 29 0 18 6 20 6 7 18 12 17 16 15 18 9 9 22 16 15 14 17 20 5 19 8 21 11 11 17 10 16 16 11 23 15 17 11 16 17 12 19 18 15 15 13 13 15 16 13 12 13 13 13 13 12 15 17 18 17 15 14 14 12 11 8 6 9 9 9 10 12 12 11 9 9 9 9
3 8 24 31 11 7 21 41 7 16 6 6 19 27 4 2 23 15 32 6 16 28 4 28 7 42 18 0 20 6 19 21 4 11 29 27 14 7 18 14 9 26 14 8 26 4 18 2 21 32 15 16 4 15 27 6 16 8 14 6 16 6 4 13 5 3 8 6 9 8 8 6 9 10 12 14 10 11 11 6 2 3 2 3 15 15 11 12 12 14 15 14 13 12 10 9 11 12 13 13 13
17 20 13 20 15 20 4 25 18 19 22 22 4 10 24 19 6 13 21 20 17 10 22 11 21 26 6 20 0 22 3 1 21 15 14 16 18 21 7 12 24 16 18 17 14 23 5 22 4 21 12 13 20 12 18 19 13 25 18 20 13 19 19 15 21 20 17 18 15 15 17 19 16 15 16 15 16 16 15 17 20 21 19 17 16 16 15 14 10 9 11 11 12 12 14 15 13 12 11 12 12
8 5 26 30 13 12 23 43 8 19 0 0 21 28 7 6 25 17 31 7 18 29 8 28 8 44 20 6 22 0 21 23 5 11 28 26 16 8 19 16 10 25 17 10 27 6 20 5 23 31 18 19 5 18 26 7 19 11 16 7 19 7 3 12 9 7 8 5 8 7 9 7 9 9 11 13 9 10 11 5 5 4 6 8 17 17 13 14 14 16 13 13 12 11 9 8 10 12 12 12 13
16 19 11 19 14 19 3 23 17 18 21 21 5 8 23 18 4 12 20 18 15 9 21 10 20 24 6 19 3 21 0 4 20 14 11 15 16 20 4 10 23 15 17 15 12 22 4 21 2 20 9 10 19 9 15 18 10 24 16 18 10 17 18 14 20 19 16 17 14 14 16 17 15 14 14 14 15 15 14 16 19 20 18 16 15 15 14 12 9 7 10 10 10 11 13 14 12 10 10 11 10
18 21 14 21 16 21 5 26 19 20 23 23 5 11 25 20 7 14 22 21 18 11 23 12 22 27 7 21 1 23 4 0 22 16 15 17 19 22 8 13 25 17 19 18 15 24 6 23 5 22 13 14 21 13 19 20 14 26 19 21 14 20 20 16 22 21 18 19 16 16 18 20 17 16 17 16 17 17 16 18 21 22 20 18 17 17 16 15 11 10 12 12 13 13 15 16 14 13 12 13 13
7 6 26 28 15 11 22 42 5 20 5 5 20 27 5 6 24 18 29 3 20 28 6 27 4 43 18 4 21 5 20 22 0 9 26 24 18 4 19 18 7 24 18 11 27 3 19 6 22 29 19 20 2 19 24 4 20 8 18 3 20 4 7 13 9 7 8 7 9 9 6 4 7 8 12 13 10 11 11 7 5 6 5 7 18 18 15 15 15 16 13 13 12 11 11 10 10 12 12 12 13
14 10 23 22 19 18 16 36 5 23 11 11 13 21 12 13 17 18 23 6 22 21 12 21 9 37 12 11 15 11 14 16 9 0 21 18 22 9 16 16 12 18 21 17 24 11 13 13 15 23 18 18 7 17 20 7 18 13 22 6 18 6 10 14 16 14 11 9 5 6 5 6 4 4 14 14 13 13 13 8 13 12 13 14 21 21 19 16 15 13 11 11 10 9 7 6 5 5 6 7 8
27 26 21 15 25 30 14 34 24 29 28 28 16 8 30 29 15 22 16 25 25 9 29 8 26 35 17 29 14 28 11 15 26 21 0 11 27 26 14 21 29 11 28 26 22 28 15 29 13 16 19 20 26 19 11 24 20 30 27 25 20 24 25 23 31 30 24 23 21 21 23 24 21 20 24 23 23 23 22 23 27 26 28 27 26 26 25 23 20 18 19 19 17 18 20 20 18 17 16 17 17
26 24 24 11 24 29 17 37 22 28 26 26 18 11 28 27 18 22 12 23 27 12 27 11 24 37 16 27 16 26 15 17 24 18 11 0 27 24 18 21 27 6 27 26 25 26 17 27 17 12 23 22 24 22 9 22 23 28 27 23 23 22 23 21 30 28 22 21 19 19 21 22 19 18 22 21 21 21 20 21 25 24 26 26 25 25 24 23 19 18 17 17 15 16 18 18 16 15 14 15 15
11 17 22 31 5 14 19 39 21 8 16 16 17 24 18 13 20 11 32 20 10 25 15 26 20 40 15 14 18 16 16 19 18 22 27 27 0 20 15 11 21 26 9 11 23 17 16 15 18 31 13 13 18 12 27 20 13 20 0 20 13 20 14 13 15 14 12 15 18 17 21 20 20 19 12 16 13 11 14 15 13 14 13 11 4 2 5 7 9 11 12 13 14 15 17 18 18 17 16 17 16
10 10 27 28 17 11 22 42 5 23 8 8 20 27 7 9 23 20 29 3 22 28 5 27 1 43 18 7 21 8 20 22 4 9 26 24 20 0 20 21 5 24 21 12 28 6 19 9 21 29 22 22 3 22 24 5 23 5 20 3 23 3 10 17 12 10 12 11 9 9 6 4 7 8 16 17 14 15 15 11 8 9 8 10 20 20 17 18 17 18 15 15 13 12 11 10 10 11 12 11 12
15 16 7 21 13 18 6 26 17 17 19 19 9 11 22 17 8 8 22 18 11 11 20 12 20 27 9 18 7 19 4 8 19 16 14 18 15 20 0 7 23 18 15 14 8 21 8 20 6 22 5 6 18 5 18 17 6 23 15 18 6 17 16 12 19 18 14 15 12 13 15 17 13 13 13 12 12 12 11 15 18 17 17 15 14 14 13 11 8 6 7 7 8 9 10 11 12 12 11 10 9
11 17 14 25 8 15 13 33 18 12 16 16 11 18 18 13 14 4 26 18 9 18 16 19 21 34 9 14 12 16 10 13 18 16 21 21 11 21 7 0 22 20 12 12 15 17 10 15 12 25 3 4 18 2 21 17 5 21 11 18 3 18 13 11 15 14 12 15 13 14 16 18 14 14 11 11 12 11 11 15 13 14 13 11 10 10 8 7 5 6 7 8 9 10 11 12 13 12 11 11 10
11 12 30 32 18 12 25 45 8 24 10 10 23 30 8 11 27 21 33 7 23 31 6 30 4 46 22 9 24 10 23 25 7 12 29 27 21 5 23 22 0 27 22 13 31 8 22 11 25 32 23 23 5 23 28 8 24 4 21 7 24 7 12 19 14 12 15 14 12 13 9 7 10 11 18 19 17 17 18 13 11 11 11 11 22 21 18 19 19 21 18 18 17 16 14 13 13 15 15 15 16
26 23 23 5 24 29 17 36 21 28 25 25 18 11 28 26 17 22 6 23 27 12 27 11 24 37 16 26 16 25 15 17 24 18 11 6 26 24 18 20 27 0 27 25 24 26 17 26 17 6 22 22 23 22 3 22 23 28 26 23 23 22 22 21 29 27 22 21 19 19 20 22 19 18 22 21 21 21 20 20 25 24 26 26 25 25 24 22 19 17 17 16 15 16 17 18 16 15 14 15 15
11 18 19 31 7 16 19 39 21 2 17 17 17 24 18 13 20 9 32 20 4 25 16 26 21 40 15 14 18 17 17 19 18 21 28 27 9 21 15 12 22 27 0 13 20 17 16 16 18 32 14 13 18 13 27 20 14 21 9 20 14 20 14 14 15 14 13 16 18 18 21 20 19 18 13 15 14 12 15 16 14 15 14 11 6 8 7 7 8 11 12 13 13 14 16 17 18 16 16 16 15
5 11 21 30 8 9 18 38 15 14 10 10 16 23 11 7 19 12 31 13 13 24 9 25 13 39 14 8 17 10 15 18 11 17 26 26 11 12 14 12 13 25 13 0 22 11 15 9 17 30 14 13 12 13 26 14 14 13 11 13 14 13 7 9 8 8 9 9 12 11 15 13 14 13 8 12 10 7 10 9 7 8 6 5 12 11 8 9 9 11 12 13 14 15 13 12 14 15 16 16 15
23 24 2 29 21 26 14 33 25 22 27 27 16 18 29 25 15 16 30 26 16 19 26 20 28 34 17 26 14 27 12 15 27 24 22 25 23 28 8 15 31 24 20 22 0 29 16 27 13 30 13 14 26 13 25 25 14 31 23 26 14 25 24 20 27 26 22 23 20 21 23 25 21 21 21 20 20 20 19 23 26 25 25 23 21 22 21 19 16 14 15 15 16 17 18 19 20 20 19 18 17
6 9 28 30 14 10 24 44 7 19 6 6 22 29 3 5 26 18 31 5 19 30 6 29 6 45 20 4 23 6 22 24 3 11 28 26 17 6 21 17 8 26 17 11 29 0 21 5 24 31 18 19 4 18 26 6 19 9 17 5 19 6 7 15 8 6 11 9 11 11 8 6 9 10 15 16 13 14 14 9 5 6 5 6 18 18 15 15 15 17 16 16 15 14 13 12 12 13 14 14 15
15 18 15 21 13 18 7 26 16 17 20 20 4 12 22 17 8 11 22 18 16 13 20 14 19 27 5 18 5 20 4 6 19 13 15 17 16 19 8 10 22 17 16 15 16 21 0 20 6 22 12 11 18 11 17 17 12 23 16 18 12 17 17 13 19 18 15 16 14 14 15 17 14 13 14 13 14 14 13 15 18 19 18 15 14 14 13 12 8 7 9 9 10 11 12 13 11 10 9 10 10
5 9 26 31 12 9 23 43 9 17 5 5 21 29 6 4 25 16 32 8 18 29 6 29 9 44 19 2 22 5 21 23 6 13 29 27 15 9 20 15 11 26 16 9 27 5 20 0 22 32 17 18 6 16 27 8 18 10 15 8 18 8 4 13 7 5 9 6 9 8 10 8 11 10 12 15 10 11 12 6 2 3 3 5 16 16 13 13 13 16 15 14 13 12 10 9 11 12 13 13 13
18 21 12 21 15 21 4 22 18 20 23 23 6 10 25 20 4 14 22 20 17 11 22 12 22 23 8 21 4 23 2 5 22 15 13 17 18 21 6 12 25 17 18 17 13 24 6 22 0 22 11 12 21 11 17 20 12 26 18 20 12 19 20 15 22 21 18 18 16 16 18 19 16 16 16 16 16 16 16 18 20 21 20 18 17 17 15 14 11 9 12 12 12 13 15 16 14 12 12 12 12
31 29 28 1 29 34 22 42 26 33 31 31 23 16 33 32 23 27 1 28 32 17 32 16 29 42 21 32 21 31 20 22 29 23 16 12 31 29 22 25 32 6 32 30 30 31 22 32 22 0 27 27 29 27 8 27 28 33 31 28 28 27 28 26 35 33 27 26 24 24 26 27 24 23 27 26 26 26 25 26 30 29 31 31 30 30 29 27 24 22 22 21 20 21 22 23 21 20 19 20 20
12 19 12 26 10 17 11 31 20 15 18 18 13 16 19 14 13 5 27 20 10 16 17 17 22 32 11 15 12 18 9 13 19 18 19 23 13 22 5 3 23 22 14 14 13 18 12 17 11 27 0 2 19 1 23 19 4 22 13 20 3 20 15 12 16 15 14 17 15 15 18 19 16 15 13 13 13 13 13 17 15 16 15 12 11 11 10 9 7 8 9 10 10 11 13 14 15 13 13 13 12
13 18 13 26 11 17 12 32 19 15 19 19 12 17 20 15 14 5 27 20 10 17 17 18 22 33 11 16 13 19 10 14 20 18 20 22 13 22 6 4 23 22 13 13 14 19 11 18 12 27 2 0 20 3 22 19 4 22 13 20 4 21 16 13 17 16 15 18 16 16 19 20 17 16 14 13 14 13 13 17 16 16 15 13 12 12 11 9 8 9 10 11 11 12 14 15 15 14 13 14 13
7 7 25 28 15 11 21 41 3 20 5 5 19 26 5 6 23 19 29 2 20 27 5 27 3 42 17 4 20 5 19 21 2 7 26 24 18 3 18 18 5 23 18 12 26 4 18 6 21 29 19 20 0 19 24 3 20 6 18 2 20 2 7 14 9 7 10 9 7 8 4 2 5 6 14 14 12 13 13 8 6 6 6 7 19 19 15 16 16 16 13 13 12 11 9 8 8 10 10 10 11
12 18 12 26 9 17 11 31 19 14 18 18 12 16 19 14 13 5 27 19 10 16 17 17 22 32 10 15 12 18 9 13 19 17 19 22 12 22 5 2 23 22 13 13 13 18 11 16 11 27 1 3 19 0 22 18 5 22 12 19 3 19 15 12 16 15 14 16 14 15 17 18 15 14 13 12 13 12 12 16 14 15 14 12 11 11 9 8 6 7 8 9 10 10 12 13 14 13 12 12 11
26 24 24 8 24 29 18 37 23 28 26 26 18 13 28 27 19 22 9 23 27 12 27 11 25 38 16 27 18 26 15 19 24 20 11 9 27 24 18 21 28 3 27 26 25 26 17 27 17 8 23 22 24 22 0 22 23 28 27 23 23 22 23 21 30 28 22 21 19 19 21 22 19 18 22 22 21 21 20 21 25 24 26 26 25 25 24 23 19 18 17 17 15 16 18 18 16 15 14 15 15
9 6 24 26 17 13 20 40 4 22 7 7 18 25 7 8 22 19 27 2 22 26 7 25 5 41 16 6 19 7 18 20 4 7 24 22 20 5 17 17 8 22 20 14 25 6 17 8 20 27 19 19 3 18 22 0 19 8 20 2 19 3 9 13 11 9 9 8 5 6 3 2 4 4 13 14 11 12 12 7 8 8 8 9 21 21 17 18 16 14 12 11 10 9 7 6 6 8 8 8 9
13 19 13 27 10 18 12 32 20 15 19 19 13 17 20 15 14 5 28 20 10 17 18 18 23 33 11 16 13 19 10 14 20 18 20 23 13 23 6 5 24 23 14 14 14 19 12 18 12 28 4 4 20 5 23 19 0 23 13 20 6 20 16 13 17 16 15 17 15 16 18 19 16 15 14 13 14 13 13 17 16 16 15 13 12 12 11 9 7 8 10 10 11 11 13 14 15 14 13 13 12
10 13 30 32 17 11 26 46 9 23 11 11 24 31 8 10 28 20 33 8 22 32 6 31 4 47 23 8 25 11 24 26 8 13 30 28 20 5 23 21 4 28 21 13 31 9 23 10 26 33 22 22 6 22 28 8 23 0 20 8 23 7 11 18 13 11 16 13 13 13 10 8 11 12 17 20 17 16 19 13 9 10 9 10 20 20 17 17 17 19 19 19 18 17 15 14 14 15 16 16 16
11 17 22 31 5 14 19 39 21 8 16 16 17 24 18 13 20 11 32 20 10 25 15 26 20 40 15 14 18 16 16 19 18 22 27 27 0 20 15 11 21 26 9 11 23 17 16 15 18 31 13 13 18 12 27 20 13 20 0 20 13 20 14 13 15 14 12 15 18 17 21 20 20 19 12 16 13 11 14 15 13 14 13 11 4 2 5 7 9 11 12 13 14 15 17 18 18 17 16 17 16
9 8 25 27 17 13 21 41 3 22 7 7 18 25 7 8 22 20 28 0 22 26 6 26 4 42 17 6 20 7 18 21 3 6 25 23 20 3 18 18 7 23 20 13 26 5 18 8 20 28 20 20 2 19 23 2 20 8 20 0 20 1 9 15 11 9 11 10 6 7 3 2 5 5 15 15 13 14 14 9 7 8 8 9 20 20 17 18 17 15 13 12 11 10 8 7 7 9 9 9 10
13 19 13 27 11 18 12 32 20 15 19 19 13 17 20 15 14 6 28 20 11 17 18 18 23 33 11 16 13 19 10 14 20 18 20 23 13 23 6 3 24 23 14 14 14 19 12 18 12 28 3 4 20 3 23 19 6 23 13 20 0 20 16 13 17 16 15 18 15 16 18 20 16 16 14 13 14 13 13 18 16 17 15 13 12 12 11 9 8 8 10 10 11 12 13 14 15 14 13 13 12
9 8 24 26 17 13 20 40 2 22 7 7 17 24 7 8 21 20 27 1 22 25 7 25 3 41 16 6 19 7 17 20 4 6 24 22 20 3 17 18 7 22 20 13 25 6 17 8 19 27 20 21 2 19 22 3 20 7 20 1 20 0 9 15 11 9 11 9 6 7 3 2 5 5 15 15 13 14 14 9 7 8 8 9 20 20 17 18 17 15 13 12 11 10 8 7 7 9 9 9 10
6 6 23 27 10 10 20 40 10 16 3 3 18 25 7 4 22 15 28 9 16 26 6 25 10 41 17 4 19 3 18 20 7 10 25 23 14 10 16 13 12 22 14 7 24 7 17 4 20 28 15 16 7 15 23 9 16 11 14 9 16 9 0 9 7 5 5 2 5 4 9 9 7 6 8 11 6 7 8 2 3 2 4 6 14 14 11 11 11 13 11 10 9 8 6 5 7 9 9 9 10
10 9 19 25 10 13 16 36 15 15 12 12 14 21 16 12 17 12 26 15 15 22 13 23 17 37 12 13 15 12 14 16 13 14 23 21 13 17 12 11 19 21 14 9 20 15 13 13 15 26 12 13 14 12 21 13 13 18 13 15 13 15 9 0 13 13 5 7 9 9 13 14 11 10 1 3 3 2 2 8 12 11 12 10 14 14 10 11 10 8 6 6 7 7 8 8 11 11 10 10 9
4 12 26 34 12 8 22 42 12 17 9 9 20 28 9 3 24 17 35 11 17 29 8 30 12 43 19 5 21 9 20 22 9 16 31 30 15 12 19 15 14 29 15 8 27 8 19 7 22 35 16 17 9 16 30 11 17 13 15 11 17 11 7 13 0 2 12 9 12 11 13 11 14 13 12 16 13 11 14 9 6 6 6 4 15 15 12 13 12 15 16 17 16 15 13 12 14 16 16 16 17
3 10 25 32 11 8 21 41 10 16 7 7 19 27 7 1 23 15 33 9 16 28 6 29 10 42 18 3 20 7 19 21 7 14 30 28 14 10 18 14 12 27 14 8 26 6 18 5 21 33 15 16 7 15 28 9 16 11 14 9 16 9 5 13 2 0 10 7 10 9 11 9 12 11 12 15 11 11 13 7 4 4 4 3 15 15 11 12 12 14 15 15 14 13 11 10 12 14 14 14 15
9 5 20 26 9 12 18 38 12 14 8 8 16 23 12 9 20 14 27 11 15 24 11 25 12 39 15 8 17 8 16 18 8 11 24 22 12 12 14 12 15 22 13 9 22 11 15 9 18 27 14 15 10 14 22 9 15 16 12 11 15 11 5 5 12 10 0 4 7 6 10 9 9 8 5 6 2 4 3 4 8 7 9 9 13 13 10 10 9 10 7 7 7 6 7 7 9 11 10 9 9
8 5 22 25 12 12 19 39 10 17 5 5 17 24 9 6 20 15 26 10 18 24 8 24 11 40 15 6 18 5 17 19 7 9 23 21 15 11 15 15 14 21 16 9 23 9 16 6 18 26 17 18 9 16 21 8 17 13 15 10 18 9 2 7 9 7 4 0 6 5 9 10 7 7 6 9 4 5 6 3 5 4 6 8 14 14 11 11 10 12 9 9 8 7 7 6 8 9 10 9 10
11 8 19 23 15 15 17 37 6 19 8 8 14 21 12 9 18 15 24 6 20 22 11 22 9 38 13 9 15 8 14 16 9 5 21 19 18 9 12 13 12 19 18 12 20 11 14 9 16 24 15 16 7 14 19 5 15 13 18 6 15 6 5 9 12 10 7 6 0 1 5 6 3 2 9 9 8 8 8 3 8 7 9 11 17 17 14 13 12 10 7 6 5 4 2 1 3 4 5 4 5
10 7 20 23 14 14 16 36 7 19 7 7 14 21 11 8 18 16 24 7 20 22 10 22 9 37 13 8 15 7 14 16 9 6 21 19 17 9 13 14 13 19 18 11 21 11 14 8 16 24 15 16 8 15 19 6 16 13 17 7 16 7 4 9 11 9 6 5 1 0 6 6 4 3 8 9 7 7 8 2 7 6 8 10 16 16 13 13 12 10 7 7 5 5 3 2 4 5 6 5 6
10 7 22 25 18 15 18 38 3 23 9 9 16 23 9 10 20 18 26 3 23 24 9 23 6 39 15 8 17 9 16 18 6 5 23 21 21 6 15 16 9 20 21 15 23 8 15 10 18 26 18 19 4 17 21 3 18 10 21 3 18 3 9 13 13 11 10 9 5 6 0 2 2 3 12 13 11 11 11 7 9 9 9 10 21 21 17 17 15 13 10 10 9 8 6 5 5 7 7 7 8
9 7 24 26 17 13 20 40 3 22 7 7 18 25 7 8 21 20 27 2 22 25 7 25 4 41 16 6 19 7 17 20 4 6 24 22 20 4 17 18 7 22 20 13 25 6 17 8 19 27 19 20 2 18 22 2 19 8 20 2 20 2 9 14 11 9 9 10 6 6 2 0 4 4 14 14 11 13 12 8 7 8 7 9 20 20 17 18 16 14 12 11 10 9 7 6 7 8 8 8 9
11 7 20 23 16 16 17 37 5 21 9 9 15 22 10 11 18 16 24 5 21 22 10 22 7 38 13 9 16 9 15 17 7 4 21 19 20 7 13 14 10 19 19 14 21 9 14 11 16 24 16 17 5 15 19 4 16 11 20 5 16 5 7 11 14 12 9 7 3 4 2 4 0 1 11 11 10 10 10 5 10 9 10 11 19 19 16 15 13 11 9 8 7 6 4 3 4 5 6 5 6
12 8 20 22 16 16 16 36 5 20 9 9 14 21 11 10 18 16 23 5 20 22 11 21 8 37 12 10 15 9 14 16 8 4 20 18 19 8 13 14 11 18 18 13 21 10 13 10 16 23 15 16 6 14 18 4 15 12 19 5 16 5 6 10 13 11 8 7 2 3 3 4 1 0 10 10 9 9 9 4 9 8 10 12 18 18 15 14 13 11 8 7 6 5 3 2 3 5 5 5 6
9 9 20 26 9 12 17 37 15 14 11 11 15 22 15 11 18 13 27 15 14 23 12 24 16 38 13 12 16 11 14 17 12 14 24 22 12 16 13 11 18 22 13 8 21 15 14 12 16 27 13 14 14 13 22 13 14 17 12 15 14 15 8 1 12 12 5 6 9 8 12 14 11 10 0 4 4 1 3 7 11 10 11 9 13 13 9 10 9 9 7 6 8 7 9 9 11 12 11 10 9
12 10 19 26 13 16 16 36 15 17 13 13 14 22 17 14 18 13 27 15 17 22 16 23 17 37 13 14 15 13 14 16 13 14 23 21 16 17 12 11 19 21 15 12 20 16 13 15 16 26 13 13 14 12 22 14 13 20 16 15 13 15 11 3 16 15 6 9 9 9 13 14 11 10 4 0 5 5 4 10 14 13 14 12 16 16 12 13 10 8 6 6 7 7 8 8 11 11 11 10 9
10 7 19 25 10 13 17 36 14 15 9 9 15 22 13 10 18 13 26 13 16 22 12 23 14 37 13 10 16 9 15 17 10 13 23 21 13 14 12 12 17 21 14 10 20 13 14 10 16 26 13 14 12 13 21 11 14 17 13 13 14 13 6 3 13 11 2 4 8 7 11 11 10 9 4 5 0 3 2 6 9 8 10 10 14 14 11 11 10 9 6 6 7 6 8 8 10 11 10 9 9
8 8 19 25 8 11 17 36 14 13 10 10 15 22 14 10 18 13 26 14 13 22 11 23 15 37 13 11 16 10 15 17 11 13 23 21 11 15 12 11 17 21 12 7 20 14 14 11 16 26 13 13 13 12 21 12 13 16 11 14 13 14 7 2 11 11 4 5 8 7 11 13 10 9 1 5 3 0 4 6 10 9 10 8 12 12 8 9 8 10 8 7 8 8 9 9 11 12 12 11 10
10 8 18 24 11 14 16 36 14 16 11 11 14 21 15 12 18 13 25 14 16 22 14 22 15 37 12 11 15 11 14 16 11 13 22 20 14 15 11 11 18 20 15 10 19 14 13 12 16 25 13 13 13 12 20 12 13 19 14 14 13 14 8 2 14 13 3 6 8 8 11 12 10 9 3 4 2 4 0 6 10 9 11 10 13 13 10 10 10 8 5 5 6 6 7 7 9 10 9 9 8
8 5 22 25 12 12 18 38 9 17 5 5 16 23 9 6 20 16 26 9 18 24 8 23 11 39 15 6 17 5 16 18 7 8 23 21 15 11 15 15 13 20 16 9 23 9 15 6 18 26 17 17 8 16 21 7 17 13 15 9 18 9 2 8 9 7 4 3 3 2 7 8 5 4 7 10 6 6 6 0 5 4 6 8 14 14 11 11 11 12 9 9 7 7 5 4 6 7 8 7 8
4 8 25 29 10 8 21 41 9 15 5 5 19 27 6 3 23 15 30 7 16 27 5 28 8 42 17 2 20 5 19 21 5 13 27 25 13 8 18 13 11 25 14 7 26 5 18 2 20 30 15 16 6 14 25 8 16 9 13 7 16 7 3 12 6 4 8 5 8 7 9 7 10 9 11 14 9 10 10 5 0 1 1 4 14 14 11 11 11 14 13 12 11 10 8 7 9 10 11 11 11
5 7 24 28 11 9 22 42 9 16 4 4 20 27 6 3 23 16 29 8 17 28 5 27 9 43 18 3 21 4 20 22 6 12 26 24 14 9 17 14 11 24 15 8 25 6 19 3 21 29 16 16 6 15 24 8 16 10 14 8 17 8 2 11 6 4 7 4 7 6 9 8 9 8 10 13 8 9 9 4 1 0 2 5 15 15 11 12 12 14 12 11 10 9 7 6 8 10 10 10 11
3 9 24 30 10 8 21 41 9 15 6 6 18 26 6 3 22 15 31 8 15 27 5 28 8 42 17 2 19 6 18 20 5 13 28 26 13 8 17 13 11 26 14 6 25 5 18 3 20 31 15 15 6 14 26 8 15 9 13 8 15 8 4 12 6 4 9 6 9 8 9 7 10 10 11 14 10 10 11 6 1 2 0 3 14 14 11 11 11 13 14 13 12 11 9 8 10 11 12 12 12
0 10 22 30 8 5 18 38 10 13 8 8 16 24 7 2 20 13 31 9 13 25 5 26 10 39 15 3 17 8 16 18 7 14 27 26 11 10 15 11 11 26 11 5 23 6 15 5 18 31 12 13 7 12 26 9 13 10 11 9 13 9 6 10 4 3 9 8 11 10 10 9 11 12 9 12 10 8 10 8 4 5 3 0 12 12 9 9 9 11 12 13 14 13 12 11 12 14 14 14 15
12 17 20 29 6 15 17 37 22 7 17 17 15 23 19 14 19 9 30 20 8 24 16 25 20 38 14 15 16 17 15 17 18 21 26 25 4 20 14 10 22 25 6 12 21 18 14 16 17 30 11 12 19 11 25 21 12 20 4 20 12 20 14 14 15 15 13 14 17 16 21 20 19 18 13 16 14 12 13 14 14 15 14 12 0 4 8 9 11 13 14 15 16 17 19 18 20 19 18 19 18
12 17 21 29 6 14 17 37 22 8 17 17 15 23 19 14 19 10 30 20 9 24 15 25 20 38 14 15 16 17 15 17 18 21 26 25 2 20 14 10 21 25 8 11 22 18 14 16 17 30 11 12 19 11 25 21 12 20 2 20 12 20 14 14 15 15 13 14 17 16 21 20 19 18 13 16 14 12 13 14 14 15 14 12 4 0 5 5 8 10 11 12 13 14 15 16 17 16 15 15 14
9 14 20 28 2 12 16 36 18 8 13 13 14 22 15 10 17 9 29 17 9 22 12 23 17 37 12 11 15 13 14 16 15 19 25 24 5 17 13 8 18 24 7 8 21 15 13 13 15 29 10 11 15 9 24 17 11 17 5 17 11 17 11 10 12 11 10 11 14 13 17 17 16 15 9 12 11 8 10 11 11 11 11 9 8 5 0 5 6 9 10 11 11 12 14 15 16 14 14 14 13
9 15 18 27 4 12 15 35 19 9 14 14 13 20 16 11 16 8 28 18 9 21 13 22 18 36 11 12 14 14 12 15 15 16 23 23 7 18 11 7 19 22 7 9 19 15 12 13 14 27 9 9 16 8 23 18 9 17 7 18 9 18 11 11 13 12 10 11 13 13 17 18 15 14 10 13 11 9 10 11 11 12 11 9 9 5 5 0 4 6 7 8 9 10 11 12 13 11 11 11 10
9 14 15 23 6 12 11 31 17 10 14 14 9 17 16 11 13 5 24 17 10 18 13 19 17 32 8 12 10 14 9 11 15 15 20 19 9 17 8 5 19 19 8 9 16 15 8 13 11 24 7 8 16 6 19 16 7 17 9 17 8 17 11 10 12 12 9 10 12 12 15 16 13 13 9 10 10 8 10 11 11 12 11 9 11 8 6 4 0 3 6 7 8 9 10 11 12 10 10 10 9
11 13 13 22 8 14 10 30 15 12 16 16 7 15 18 13 11 7 23 15 12 16 15 17 18 31 6 14 9 16 7 10 16 13 18 18 11 18 6 6 21 17 11 11 14 17 7 16 9 22 8 9 16 7 18 14 8 19 11 15 8 15 13 8 15 14 10 12 10 10 13 14 11 11 9 8 9 10 8 12 14 14 13 11 13 10 9 6 3 0 3 4 5 6 8 9 9 8 7 8 7
12 10 14 21 9 15 12 32 12 13 13 13 10 17 17 14 14 9 22 13 13 18 16 19 15 33 9 15 11 13 10 12 13 11 19 17 12 15 7 7 18 17 12 12 15 16 9 15 12 22 9 10 13 8 17 12 10 19 12 13 10 13 11 6 16 15 7 9 7 7 10 12 9 8 7 6 6 8 5 9 13 12 14 12 14 11 10 7 6 3 0 1 2 3 5 6 7 7 6 5 4
13 10 14 21 10 16 12 32 12 14 13 13 10 17 17 14 14 10 22 12 14 18 16 19 15 33 9 14 11 13 10 12 13 11 19 17 13 15 7 8 18 16 13 13 15 16 9 14 12 21 10 11 13 9 17 11 10 19 13 12 10 12 10 6 17 15 7 9 6 7 10 11 8 7 6 6 6 7 5 9 12 11 13 13 15 12 11 8 7 4 1 0 2 3 4 5 7 7 6 5 4
14 9 15 19 11 17 13 32 11 15 12 12 10 17 16 13 14 11 20 11 15 18 15 18 14 33 9 13 12 12 10 13 12 10 17 15 14 13 8 9 17 15 13 14 16 15 10 13 12 20 10 11 12 10 15 10 11 18 14 11 11 11 9 7 16 14 7 8 5 5 9 10 7 6 8 7 7 8 6 7 11 10 12 14 16 13 11 9 8 5 2 2 0 1 3 4 5 5 4 3 2
13 8 16 20 12 18 13 33 10 16 11 11 11 18 15 12 15 12 21 10 16 19 14 19 13 34 10 12 12 11 11 13 11 9 18 16 15 12 9 10 16 16 14 15 17 14 11 12 13 21 11 12 11 10 16 9 11 17 15 10 12 10 8 7 15 13 6 7 4 5 8 9 6 5 7 7 6 8 6 7 10 9 11 13 17 14 12 10 9 6 3 3 1 0 2 3 4 5 4 3 3
12 8 17 22 13 16 15 35 8 17 9 9 13 20 13 10 17 13 23 8 18 21 12 20 11 36 12 10 14 9 13 15 11 7 20 18 17 11 10 11 14 17 16 13 18 13 12 10 15 22 13 14 9 12 18 7 13 15 17 8 13 8 6 8 13 11 7 7 2 3 6 7 4 3 9 8 8 9 7 5 8 7 9 12 19 15 14 11 10 8 5 4 3 2 0 1 4 5 4 4 4
11 8 18 22 14 15 16 36 7 18 8 8 14 21 12 9 18 14 23 7 19 22 11 21 10 37 12 9 15 8 14 16 10 6 20 18 18 10 11 12 13 18 17 12 19 12 13 9 16 23 14 15 8 13 18 6 14 14 18 7 14 7 5 8 12 10 7 6 1 2 5 6 3 2 9 8 8 9 7 4 7 6 8 11 18 16 15 12 11 9 6 5 4 3 1 0 3 4 4 4 5
12 10 19 20 15 17 14 34 7 19 10 10 12 19 13 11 16 15 21 7 20 20 13 19 10 35 11 11 13 10 12 14 10 5 18 16 18 10 12 13 13 16 18 14 20 12 11 11 14 21 15 15 8 14 16 6 15 14 18 7 15 7 7 11 14 12 9 8 3 4 5 7 4 3 11 11 10 11 9 6 9 8 10 12 20 17 16 13 12 9 7 7 5 4 4 3 0 2 2 3 4
14 11 19 19 14 18 13 33 9 18 12 12 11 18 15 13 14 14 20 9 18 18 15 18 11 34 9 12 12 12 10 13 12 5 17 15 17 11 12 12 15 15 16 15 20 13 10 12 12 20 13 14 10 13 15 8 14 15 17 9 14 9 9 11 16 14 11 9 4 5 7 8 5 5 12 11 11 12 10 7 10 10 11 14 19 16 14 11 10 8 7 7 5 5 5 4 2 0 1 2 3
14 11 18 18 13 19 12 32 9 17 12 12 10 17 15 13 14 13 19 9 18 18 15 17 12 33 9 13 11 12 10 12 12 6 16 14 16 12 11 11 15 14 16 16 19 14 9 13 12 19 13 13 10 12 14 8 13 16 16 9 13 9 9 10 16 14 10 10 5 6 7 8 6 5 11 11 10 12 9 8 11 10 12 14 18 15 14 11 10 7 6 6 4 4 4 4 2 1 0 1 2
14 11 17 19 13 18 13 33 9 17 12 12 11 18 15 13 14 13 20 9 18 19 15 18 12 34 9 13 12 12 11 13 12 7 17 15 17 11 10 11 15 15 16 16 18 14 10 13 12 20 13 14 10 12 15 8 13 16 17 9 13 9 9 10 16 14 9 9 4 5 7 8 5 5 10 10 9 11 9 7 11 10 12 14 19 15 14 11 10 8 5 5 3 3 4 4 3 2 1 0 1
15 11 16 19 12 19 13 33 10 16 13 13 11 18 16 14 14 12 20 10 17 18 16 18 12 34 9 13 12 13 10 13 13 8 17 15 16 12 9 10 16 15 15 15 17 15 10 13 12 20 12 13 11 11 15 9 12 16 16 10 12 10 10 9 17 15 9 10 5 6 8 9 6 6 9 9 9 10 8 8 11 11 12 15 18 14 13 10 9 7 4 4 2 3 4 5 4 3 2 1 0