0 5 17 31 15 8 16 18 12 10 31 11 30 11 27 30 6 18 2 7 19 38 30 8 22 9 25 10 32 24 30 31 16 25 6 9 16 29 11 32 14 34 13 29 12 10 31 14 25 25 11 11 26 15 26 7 25 12 10 31 13 9 7 10 4 3 9 9 11 10 10 9 11 12 9 12 10 8 10 9 4 5 3 0 12 12 9 9 9 11 12 13 14 13 12 11 12 14 14 14 15
5 0 22 31 14 5 21 23 9 14 31 16 30 8 27 30 5 18 5 12 19 43 30 13 27 6 30 14 32 28 30 31 21 30 3 6 21 29 16 32 18 39 14 29 15 7 31 16 30 30 8 8 26 17 26 3 30 14 10 31 15 6 6 15 8 6 10 8 11 10 8 6 9 10 14 15 12 13 13 8 4 5 4 5 17 17 14 14 14 16 15 15 15 14 12 11 12 13 14 13 14
17 22 0 20 11 19 22 1 23 15 20 18 19 17 17 19 20 10 19 19 11 23 19 14 11 18 10 15 21 13 19 20 10 9 23 19 12 19 16 20 7 20 12 19 9 19 19 16 10 9 18 17 15 13 15 24 9 11 25 20 11 18 19 14 21 20 16 17 15 15 17 18 15 15 15 15 15 15 14 17 20 20 19 17 16 16 15 13 10 8 10 11 11 12 14 15 13 11 11 12 11
31 31 20 0 19 27 35 21 31 26 0 31 1 25 5 1 28 18 32 32 18 41 1 28 28 26 17 25 1 29 1 0 26 16 31 27 28 2 30 1 18 37 21 2 22 27 1 27 16 16 26 25 7 27 7 32 16 21 39 0 22 26 27 25 34 32 26 25 23 23 25 26 23 23 26 26 25 25 25 25 29 29 30 31 30 30 28 27 24 22 21 21 20 20 22 23 21 19 19 19 19
15 14 11 19 0 10 22 12 15 11 19 18 18 7 16 18 11 6 15 18 6 32 18 14 19 8 19 11 20 21 19 19 17 18 14 9 17 18 17 20 7 28 6 18 8 10 19 13 19 18 8 8 15 14 15 15 18 7 22 19 8 10 10 11 17 15 10 8 5 6 8 9 6 5 12 12 11 11 10 8 11 11 12 15 17 16 15 12 11 8 7 7 5 5 5 5 3 1 1 2 3
8 5 19 27 10 0 24 20 5 15 27 19 26 5 23 26 8 14 8 15 14 40 26 16 25 3 27 14 28 26 27 27 23 26 6 2 24 26 19 28 15 36 11 26 13 2 27 16 27 26 5 4 22 20 22 6 26 12 13 27 13 1 9 15 11 9 10 9 6 7 3 2 5 5 14 15 12 13 13 9 7 8 7 8 20 20 17 17 17 15 13 12 11 10 8 7 7 9 9 9 10
16 21 22 35 22 24 0 23 27 18 35 9 34 25 31 34 19 22 18 12 23 43 34 10 26 25 30 18 36 28 35 35 20 29 22 25 21 34 7 36 19 39 19 34 16 26 35 22 30 29 25 26 30 16 30 23 29 18 23 35 18 25 19 18 20 19 18 20 23 22 26 25 24 23 17 20 18 16 19 20 19 19 18 16 8 6 10 11 13 16 17 18 18 19 21 22 23 21 21 21 20
18 23 1 21 12 20 23 0 24 16 21 19 20 18 18 20 21 11 20 20 12 24 20 15 12 19 11 16 22 14 20 21 11 10 24 20 13 20 17 21 8 21 13 20 10 20 20 17 11 10 19 18 16 14 16 25 10 12 26 21 12 19 20 15 22 21 17 18 16 16 18 19 16 16 16 16 16 16 15 18 21 21 20 18 17 17 16 14 11 9 11 12 12 13 15 16 14 12 12 13 12
12 9 23 31 15 5 27 24 0 19 31 23 30 9 27 30 12 19 12 19 19 44 30 19 30 7 31 19 32 31 31 31 28 30 9 6 28 30 23 32 19 40 16 30 18 7 31 21 31 30 9 8 26 23 26 10 30 17 14 31 18 6 12 19 14 12 15 14 11 12 8 7 10 10 19 20 17 18 18 13 11 11 11 12 23 23 19 20 20 20 18 17 16 15 13 12 12 14 14 14 15
10 14 15 26 11 15 18 16 19 0 26 13 25 12 22 25 10 13 11 11 13 35 25 10 19 14 22 3 27 21 26 26 18 21 13 15 18 25 14 27 13 31 6 25 6 15 26 6 22 21 13 13 21 14 21 16 21 5 18 26 6 15 9 3 13 13 5 7 9 9 13 14 11 10 2 4 3 2 2 8 12 11 12 10 13 13 10 11 10 9 6 6 7 7 8 8 11 11 10 10 9
31 31 20 0 19 27 35 21 31 26 0 31 1 25 5 1 28 18 32 32 18 41 1 28 28 26 17 25 1 29 1 0 26 16 31 27 28 2 30 1 18 37 21 2 22 27 1 27 16 16 26 25 7 27 7 32 16 21 39 0 22 26 27 25 34 32 26 25 23 23 25 26 23 23 26 26 25 25 25 25 29 29 30 31 30 30 28 27 24 22 21 21 20 20 22 23 21 19 19 19 19
11 16 18 31 18 19 9 19 23 13 31 0 30 20 28 30 15 19 13 9 19 39 30 6 23 20 26 13 32 24 31 31 17 26 17 20 18 30 6 32 15 35 15 30 13 21 31 17 26 26 21 21 27 13 27 18 26 14 20 31 14 20 14 14 15 14 13 16 19 18 21 20 20 19 13 16 14 12 15 16 14 15 13 11 7 4 5 8 10 12 13 14 15 16 17 18 19 17 17 17 16
30 30 19 1 18 26 34 20 30 25 1 30 0 24 4 0 27 17 31 31 18 40 0 27 27 25 16 24 2 28 1 1 25 15 30 26 27 1 29 2 17 36 20 1 21 26 1 26 15 15 25 24 6 26 6 31 15 20 38 1 21 25 26 24 33 31 25 24 22 22 24 25 22 22 25 25 24 24 24 24 28 28 29 30 29 29 27 26 23 21 20 20 19 19 21 22 20 18 18 18 18
11 8 17 25 7 5 25 18 9 12 25 20 24 0 21 24 9 12 11 17 12 37 24 17 22 2 24 12 26 23 24 25 20 24 8 3 21 23 20 25 12 33 8 23 10 4 24 13 24 24 3 2 20 17 20 9 24 9 16 25 10 4 8 12 13 11 9 6 3 4 2 3 2 2 12 12 10 11 11 6 9 10 10 11 20 20 17 16 14 12 10 9 8 7 5 4 4 6 6 6 7
27 27 17 5 16 23 31 18 27 22 5 28 4 21 0 4 24 14 29 29 14 37 4 24 24 22 13 22 6 26 4 5 23 13 27 23 24 3 26 5 15 33 17 3 18 23 4 23 13 13 22 22 3 23 3 28 13 18 35 5 18 22 23 22 31 29 22 22 19 19 21 22 20 19 22 22 22 22 21 21 25 25 26 27 26 26 24 23 20 18 17 17 16 17 18 19 17 15 15 16 16
30 30 19 1 18 26 34 20 30 25 1 30 0 24 4 0 27 17 31 31 18 40 0 27 27 25 16 24 2 28 1 1 25 15 30 26 27 1 29 2 17 36 20 1 21 26 1 26 15 15 25 24 6 26 6 31 15 20 38 1 21 25 26 24 33 31 25 24 22 22 24 25 22 22 25 25 24 24 24 24 28 28 29 30 29 29 27 26 23 21 20 20 19 19 21 22 20 18 18 18 18
6 5 20 28 11 8 19 21 12 10 28 15 27 9 24 27 0 16 5 10 16 41 27 11 24 9 27 10 29 26 28 28 20 27 5 8 20 27 15 29 16 37 10 27 13 9 28 13 27 27 10 10 23 15 23 8 27 11 14 28 12 9 1 10 7 5 6 3 6 5 10 9 8 7 9 12 7 8 9 3 3 2 4 6 15 15 11 12 12 14 12 11 10 9 7 6 8 10 10 10 11
18 18 10 18 6 14 22 11 19 13 18 19 17 12 14 17 16 0 20 20 6 31 17 15 18 13 17 13 19 20 18 18 17 17 19 14 18 17 17 19 6 27 7 17 10 14 18 14 17 17 13 13 13 14 13 19 17 8 26 18 9 14 15 12 22 20 14 13 11 11 13 14 11 10 13 13 12 13 12 13 17 16 18 18 17 17 15 14 11 9 9 8 7 8 10 10 8 7 6 7 7
2 5 19 32 15 8 18 20 12 11 32 13 31 11 29 31 5 20 0 9 20 40 31 10 23 9 27 12 33 25 32 32 18 27 6 9 18 31 13 33 16 36 15 31 14 10 32 16 27 27 11 11 28 14 28 7 27 14 10 32 15 9 6 12 6 5 11 8 11 10 11 10 12 12 11 14 12 10 12 8 4 5 4 2 14 14 10 11 11 13 14 15 15 14 12 11 13 14 15 15 15
7 12 19 32 18 15 12 20 19 11 32 9 31 17 29 31 10 20 9 0 20 40 31 6 23 16 27 12 33 24 32 32 18 27 13 16 19 31 9 33 16 36 15 31 14 17 32 15 27 27 18 18 28 13 28 14 27 14 17 32 14 16 9 12 11 10 11 11 14 13 17 16 16 15 11 15 12 10 13 11 9 10 9 7 10 8 6 8 10 12 13 14 15 16 15 14 16 18 17 18 17
19 19 11 18 6 14 23 12 19 13 18 19 18 12 14 18 16 6 20 20 0 31 18 16 19 13 19 13 19 21 18 18 18 18 19 14 18 17 18 19 6 27 7 17 10 14 18 14 19 18 13 13 15 15 15 20 18 8 27 18 9 14 15 12 23 21 14 14 11 11 13 14 12 11 13 13 12 13 12 13 17 17 18 19 18 18 16 15 12 10 9 9 8 9 10 11 9 7 7 8 7
38 43 23 41 32 40 43 24 44 35 41 39 40 37 37 40 41 31 40 40 31 0 40 36 32 39 31 35 42 33 40 41 30 31 42 40 32 39 38 41 28 4 31 39 29 40 40 36 31 31 39 38 36 35 36 45 31 30 47 41 31 40 40 34 42 41 36 38 36 36 38 40 37 36 35 35 34 35 34 38 41 41 41 38 37 37 36 35 31 30 30 31 32 33 35 35 34 33 32 33 33
30 30 19 1 18 26 34 20 30 25 1 30 0 24 4 0 27 17 31 31 18 40 0 27 27 25 16 24 2 28 1 1 25 15 30 26 27 1 29 2 17 36 20 1 21 26 1 26 15 15 25 24 6 26 6 31 15 20 38 1 21 25 26 24 33 31 25 24 22 22 24 25 22 22 25 25 24 24 24 24 28 28 29 30 29 29 27 26 23 21 20 20 19 19 21 22 20 18 18 18 18
8 13 14 28 14 16 10 15 19 10 28 6 27 17 24 27 11 15 10 6 16 36 27 0 20 17 23 10 29 21 28 28 13 22 14 17 14 27 6 29 12 32 11 27 9 18 28 14 23 22 17 18 23 9 23 15 22 10 17 28 10 17 10 10 12 11 9 12 15 14 18 17 16 16 9 13 10 8 11 12 10 11 10 8 6 6 2 4 6 8 9 10 11 12 13 14 15 14 13 13 12
22 27 11 28 19 25 26 12 30 19 28 23 27 22 24 27 24 18 23 23 19 32 27 20 0 23 18 19 29 3 28 28 9 18 26 24 11 27 21 29 15 28 15 27 13 24 28 20 18 18 23 22 23 17 23 29 18 14 30 28 15 24 23 18 26 25 20 22 19 20 22 24 20 20 19 19 18 19 18 22 25 24 24 22 20 21 20 18 15 13 14 14 15 16 17 18 19 19 18 17 16
9 6 18 26 8 3 25 19 7 14 26 20 25 2 22 25 9 13 9 16 13 39 25 17 23 0 25 13 27 25 26 26 22 25 7 2 22 25 20 27 14 35 10 25 11 3 26 15 25 25 2 2 21 19 21 7 25 11 15 26 11 2 9 13 12 10 9 8 5 5 2 1 3 4 13 14 11 12 12 7 8 9 8 9 21 21 18 18 15 14 11 11 9 8 7 6 6 7 8 7 8
25 30 10 17 19 27 30 11 31 22 17 26 16 24 13 16 27 17 27 27 19 31 16 23 18 25 0 22 18 20 16 17 17 6 29 27 18 15 24 17 15 27 18 15 16 26 16 23 6 6 25 25 12 21 12 31 6 17 34 17 17 26 26 21 29 28 23 25 23 23 24 26 23 22 22 22 21 22 21 24 28 28 27 25 24 24 23 21 18 16 17 18 19 19 21 22 20 19 18 19 19
10 14 15 25 11 14 18 16 19 3 25 13 24 12 22 24 10 13 12 12 13 35 24 10 19 13 22 0 26 20 25 25 17 21 13 14 17 24 14 26 12 31 6 24 6 15 25 4 22 21 13 13 21 13 21 16 21 5 18 25 6 15 9 1 13 13 4 7 9 9 13 13 11 10 1 3 3 2 2 8 12 11 12 10 14 13 10 11 10 8 6 5 7 7 8 8 10 11 10 9 8
32 32 21 1 20 28 36 22 32 27 1 32 2 26 6 2 29 19 33 33 19 42 2 29 29 27 18 26 0 30 2 1 27 17 32 28 29 3 31 2 19 38 22 3 23 28 2 28 17 17 27 26 8 28 8 33 17 22 40 1 23 27 28 26 35 33 27 26 24 24 26 27 24 24 27 27 26 26 26 26 30 30 31 32 31 31 29 28 25 23 22 22 21 21 23 24 22 20 20 20 20
24 28 13 29 21 26 28 14 31 21 29 24 28 23 26 28 26 20 25 24 21 33 28 21 3 25 20 20 30 0 29 29 11 19 28 26 13 28 22 30 17 29 17 28 15 26 29 21 20 19 24 24 25 19 25 30 19 16 32 29 17 26 25 20 28 27 22 24 21 21 24 25 22 21 21 21 20 21 20 23 26 26 26 24 22 23 21 20 17 15 16 16 16 17 19 20 21 20 20 19 18
30 30 19 1 19 27 35 20 31 26 1 31 1 24 4 1 28 18 32 32 18 40 1 28 28 26 16 25 2 29 0 1 26 16 31 27 28 1 30 2 18 36 20 1 22 27 1 26 16 16 25 25 7 27 7 31 16 21 38 1 22 26 27 25 34 32 26 25 23 23 25 26 23 22 26 25 25 25 24 25 29 28 30 30 29 29 28 26 23 21 21 20 19 20 22 22 20 19 18 19 19
31 31 20 0 19 27 35 21 31 26 0 31 1 25 5 1 28 18 32 32 18 41 1 28 28 26 17 25 1 29 1 0 26 16 31 27 28 2 30 1 18 37 21 2 22 27 1 27 16 16 26 25 7 27 7 32 16 21 39 0 22 26 27 25 34 32 26 25 23 23 25 26 23 23 26 26 25 25 25 25 29 29 30 31 30 30 28 27 24 22 21 21 20 20 22 23 21 19 19 19 19
16 21 10 26 17 23 20 11 28 18 26 17 25 20 23 25 20 17 18 18 18 30 25 13 9 22 17 17 27 11 26 26 0 16 22 23 6 25 14 27 14 26 14 25 12 23 26 18 17 16 21 21 22 10 22 23 16 13 26 26 13 23 19 16 20 19 17 20 18 18 21 22 19 18 16 16 17 16 16 20 18 19 18 16 13 14 13 12 10 11 12 13 13 14 16 17 18 17 16 16 15
25 30 9 16 18 26 29 10 30 21 16 26 15 24 13 15 27 17 27 27 18 31 15 22 18 25 6 21 17 19 16 16 16 0 29 26 18 15 24 17 14 27 18 15 15 26 16 22 1 0 25 24 12 21 12 31 0 17 33 16 17 25 26 20 29 28 22 24 22 22 24 25 23 22 21 21 21 21 20 24 27 28 27 25 24 24 22 21 18 16 16 17 18 19 21 22 20 18 18 19 18
6 3 23 31 14 6 22 24 9 13 31 17 30 8 27 30 5 19 6 13 19 42 30 14 26 7 29 13 32 28 31 31 22 29 0 6 22 30 17 32 19 38 12 30 14 7 31 15 29 29 8 8 26 18 26 4 29 12 12 31 13 6 6 13 8 6 9 8 10 10 8 7 8 9 13 14 11 12 12 8 4 5 5 6 17 17 14 15 14 16 13 13 13 12 12 11 11 13 13 13 14
9 6 19 27 9 2 25 20 6 15 27 20 26 3 23 26 8 14 9 16 14 40 26 17 24 2 27 14 28 26 27 27 23 26 6 0 23 26 20 28 14 36 11 26 13 2 27 16 27 26 4 2 22 20 22 6 26 12 14 27 13 1 9 15 11 9 10 9 6 6 3 1 4 5 14 15 12 13 13 8 7 8 7 9 20 20 17 18 16 15 12 12 11 10 8 7 7 8 9 9 9
16 21 12 28 17 24 21 13 28 18 28 18 27 21 24 27 20 18 18 19 18 32 27 14 11 22 18 17 29 13 28 28 6 18 22 23 0 27 15 29 14 28 15 27 12 23 28 18 18 18 22 21 23 11 23 23 18 14 26 28 14 24 19 16 20 19 18 21 19 19 22 23 20 19 17 16 17 16 16 20 19 20 18 16 15 15 14 12 11 12 13 14 14 15 17 18 18 17 16 17 16
29 29 19 2 18 26 34 20 30 25 2 30 1 23 3 1 27 17 31 31 17 39 1 27 27 25 15 24 3 28 1 2 25 15 30 26 27 0 29 3 17 35 19 0 21 26 2 25 15 15 24 24 6 26 6 30 15 20 37 2 21 25 26 24 33 31 25 24 22 22 24 25 22 21 25 24 24 24 23 24 28 27 29 29 28 28 27 25 22 20 20 19 18 19 21 21 19 18 17 18 18
11 16 16 30 17 19 7 17 23 14 30 6 29 20 26 29 15 17 13 9 18 38 29 6 21 20 24 14 31 22 30 30 14 24 17 20 15 29 0 31 14 34 14 29 11 21 30 17 24 24 21 21 25 11 25 18 24 13 21 30 13 20 14 14 15 14 13 15 18 17 21 20 19 18 13 15 14 12 14 15 14 15 13 11 1 2 6 6 8 10 12 13 13 14 16 17 18 16 16 16 15
32 32 20 1 20 28 36 21 32 27 1 32 2 25 5 2 29 19 33 33 19 41 2 29 29 27 17 26 2 30 2 1 27 17 32 28 29 3 31 0 19 37 21 3 23 28 1 28 17 17 26 26 8 28 8 32 17 22 40 1 23 27 28 26 35 33 27 26 24 24 26 27 24 23 27 27 26 26 25 26 30 29 31 32 30 30 29 28 25 23 22 22 20 21 23 23 22 20 20 20 20
14 18 7 18 7 15 19 8 19 13 18 15 17 12 15 17 16 6 16 16 6 28 17 12 15 14 15 12 19 17 18 18 14 14 19 14 14 17 14 19 0 24 8 17 7 14 18 13 15 14 13 13 14 11 14 19 14 8 23 18 9 14 15 12 18 17 14 13 11 11 13 14 11 10 13 12 12 13 12 13 17 16 17 14 13 13 12 11 7 6 8 8 7 8 10 10 8 7 6 7 7
34 39 20 37 28 36 39 21 40 31 37 35 36 33 33 36 37 27 36 36 27 4 36 32 28 35 27 31 38 29 36 37 26 27 38 36 28 35 34 37 24 0 27 35 25 36 36 32 27 27 35 34 32 31 32 41 27 26 43 37 27 36 36 30 38 37 32 34 32 32 34 36 33 32 31 31 30 31 30 34 37 37 37 34 33 33 32 31 27 26 26 27 28 29 31 31 30 29 28 29 29
13 14 12 21 6 11 19 13 16 6 21 15 20 8 17 20 10 7 15 15 7 31 20 11 15 10 18 6 22 17 20 21 14 18 12 11 15 19 14 21 8 27 0 19 3 11 20 7 18 18 9 9 16 11 16 16 18 1 21 21 2 11 9 5 16 14 7 7 5 6 9 10 7 6 6 6 5 6 5 7 11 10 12 13 14 13 12 9 7 5 2 2 1 2 4 4 6 6 5 4 3
29 29 19 2 18 26 34 20 30 25 2 30 1 23 3 1 27 17 31 31 17 39 1 27 27 25 15 24 3 28 1 2 25 15 30 26 27 0 29 3 17 35 19 0 21 26 2 25 15 15 24 24 6 26 6 30 15 20 37 2 21 25 26 24 33 31 25 24 22 22 24 25 22 21 25 24 24 24 23 24 28 27 29 29 28 28 27 25 22 20 20 19 18 19 21 21 19 18 17 18 18
12 15 9 22 8 13 16 10 18 6 22 13 21 10 18 21 13 10 14 14 10 29 21 9 13 11 16 6 23 15 22 22 12 15 14 13 12 21 11 23 7 25 3 21 0 13 22 7 16 15 11 11 17 8 17 17 15 2 20 22 2 13 12 5 16 15 7 10 8 8 11 12 9 8 6 6 6 6 5 10 14 13 14 12 11 11 9 8 5 3 1 2 3 4 6 7 8 8 7 6 5
10 7 19 27 10 2 26 20 7 15 27 21 26 4 23 26 9 14 10 17 14 40 26 18 24 3 26 15 28 26 27 27 23 26 7 2 23 26 21 28 14 36 11 26 13 0 27 16 26 26 5 3 23 20 23 8 26 12 15 27 13 2 10 15 12 10 12 10 6 7 4 3 5 6 15 15 14 14 14 9 9 9 9 10 22 22 18 19 17 15 12 12 11 10 8 7 7 9 9 9 10
31 31 19 1 19 27 35 20 31 26 1 31 1 24 4 1 28 18 32 32 18 40 1 28 28 26 16 25 2 29 1 1 26 16 31 27 28 2 30 1 18 36 20 2 22 27 0 27 16 16 25 25 7 27 7 31 16 21 39 1 22 26 27 25 34 32 26 25 23 23 25 26 23 22 26 26 25 25 24 25 29 28 30 31 29 29 28 27 24 22 21 21 19 20 22 22 21 19 19 19 19
14 16 16 27 13 16 22 17 21 6 27 17 26 13 23 26 13 14 16 15 14 36 26 14 20 15 23 4 28 21 26 27 18 22 15 16 18 25 17 28 13 32 7 25 7 16 27 0 23 22 14 14 22 15 22 17 22 6 22 27 7 16 12 4 17 17 7 10 10 11 14 15 12 11 5 2 6 6 5 11 15 14 16 14 17 17 14 14 11 9 7 7 8 8 9 9 12 12 12 11 10
25 30 10 16 19 27 30 11 31 22 16 26 15 24 13 15 27 17 27 27 19 31 15 23 18 25 6 22 17 20 16 16 17 1 29 27 18 15 24 17 15 27 18 15 16 26 16 23 0 1 25 25 12 21 12 31 1 17 34 16 17 26 26 21 29 28 23 25 23 23 24 26 23 22 22 22 21 22 21 24 28 28 27 25 24 24 23 21 18 16 17 18 18 19 21 22 20 19 18 19 19
25 30 9 16 18 26 29 10 30 21 16 26 15 24 13 15 27 17 27 27 18 31 15 22 18 25 6 21 17 19 16 16 16 0 29 26 18 15 24 17 14 27 18 15 15 26 16 22 1 0 25 24 12 21 12 31 0 17 33 16 17 25 26 20 29 28 22 24 22 22 24 25 23 22 21 21 21 21 20 24 27 28 27 25 24 24 22 21 18 16 16 17 18 19 21 22 20 18 18 19 18
11 8 18 26 8 5 25 19 9 13 26 21 25 3 22 25 10 13 11 18 13 39 25 17 23 2 25 13 27 24 25 26 21 25 8 4 22 24 21 26 13 35 9 24 11 5 25 14 25 25 0 3 21 18 21 9 25 10 16 26 11 4 9 13 14 12 9 7 4 5 3 3 3 3 13 13 11 12 12 7 10 10 10 11 21 21 18 17 15 13 11 10 9 8 6 5 5 7 7 7 8
11 8 17 25 8 4 26 18 8 13 25 21 24 2 22 24 10 13 11 18 13 38 24 18 22 2 25 13 26 24 25 25 21 24 8 2 21 24 21 26 13 34 9 24 11 3 25 14 25 24 3 0 21 18 21 8 24 10 16 25 11 3 9 13 13 11 9 7 4 5 1 3 2 3 13 13 11 12 12 7 9 10 9 11 21 21 18 17 15 13 10 10 9 8 6 5 5 7 7 7 8
26 26 15 7 15 22 30 16 26 21 7 27 6 20 3 6 23 13 28 28 15 36 6 23 23 21 12 21 8 25 7 7 22 12 26 22 23 6 25 8 14 32 16 6 17 23 7 22 12 12 21 21 0 22 0 27 12 17 34 7 17 21 22 21 30 28 21 21 18 18 20 21 19 18 21 21 21 21 20 20 24 24 25 26 25 25 23 22 19 17 16 16 15 16 17 18 16 14 14 15 15
15 17 13 27 14 20 16 14 23 14 27 13 26 17 23 26 15 14 14 13 15 35 26 9 17 19 21 13 28 19 27 27 10 21 18 20 11 26 11 28 11 31 11 26 8 20 27 15 21 21 18 18 22 0 22 19 21 10 21 27 10 21 16 13 18 18 15 16 16 16 19 20 17 16 14 13 14 13 13 17 17 17 17 15 11 10 9 8 6 7 9 10 11 12 14 15 16 14 14 14 13
26 26 15 7 15 22 30 16 26 21 7 27 6 20 3 6 23 13 28 28 15 36 6 23 23 21 12 21 8 25 7 7 22 12 26 22 23 6 25 8 14 32 16 6 17 23 7 22 12 12 21 21 0 22 0 27 12 17 34 7 17 21 22 21 30 28 21 21 18 18 20 21 19 18 21 21 21 21 20 20 24 24 25 26 25 25 23 22 19 17 16 16 15 16 17 18 16 14 14 15 15
7 3 24 32 15 6 23 25 10 16 32 18 31 9 28 31 8 19 7 14 20 45 31 15 29 7 31 16 33 30 31 32 23 31 4 6 23 30 18 32 19 41 16 30 17 8 31 17 31 31 9 8 27 19 27 0 31 15 12 32 16 7 8 16 10 8 12 10 12 12 9 7 10 11 16 17 14 15 15 10 6 7 6 7 19 19 16 16 16 18 16 16 16 15 14 13 13 14 15 14 15
25 30 9 16 18 26 29 10 30 21 16 26 15 24 13 15 27 17 27 27 18 31 15 22 18 25 6 21 17 19 16 16 16 0 29 26 18 15 24 17 14 27 18 15 15 26 16 22 1 0 25 24 12 21 12 31 0 17 33 16 17 25 26 20 29 28 22 24 22 22 24 25 23 22 21 21 21 21 20 24 27 28 27 25 24 24 22 21 18 16 16 17 18 19 21 22 20 18 18 19 18
12 14 11 21 7 12 18 12 17 5 21 14 20 9 18 20 11 8 14 14 8 30 20 10 14 11 17 5 22 16 21 21 13 17 12 12 14 20 13 22 8 26 1 20 2 12 21 6 17 17 10 10 17 10 17 15 17 0 20 21 1 12 10 4 16 15 6 8 6 7 10 11 8 7 5 5 4 5 4 8 12 11 13 12 13 12 11 8 6 4 1 1 2 3 5 5 7 6 6 5 4
10 10 25 39 22 13 23 26 14 18 39 20 38 16 35 38 14 26 10 17 27 47 38 17 30 15 34 18 40 32 38 39 26 33 12 14 26 37 21 40 23 43 21 37 20 15 39 22 34 33 16 16 34 21 34 12 33 20 0 39 21 14 13 18 14 12 17 15 18 17 16 14 17 18 17 21 19 16 19 15 11 12 11 10 21 21 17 18 18 20 21 21 22 21 19 18 20 21 22 21 22
31 31 20 0 19 27 35 21 31 26 0 31 1 25 5 1 28 18 32 32 18 41 1 28 28 26 17 25 1 29 1 0 26 16 31 27 28 2 30 1 18 37 21 2 22 27 1 27 16 16 26 25 7 27 7 32 16 21 39 0 22 26 27 25 34 32 26 25 23 23 25 26 23 23 26 26 25 25 25 25 29 29 30 31 30 30 28 27 24 22 21 21 20 20 22 23 21 19 19 19 19
13 15 11 22 8 13 18 12 18 6 22 14 21 10 18 21 12 9 15 14 9 31 21 10 15 11 17 6 23 17 22 22 13 17 13 13 14 21 13 23 9 27 2 21 2 13 22 7 17 17 11 11 17 10 17 16 17 1 21 22 0 13 11 5 16 16 7 9 7 8 11 12 9 8 6 6 5 5 5 9 13 12 14 13 13 12 11 8 6 4 1 2 3 4 6 6 8 7 7 6 5
9 6 18 26 10 1 25 19 6 15 26 20 25 4 22 25 9 14 9 16 14 40 25 17 24 2 26 15 27 26 26 26 23 25 6 1 24 25 20 27 14 36 11 25 13 2 26 16 26 25 4 3 21 21 21 7 25 12 14 26 13 0 9 15 11 9 11 9 6 7 3 2 5 5 15 15 13 14 14 9 7 8 8 9 20 20 17 18 17 15 13 12 11 10 8 7 7 9 9 9 10
7 6 19 27 10 9 19 20 12 9 27 14 26 8 23 26 1 15 6 9 15 40 26 10 23 9 26 9 28 25 27 27 19 26 6 9 19 26 14 28 15 36 9 26 12 10 27 12 26 26 9 9 22 16 22 8 26 10 13 27 11 9 0 9 8 6 5 2 5 4 9 9 7 6 8 11 6 7 8 2 3 2 4 7 14 14 11 11 11 13 11 10 9 8 6 5 7 9 9 9 10
10 15 14 25 11 15 18 15 19 3 25 14 24 12 22 24 10 12 12 12 12 34 24 10 18 13 21 1 26 20 25 25 16 20 13 15 16 24 14 26 12 30 5 24 5 15 25 4 21 20 13 13 21 13 21 16 20 4 18 25 5 15 9 0 13 13 5 7 9 9 13 14 11 10 1 3 3 2 2 8 12 11 12 10 14 14 10 11 10 8 5 5 6 7 8 8 11 10 10 9 8
4 8 21 34 17 11 20 22 14 13 34 15 33 13 31 33 7 22 6 11 23 42 33 12 26 12 29 13 35 28 34 34 20 29 8 11 20 33 15 35 18 38 16 33 16 12 34 17 29 29 14 13 30 18 30 10 29 16 14 34 16 11 8 13 0 2 13 10 13 12 14 12 15 14 12 16 13 11 14 10 6 7 6 4 15 15 12 13 12 15 16 17 17 16 14 13 15 16 17 17 17
3 6 20 32 15 9 19 21 12 13 32 14 31 11 29 31 5 20 5 10 21 41 31 11 25 10 28 13 33 27 32 32 19 28 6 9 19 31 14 33 17 37 14 31 15 10 32 17 28 28 12 11 28 18 28 8 28 15 12 32 16 9 6 13 2 0 11 8 11 10 12 10 13 12 12 15 12 11 13 8 4 5 5 3 15 15 12 12 12 14 15 16 15 14 12 11 13 14 15 15 15
9 10 16 26 10 10 18 17 15 5 26 13 25 9 22 25 6 14 11 11 14 36 25 9 20 9 23 4 27 22 26 26 17 22 9 10 18 25 13 27 14 32 7 25 7 12 26 7 23 22 9 9 21 15 21 12 22 6 17 26 7 11 5 5 13 11 0 4 7 6 10 9 9 8 5 6 2 4 3 4 8 7 9 9 13 13 10 10 9 10 7 7 7 6 7 7 9 11 10 9 9
9 8 17 25 8 9 20 18 14 7 25 16 24 6 22 24 3 13 8 11 14 38 24 12 22 8 25 7 26 24 25 25 20 24 8 9 21 24 15 26 13 34 7 24 10 10 25 10 25 24 7 7 21 16 21 10 24 8 15 25 9 9 2 7 10 8 4 0 6 5 8 9 7 7 6 9 4 5 6 3 5 4 6 9 14 14 11 11 10 12 9 9 8 7 7 6 8 9 9 9 10
11 11 15 23 5 6 23 16 11 9 23 19 22 3 19 22 6 11 11 14 11 36 22 15 19 5 23 9 24 21 23 23 18 22 10 6 19 22 18 24 11 32 5 22 8 6 23 10 23 22 4 4 18 16 18 12 22 6 18 23 7 6 5 9 13 11 7 6 0 1 5 6 3 2 9 9 8 8 8 3 8 7 9 11 17 17 14 13 12 10 7 6 5 4 2 1 3 4 5 4 5
10 10 15 23 6 7 22 16 12 9 23 18 22 4 19 22 5 11 10 13 11 36 22 14 20 5 23 9 24 21 23 23 18 22 10 6 19 22 17 24 11 32 6 22 8 7 23 11 23 22 5 5 18 16 18 12 22 7 17 23 8 7 4 9 12 10 6 5 1 0 6 6 4 3 8 9 7 7 8 2 7 6 8 10 16 16 13 13 12 10 7 7 5 5 3 2 4 5 6 5 6
10 8 17 25 8 3 26 18 8 13 25 21 24 2 21 24 10 13 11 17 13 38 24 18 22 2 24 13 26 24 25 25 21 24 8 3 22 24 21 26 13 34 9 24 11 4 25 14 24 24 3 1 20 19 20 9 24 10 16 25 11 3 9 13 14 12 10 8 5 6 0 2 2 3 12 13 11 11 11 7 9 9 9 10 21 21 17 17 15 13 10 10 9 8 6 5 5 7 7 7 8
9 6 18 26 9 2 25 19 7 14 26 20 25 3 22 25 9 14 10 16 14 40 25 17 24 1 26 13 27 25 26 26 22 25 7 1 23 25 20 27 14 36 10 25 12 3 26 15 26 25 3 3 21 20 21 7 25 11 14 26 12 2 9 14 12 10 9 9 6 6 2 0 4 4 14 14 11 13 12 8 7 8 7 9 20 20 17 18 16 14 12 11 10 9 7 6 7 8 8 8 9
11 9 15 23 6 5 24 16 10 11 23 20 22 2 20 22 8 11 12 16 12 37 22 16 20 3 23 11 24 22 23 23 19 23 8 4 20 22 19 24 11 33 7 22 9 5 23 12 23 23 3 2 19 17 19 10 23 8 17 23 9 5 7 11 15 13 9 7 3 4 2 4 0 1 11 11 10 10 10 5 10 9 10 11 19 19 16 15 13 11 9 8 7 6 4 3 4 5 6 5 6
12 10 15 23 5 5 23 16 10 10 23 19 22 2 19 22 7 10 12 15 11 36 22 16 20 4 22 10 24 21 22 23 18 22 9 5 19 21 18 23 10 32 6 21 8 6 22 11 22 22 3 3 18 16 18 11 22 7 18 23 8 5 6 10 14 12 8 7 2 3 3 4 1 0 10 10 9 9 9 4 9 8 10 12 18 18 15 14 13 11 8 7 6 5 3 2 3 5 5 5 6
9 14 15 26 12 14 17 16 19 2 26 13 25 12 22 25 9 13 11 11 13 35 25 9 19 13 22 1 27 21 26 26 16 21 13 14 17 25 13 27 13 31 6 25 6 15 26 5 22 21 13 13 21 14 21 16 21 5 17 26 6 15 8 1 12 12 5 6 9 8 12 14 11 10 0 4 4 1 3 7 11 10 11 9 13 13 9 10 9 9 6 6 7 7 9 9 11 11 11 10 9
12 15 15 26 12 15 20 16 20 4 26 16 25 12 22 25 12 13 14 15 13 35 25 13 19 14 22 3 27 21 25 26 16 21 14 15 16 24 15 27 12 31 6 24 6 15 26 2 22 21 13 13 21 13 21 17 21 5 21 26 6 15 11 3 16 15 6 9 9 9 13 14 11 10 4 0 5 5 4 10 14 13 14 12 16 16 12 13 10 8 6 6 7 7 8 8 11 11 11 10 9
10 12 15 25 11 12 18 16 17 3 25 14 24 10 22 24 7 12 12 12 12 34 24 10 18 11 21 3 26 20 25 25 17 21 11 12 17 24 14 26 12 30 5 24 6 14 25 6 21 21 11 11 21 14 21 14 21 4 19 25 5 13 6 3 13 12 2 4 8 7 11 11 10 9 4 5 0 3 2 6 9 8 10 10 14 14 11 11 10 8 5 5 6 6 8 8 10 10 10 9 8
8 13 15 25 11 13 16 16 18 2 25 12 24 11 22 24 8 13 10 10 13 35 24 8 19 12 22 2 26 21 25 25 16 21 12 13 16 24 12 26 13 31 6 24 6 14 25 6 22 21 12 12 21 13 21 15 21 5 16 25 5 14 7 2 11 11 4 5 8 7 11 13 10 9 1 5 3 0 4 6 10 9 10 8 12 12 8 9 8 9 6 6 7 8 9 9 11 11 11 10 9
10 13 14 25 10 13 19 15 18 2 25 15 24 11 21 24 9 12 12 13 12 34 24 11 18 12 21 2 26 20 24 25 16 20 12 13 16 23 14 25 12 30 5 23 5 14 24 5 21 20 12 12 20 13 20 15 20 4 19 25 5 14 8 2 14 13 3 6 8 8 11 12 10 9 3 4 2 4 0 6 10 9 11 10 13 13 10 10 10 8 5 5 6 6 7 7 9 10 9 9 8
9 8 17 25 8 9 20 18 13 8 25 16 24 6 21 24 3 13 8 11 13 38 24 12 22 7 24 8 26 23 25 25 20 24 8 8 20 24 15 26 13 34 7 24 10 9 25 11 24 24 7 7 20 17 20 10 24 8 15 25 9 9 2 8 10 8 4 3 3 2 7 8 5 4 7 10 6 6 6 0 5 4 6 9 14 14 11 11 11 12 9 9 7 7 5 4 6 7 8 7 8
4 4 20 29 11 7 19 21 11 12 29 14 28 9 25 28 3 17 4 9 17 41 28 10 25 8 28 12 30 26 29 29 18 27 4 7 19 28 14 30 17 37 11 28 14 9 29 15 28 27 10 9 24 17 24 6 27 12 11 29 13 7 3 12 6 4 8 5 8 7 9 7 10 9 11 14 9 10 10 5 0 1 1 4 14 14 11 11 11 14 13 12 11 10 8 7 9 10 11 11 11
5 5 20 29 11 8 19 21 11 11 29 15 28 10 25 28 2 16 5 10 17 41 28 11 24 9 28 11 30 26 28 29 19 28 5 8 20 27 15 29 16 37 10 27 13 9 28 14 28 28 10 10 24 17 24 7 28 11 12 29 12 8 2 11 7 5 7 4 7 6 9 8 9 8 10 13 8 9 9 4 1 0 2 5 15 15 11 12 12 14 12 11 10 9 7 6 8 10 10 10 11
3 4 19 30 12 7 18 20 11 12 30 13 29 10 26 29 4 18 4 9 18 41 29 10 24 8 27 12 31 26 30 30 18 27 5 7 18 29 13 31 17 37 12 29 14 9 30 16 27 27 10 9 25 17 25 6 27 13 11 30 14 8 4 12 6 5 9 6 9 8 9 7 10 10 11 14 10 10 11 6 1 2 0 3 14 14 11 11 11 13 14 13 12 11 9 8 10 11 12 12 12
0 5 17 31 15 8 16 18 12 10 31 11 30 11 27 30 6 18 2 7 19 38 30 8 22 9 25 10 32 24 30 31 16 25 6 9 16 29 11 32 14 34 13 29 12 10 31 14 25 25 11 11 26 15 26 7 25 12 10 31 13 9 7 10 4 3 9 9 11 10 10 9 11 12 9 12 10 8 10 9 4 5 3 0 12 12 9 9 9 11 12 13 14 13 12 11 12 14 14 14 15
12 17 16 30 17 20 8 17 23 13 30 7 29 20 26 29 15 17 14 10 18 37 29 6 20 21 24 14 31 22 29 30 13 24 17 20 15 28 1 30 13 33 14 28 11 22 29 17 24 24 21 21 25 11 25 19 24 13 21 30 13 20 14 14 15 15 13 14 17 16 21 20 19 18 13 16 14 12 13 14 14 15 14 12 0 3 7 7 9 11 12 13 14 15 17 18 19 17 17 17 16
12 17 16 30 16 20 6 17 23 13 30 4 29 20 26 29 15 17 14 8 18 37 29 6 21 21 24 13 31 23 29 30 14 24 17 20 15 28 2 30 13 33 13 28 11 22 29 17 24 24 21 21 25 10 25 19 24 12 21 30 12 20 14 14 15 15 13 14 17 16 21 20 19 18 13 16 14 12 13 14 14 15 14 12 3 0 5 5 8 10 11 12 13 14 15 16 17 16 15 15 14
9 14 15 28 15 17 10 16 19 10 28 5 27 17 24 27 11 15 10 6 16 36 27 2 20 18 23 10 29 21 28 28 13 22 14 17 14 27 6 29 12 32 12 27 9 18 28 14 23 22 18 18 23 9 23 16 22 11 17 28 11 17 11 10 12 12 10 11 14 13 17 17 16 15 9 12 11 8 10 11 11 11 11 9 7 5 0 5 6 9 10 11 11 12 14 15 16 14 14 14 13
9 14 13 27 12 17 11 14 20 11 27 8 26 16 23 26 12 14 11 8 15 35 26 4 18 18 21 11 28 20 26 27 12 21 15 18 12 25 6 28 11 31 9 25 8 19 27 14 21 21 17 17 22 8 22 16 21 8 18 27 8 18 11 11 13 12 10 11 13 13 17 18 15 14 10 13 11 9 10 11 11 12 11 9 7 5 5 0 4 6 7 8 9 10 11 12 13 11 11 11 10
9 14 10 24 11 17 13 11 20 10 24 10 23 14 20 23 12 11 11 10 12 31 23 6 15 15 18 10 25 17 23 24 10 18 14 16 11 22 8 25 7 27 7 22 5 17 24 11 18 18 15 15 19 6 19 16 18 6 18 24 6 17 11 10 12 12 9 10 12 12 15 16 13 13 9 10 10 8 10 11 11 12 11 9 9 8 6 4 0 3 6 7 8 9 10 11 12 10 10 10 9
11 16 8 22 8 15 16 9 20 9 22 12 21 12 18 21 14 9 13 12 10 30 21 8 13 14 16 8 23 15 21 22 11 16 16 15 12 20 10 23 6 26 5 20 3 15 22 9 16 16 13 13 17 7 17 18 16 4 20 22 4 15 13 8 15 14 10 12 10 10 13 14 11 11 9 8 8 9 8 12 14 14 13 11 11 10 9 6 3 0 3 4 5 6 8 9 9 8 7 8 7
12 15 10 21 7 13 17 11 18 6 21 13 20 10 17 20 12 9 14 13 9 30 20 9 14 11 17 6 22 16 21 21 12 16 13 12 13 20 12 22 8 26 2 20 1 12 21 7 17 16 11 10 16 9 16 16 16 1 21 21 1 13 11 5 16 15 7 9 7 7 10 12 9 8 6 6 5 6 5 9 13 12 14 12 12 11 10 7 6 3 0 1 2 3 5 6 7 7 6 5 4
13 15 11 21 7 12 18 12 17 6 21 14 20 9 17 20 11 8 15 14 9 31 20 10 14 11 18 5 22 16 20 21 13 17 13 12 14 19 13 22 8 27 2 19 2 12 21 7 18 17 10 10 16 10 16 16 17 1 21 21 2 12 10 5 17 16 7 9 6 7 10 11 8 7 6 6 5 6 5 9 12 11 13 13 13 12 11 8 7 4 1 0 2 3 4 5 7 7 6 5 4
14 15 11 20 5 11 18 12 16 7 20 15 19 8 16 19 10 7 15 15 8 32 19 11 15 9 19 7 21 16 19 20 13 18 13 11 14 18 13 20 7 28 1 18 3 11 19 8 18 18 9 9 15 11 15 16 18 2 22 20 3 11 9 6 17 15 7 8 5 5 9 10 7 6 7 7 6 7 6 7 11 10 12 14 14 13 11 9 8 5 2 2 0 1 3 4 5 5 4 3 2
13 14 12 20 5 10 19 13 15 7 20 16 19 7 17 19 9 8 14 16 9 33 19 12 16 8 19 7 21 17 20 20 14 19 12 10 15 19 14 21 8 29 2 19 4 10 20 8 19 19 8 8 16 12 16 15 19 3 21 20 4 10 8 7 16 14 6 7 4 5 8 9 6 5 7 7 6 8 6 7 10 9 11 13 15 14 12 10 9 6 3 3 1 0 2 3 4 5 4 3 3
12 12 14 22 5 8 21 15 13 8 22 17 21 5 18 21 7 10 12 15 10 35 21 13 17 7 21 8 23 19 22 22 16 21 12 8 17 21 16 23 10 31 4 21 6 8 22 9 21 21 6 6 17 14 17 14 21 5 19 22 6 8 6 8 14 12 7 7 2 3 6 7 4 3 9 8 8 9 7 5 8 7 9 12 17 15 14 11 10 8 5 4 3 2 0 1 4 5 4 4 4
11 11 15 23 5 7 22 16 12 8 23 18 22 4 19 22 6 10 11 14 11 35 22 14 18 6 22 8 24 20 22 23 17 22 11 7 18 21 17 23 10 31 4 21 7 7 22 9 22 22 5 5 18 15 18 13 22 5 18 23 6 7 5 8 13 11 7 6 1 2 5 6 3 2 9 8 8 9 7 4 7 6 8 11 18 16 15 12 11 9 6 5 4 3 1 0 3 4 4 4 5
12 12 13 21 3 7 23 14 12 11 21 19 20 4 17 20 8 8 13 16 9 34 20 15 19 6 20 10 22 21 20 21 18 20 11 7 18 19 18 22 8 30 6 19 8 7 21 12 20 20 5 5 16 16 16 13 20 7 20 21 8 7 7 11 15 13 9 8 3 4 5 7 4 3 11 11 10 11 9 6 9 8 10 12 19 17 16 13 12 9 7 7 5 4 4 3 0 2 2 3 4
14 13 11 19 1 9 21 12 14 11 19 17 18 6 15 18 10 7 14 18 7 33 18 14 19 7 19 11 20 20 19 19 17 18 13 8 17 18 16 20 7 29 6 18 8 9 19 12 19 18 7 7 14 14 14 14 18 6 21 19 7 9 9 10 16 14 11 9 4 5 7 8 5 5 11 11 10 11 10 7 10 10 11 14 17 16 14 11 10 8 7 7 5 5 5 4 2 0 1 2 3
14 14 11 19 1 9 21 12 14 10 19 17 18 6 15 18 10 6 15 17 7 32 18 13 18 8 18 10 20 20 18 19 16 18 13 9 16 17 16 20 6 28 5 17 7 9 19 12 18 18 7 7 14 14 14 15 18 6 22 19 7 9 9 10 17 15 10 9 5 6 7 8 6 5 11 11 10 11 9 8 11 10 12 14 17 15 14 11 10 7 6 6 4 4 4 4 2 1 0 1 2
14 13 12 19 2 9 21 13 14 10 19 17 18 6 16 18 10 7 15 18 8 33 18 13 17 7 19 9 20 19 19 19 16 19 13 9 17 18 16 20 7 29 4 18 6 9 19 11 19 19 7 7 15 14 15 14 19 5 21 19 6 9 9 9 17 15 9 9 4 5 7 8 5 5 10 10 9 10 9 7 11 10 12 14 17 15 14 11 10 8 5 5 3 3 4 4 3 2 1 0 1
15 14 11 19 3 10 20 12 15 9 19 16 18 7 16 18 11 7 15 17 7 33 18 12 16 8 19 8 20 18 19 19 15 18 14 9 16 18 15 20 7 29 3 18 5 10 19 10 19 18 8 8 15 13 15 15 18 4 22 19 5 10 10 8 17 15 9 10 5 6 8 9 6 6 9 9 8 9 8 8 11 11 12 15 16 14 13 10 9 7 4 4 2 3 4 5 4 3 2 1 0