0 12 31 21 3 27 6 13 25 25 5 31 14 18 13 6 30 14 17 14 12 32 13 11 11 11 18 30 14 15 31 12 25 13 14 13 10 7 25 30 14 20 9 16 31 32 8 11 30 16 23 32 13 11 14 3 23 12 10 12 19 9 7 10 4 3 9 9 11 10 10 9 11 12 9 12 10 8 10 9 4 5 3 0 12 12 9 9 9 11 12 13 14 13 12 11 12 14 14 14 15
12 0 23 19 12 19 12 22 22 22 11 28 7 16 22 18 23 4 21 20 6 24 21 10 14 22 16 23 14 5 28 11 17 23 4 17 4 16 18 22 14 19 3 21 23 24 17 3 23 4 23 24 12 10 20 11 23 22 3 9 18 5 9 13 15 13 10 8 4 5 4 5 3 3 13 13 12 12 12 7 11 11 11 12 21 21 18 17 15 13 10 10 9 8 6 5 5 6 6 7 8
31 23 0 25 32 5 30 31 17 17 33 34 20 23 32 35 1 23 27 30 26 1 31 32 27 33 22 1 23 23 34 33 8 34 23 27 26 26 11 2 23 24 26 28 0 1 27 24 1 24 29 1 21 32 30 32 29 32 25 27 23 27 28 26 35 33 27 26 24 24 26 27 24 23 27 26 26 26 25 26 30 29 31 31 30 30 29 27 24 22 22 21 20 21 22 23 21 20 19 20 20
21 19 25 0 24 20 22 21 14 14 25 18 15 9 22 26 24 19 14 20 22 25 21 28 20 24 6 24 12 19 18 28 18 24 19 15 22 16 19 23 12 8 22 16 25 25 17 20 24 19 16 25 8 27 20 24 16 23 21 23 7 23 23 19 25 24 21 22 20 20 21 23 20 19 20 19 20 20 19 21 24 25 24 21 20 20 19 18 14 13 15 15 16 17 18 19 17 16 15 16 16
3 12 32 24 0 27 5 15 28 28 4 34 13 21 16 9 31 13 20 16 10 32 15 11 13 14 21 31 17 13 34 11 25 16 13 16 10 10 25 30 17 23 9 19 32 32 11 11 31 15 25 32 16 10 16 3 24 15 10 10 22 8 4 12 5 3 9 6 9 8 10 9 11 10 11 15 10 10 12 6 2 3 2 3 14 14 11 12 11 14 15 14 13 12 10 9 11 12 13 13 13
27 19 5 20 27 0 26 27 13 13 28 30 15 19 28 31 4 19 23 26 22 6 26 28 23 29 18 4 18 18 30 28 4 29 19 23 22 21 7 4 18 21 22 24 5 6 22 20 4 19 25 6 17 27 26 27 24 28 21 23 20 22 23 22 31 29 22 22 19 19 21 22 20 19 22 22 22 22 21 21 25 25 26 27 26 26 24 23 20 18 17 17 16 17 18 19 17 15 15 16 16
6 12 30 22 5 26 0 13 26 26 7 32 12 19 14 10 29 12 19 14 9 30 13 14 11 11 19 29 14 12 32 14 23 16 12 14 12 8 24 28 14 21 11 18 30 30 8 9 29 15 22 30 14 13 14 6 22 14 12 8 20 11 3 10 6 6 7 5 8 7 11 11 9 9 9 13 9 8 10 5 4 4 4 6 12 12 9 9 9 11 12 13 12 11 9 8 10 11 12 12 12
13 22 31 21 15 27 13 0 25 25 17 31 17 18 8 17 30 20 13 8 19 32 9 23 16 13 18 30 14 20 31 23 25 7 20 13 23 12 25 30 14 20 22 14 31 32 8 20 30 23 21 32 13 22 8 16 19 6 23 17 19 22 16 15 17 16 15 18 20 19 22 22 20 20 14 17 15 13 16 17 16 16 15 13 8 9 9 9 10 12 13 14 15 16 18 19 19 18 17 18 17
25 22 17 14 28 13 26 25 0 6 29 24 19 13 26 29 16 22 16 23 24 17 25 31 24 27 12 16 16 22 24 31 10 28 22 17 25 20 11 15 16 14 25 18 17 17 20 23 16 22 18 17 12 30 23 28 18 26 24 26 13 26 26 22 29 28 24 25 23 23 24 26 23 22 23 23 23 23 22 24 28 28 27 25 24 24 23 21 18 16 18 18 18 19 21 22 20 19 18 19 19
25 22 17 14 28 13 26 25 6 0 29 24 19 13 26 29 16 22 16 23 24 18 25 31 24 27 12 16 16 22 24 32 11 28 22 17 25 20 11 16 16 13 25 18 17 18 20 23 16 22 18 18 12 31 23 28 18 26 24 26 12 26 26 23 29 28 24 25 23 23 24 26 23 22 23 23 23 23 22 24 28 28 27 25 24 24 23 21 18 16 18 18 19 19 21 22 20 19 18 19 19
5 11 33 25 4 28 7 17 29 29 0 35 14 22 17 8 32 12 22 17 11 33 16 7 14 16 22 32 18 13 35 7 26 18 12 18 8 12 26 31 18 24 8 21 33 33 12 10 32 14 26 33 17 6 17 4 26 17 9 11 23 7 5 13 7 5 10 7 10 9 9 8 10 11 12 16 11 11 13 7 3 4 4 5 16 16 12 13 13 15 16 15 14 13 11 10 12 13 14 14 14
31 28 34 18 34 30 32 31 24 24 35 0 25 19 32 35 34 29 23 30 31 35 30 38 30 33 16 34 22 28 0 38 28 34 29 23 31 26 28 33 22 13 31 24 34 35 26 29 34 29 23 35 18 37 30 34 25 32 30 32 12 32 33 28 35 34 30 31 29 29 31 32 29 29 29 29 29 29 28 31 34 34 33 31 30 30 29 27 24 22 24 24 25 26 27 28 27 25 25 26 25
14 7 20 15 13 15 12 17 19 19 14 25 0 13 18 20 19 4 17 16 7 20 17 15 12 19 13 19 10 4 25 15 13 19 4 13 9 12 14 18 10 15 8 17 20 20 13 5 19 7 19 20 8 14 16 13 19 17 8 9 14 9 9 11 16 14 10 7 5 5 7 9 5 5 12 11 11 11 10 7 11 10 12 14 16 16 15 12 10 8 7 7 5 5 5 5 2 1 1 2 3
18 16 23 9 21 19 19 18 13 13 22 19 13 0 19 23 23 16 13 17 19 24 18 25 17 21 7 23 10 16 19 25 17 21 16 13 19 13 17 22 10 9 19 14 23 24 14 17 23 17 15 24 5 24 17 21 14 20 18 20 8 20 20 16 22 21 18 19 17 17 18 20 17 16 17 16 17 17 16 18 21 22 21 18 17 17 16 15 11 10 12 12 13 14 15 16 14 13 12 13 13
13 22 32 22 16 28 14 8 26 26 17 32 18 19 0 14 31 21 16 9 20 33 2 24 17 6 19 31 15 21 32 24 25 2 21 14 23 12 26 31 15 21 22 16 32 33 8 21 31 24 22 33 14 23 9 16 22 3 23 18 20 22 16 16 17 16 15 18 20 20 23 22 21 20 15 17 16 14 16 18 16 17 15 13 5 5 8 9 10 12 14 15 15 16 18 19 20 18 18 18 17
6 18 35 26 9 31 10 17 29 29 8 35 20 23 14 0 35 19 23 17 17 36 13 13 15 8 23 35 18 20 35 14 29 16 19 19 15 12 29 34 18 25 15 22 35 36 12 17 35 21 27 36 18 14 17 8 26 16 16 17 24 14 11 14 10 9 14 13 16 15 16 15 17 17 13 17 14 12 15 13 9 10 9 6 13 11 10 13 13 16 17 18 19 19 17 16 18 19 20 20 20
30 23 1 24 31 4 29 30 16 16 32 34 19 23 31 35 0 22 26 29 25 2 30 32 26 33 22 0 22 22 34 32 7 33 22 26 26 25 10 1 22 23 26 27 1 2 26 23 0 23 28 2 20 31 29 31 28 32 25 26 22 26 27 25 34 32 26 25 23 23 25 26 23 22 26 26 25 25 24 25 29 28 30 30 29 29 28 27 23 22 21 21 19 20 22 22 20 19 18 19 19
14 4 23 19 13 19 12 20 22 22 12 29 4 16 21 19 22 0 20 19 6 24 20 12 14 22 16 22 14 1 29 12 17 22 0 17 7 15 17 22 14 18 6 20 23 24 16 3 22 7 22 24 11 11 19 13 22 20 6 9 17 6 9 13 16 14 10 8 5 5 5 6 3 4 13 13 12 12 12 7 12 11 13 14 19 19 18 15 13 11 9 9 8 7 6 5 3 4 4 5 6
17 21 27 14 20 23 19 13 16 16 22 23 17 13 16 23 26 20 0 10 20 27 15 28 18 20 12 26 11 20 23 29 20 16 20 9 23 14 21 25 11 14 22 3 27 27 13 19 26 22 12 27 13 28 10 20 10 15 22 21 13 23 20 17 21 20 19 21 18 18 21 22 19 18 18 18 17 18 17 20 20 21 20 17 15 16 15 14 12 12 13 13 13 14 16 17 18 17 17 16 15
14 20 30 20 16 26 14 8 23 23 17 30 16 17 9 17 29 19 10 0 20 30 10 24 16 14 17 29 13 19 30 24 23 10 19 7 23 10 24 28 13 19 22 10 30 30 9 19 29 22 15 30 12 23 0 17 15 9 22 18 18 23 17 15 18 17 16 18 18 19 21 22 19 19 15 16 16 14 16 19 17 18 16 14 9 10 10 10 8 10 12 13 14 15 16 17 18 16 16 16 15
12 6 26 22 10 22 9 19 24 24 11 31 7 19 20 17 25 6 20 20 0 27 19 11 12 19 19 25 15 7 31 11 20 22 6 16 7 13 20 25 15 21 6 21 26 27 15 3 25 9 23 27 14 10 20 10 22 20 7 8 20 6 6 11 13 11 7 5 3 3 5 5 3 3 10 11 9 9 10 4 9 8 10 12 18 18 15 15 14 12 9 9 7 7 5 4 5 7 7 7 8
32 24 1 25 32 6 30 32 17 18 33 35 20 24 33 36 2 24 27 30 27 0 31 33 28 34 23 2 23 23 35 33 8 34 24 27 27 26 11 2 23 24 27 29 1 0 27 24 2 24 29 0 21 32 30 32 29 33 26 28 23 27 28 26 35 33 27 26 24 24 26 27 24 24 27 27 26 26 26 26 30 30 31 32 31 31 29 28 25 23 22 22 21 21 23 24 22 20 20 20 20
13 21 31 21 15 26 13 9 25 25 16 30 17 18 2 13 30 20 15 10 19 31 0 22 15 6 18 30 13 19 30 23 24 4 20 12 22 11 24 29 13 20 21 15 31 31 6 19 30 22 23 31 13 22 10 15 21 5 22 17 19 22 16 15 17 16 15 17 20 19 21 22 19 20 14 17 15 13 16 17 16 16 15 13 4 3 7 7 10 12 14 15 15 16 18 19 19 18 18 18 17
11 10 32 28 11 28 14 23 31 31 7 38 15 25 24 13 32 12 28 24 11 33 22 0 21 21 25 32 22 13 38 2 26 24 12 24 8 16 26 31 22 27 7 27 32 33 18 10 32 14 31 33 20 1 24 11 31 23 8 14 26 7 12 20 14 12 16 14 12 13 9 8 10 11 19 21 18 18 19 14 10 11 11 11 22 22 18 19 18 20 18 18 17 16 14 13 13 15 15 15 16
11 14 27 20 13 23 11 16 24 24 14 30 12 17 17 15 26 14 18 16 12 28 15 21 0 15 17 26 12 14 30 21 21 17 14 15 16 9 21 26 12 19 16 19 27 28 11 12 26 17 20 28 12 20 16 14 20 15 16 10 18 16 10 3 14 14 6 8 10 10 14 15 12 11 2 4 4 3 3 9 13 12 13 11 15 15 11 12 11 9 7 7 8 8 9 9 12 12 11 11 10
11 22 33 24 14 29 11 13 27 27 16 33 19 21 6 8 33 22 20 14 19 34 6 21 15 0 21 33 16 21 33 22 27 8 22 15 21 12 27 32 16 23 20 19 33 34 8 20 33 25 27 34 16 21 14 14 23 8 21 18 22 20 13 14 15 14 14 15 18 17 21 20 20 19 13 17 15 12 15 15 13 14 13 11 6 4 6 9 10 13 14 15 15 16 18 18 20 18 18 18 17
18 16 22 6 21 18 19 18 12 12 22 16 13 7 19 23 22 16 12 17 19 23 18 25 17 21 0 22 10 16 16 25 16 21 16 12 19 13 16 21 10 6 19 13 22 23 14 17 22 17 14 23 5 24 17 21 14 20 18 20 5 20 20 16 22 21 18 19 17 17 18 20 17 16 17 16 17 17 16 18 21 22 21 18 17 17 16 15 11 10 12 12 13 14 15 16 14 13 12 13 13
30 23 1 24 31 4 29 30 16 16 32 34 19 23 31 35 0 22 26 29 25 2 30 32 26 33 22 0 22 22 34 32 7 33 22 26 26 25 10 1 22 23 26 27 1 2 26 23 0 23 28 2 20 31 29 31 28 32 25 26 22 26 27 25 34 32 26 25 23 23 25 26 23 22 26 26 25 25 24 25 29 28 30 30 29 29 28 27 23 22 21 21 19 20 22 22 20 19 18 19 19
14 14 23 12 17 18 14 14 16 16 18 22 10 10 15 18 22 14 11 13 15 23 13 22 12 16 10 22 0 13 22 23 16 16 14 7 17 8 17 21 0 12 17 11 23 23 9 14 22 14 13 23 5 22 13 17 13 15 16 15 11 17 17 11 18 17 13 16 14 14 16 17 14 14 12 11 12 12 11 16 16 17 16 14 13 13 11 10 7 5 8 9 10 11 12 13 12 10 10 11 10
15 5 23 19 13 18 12 20 22 22 13 28 4 16 21 20 22 1 20 19 7 23 19 13 14 21 16 22 13 0 28 13 16 21 1 16 7 14 17 21 13 18 7 20 23 23 15 4 22 7 22 23 11 12 19 13 22 20 6 9 17 7 9 13 17 15 10 8 5 6 6 7 4 4 13 13 12 12 12 7 12 11 13 15 19 19 17 14 13 11 10 9 8 7 6 5 3 3 4 5 6
31 28 34 18 34 30 32 31 24 24 35 0 25 19 32 35 34 29 23 30 31 35 30 38 30 33 16 34 22 28 0 38 28 34 29 23 31 26 28 33 22 13 31 24 34 35 26 29 34 29 23 35 18 37 30 34 25 32 30 32 12 32 33 28 35 34 30 31 29 29 31 32 29 29 29 29 29 29 28 31 34 34 33 31 30 30 29 27 24 22 24 24 25 26 27 28 27 25 25 26 25
12 11 33 28 11 28 14 23 31 32 7 38 15 25 24 14 32 12 29 24 11 33 23 2 21 22 25 32 23 13 38 0 26 25 12 24 8 16 26 31 23 27 8 28 33 33 18 10 32 14 31 33 20 1 24 11 31 24 8 14 26 8 12 20 14 12 17 14 12 13 10 9 10 11 19 21 18 18 20 14 10 11 11 12 22 22 19 19 18 20 18 18 17 16 14 13 13 15 15 15 16
25 17 8 18 25 4 23 25 10 11 26 28 13 17 25 29 7 17 20 23 20 8 24 26 21 27 16 7 16 16 28 26 0 27 17 20 20 19 4 6 16 17 20 22 8 8 20 17 7 17 22 8 14 25 23 25 22 26 19 20 16 20 21 19 28 26 20 19 17 17 19 20 17 17 20 20 19 19 18 19 23 22 24 25 24 23 22 21 18 16 15 15 13 14 16 16 15 13 13 13 13
13 23 34 24 16 29 16 7 28 28 18 34 19 21 2 16 33 22 16 10 22 34 4 24 17 8 21 33 16 21 34 25 27 0 22 15 23 12 27 32 16 23 22 16 34 34 8 21 33 25 23 34 16 24 10 16 21 3 23 19 22 22 16 16 17 16 15 18 20 20 23 22 21 20 15 17 16 14 17 18 16 17 16 13 6 7 9 9 10 13 14 15 15 16 18 19 20 18 18 18 17
14 4 23 19 13 19 12 20 22 22 12 29 4 16 21 19 22 0 20 19 6 24 20 12 14 22 16 22 14 1 29 12 17 22 0 17 7 15 17 22 14 18 6 20 23 24 16 3 22 7 22 24 11 11 19 13 22 20 6 9 17 6 9 13 16 14 10 8 5 5 5 6 3 4 13 13 12 12 12 7 12 11 13 14 19 19 18 15 13 11 9 9 8 7 6 5 3 4 4 5 6
13 17 27 15 16 23 14 13 17 17 18 23 13 13 14 19 26 17 9 7 16 27 12 24 15 15 12 26 7 16 23 24 20 15 17 0 19 9 21 25 7 14 19 8 27 27 8 15 26 19 12 27 10 23 7 16 12 13 19 17 13 19 16 13 17 16 14 17 14 14 17 18 15 14 13 13 13 13 13 16 15 16 15 13 12 12 10 9 7 6 9 9 9 10 12 13 14 13 13 12 11
10 4 26 22 10 22 12 23 25 25 8 31 9 19 23 15 26 7 23 23 7 27 22 8 16 21 19 26 17 7 31 8 20 23 7 19 0 17 21 25 17 22 1 23 26 27 18 5 26 7 25 27 15 7 23 9 25 22 1 11 21 2 11 15 13 11 12 10 6 7 3 3 5 5 15 15 14 14 14 9 9 10 9 10 22 22 18 19 17 15 12 12 11 10 8 7 7 9 9 9 10
7 16 26 16 10 21 8 12 20 20 12 26 12 13 12 12 25 15 14 10 13 26 11 16 9 12 13 25 8 14 26 16 19 12 15 9 17 0 20 24 8 15 16 13 26 26 7 13 25 18 16 26 8 17 10 10 16 11 17 11 14 16 10 8 11 10 7 10 13 12 15 16 13 13 7 10 8 6 9 10 10 11 10 7 11 10 8 6 2 4 7 8 8 9 11 12 13 11 11 11 10
25 18 11 19 25 7 24 25 11 11 26 28 14 17 26 29 10 17 21 24 20 11 24 26 21 27 16 10 17 17 28 26 4 27 17 21 21 20 0 9 17 18 21 22 11 11 20 18 10 18 23 11 15 25 24 25 23 26 20 21 17 20 21 20 29 27 21 20 17 17 19 21 18 17 20 20 20 20 19 19 24 23 25 25 24 24 23 21 18 16 16 15 14 15 16 17 15 14 13 14 14
30 22 2 23 30 4 28 30 15 16 31 33 18 22 31 34 1 22 25 28 25 2 29 31 26 32 21 1 21 21 33 31 6 32 22 25 25 24 9 0 21 22 25 27 2 2 25 22 1 22 27 2 19 30 28 30 27 31 24 26 21 25 26 24 33 31 25 24 22 22 24 25 22 22 25 25 24 24 24 24 28 28 29 30 29 29 27 26 23 21 20 20 19 19 21 22 20 18 18 18 18
14 14 23 12 17 18 14 14 16 16 18 22 10 10 15 18 22 14 11 13 15 23 13 22 12 16 10 22 0 13 22 23 16 16 14 7 17 8 17 21 0 12 17 11 23 23 9 14 22 14 13 23 5 22 13 17 13 15 16 15 11 17 17 11 18 17 13 16 14 14 16 17 14 14 12 11 12 12 11 16 16 17 16 14 13 13 11 10 7 5 8 9 10 11 12 13 12 10 10 11 10
20 19 24 8 23 21 21 20 14 13 24 13 15 9 21 25 23 18 14 19 21 24 20 27 19 23 6 23 12 18 13 27 17 23 18 14 22 15 18 22 12 0 22 15 24 24 16 19 23 19 16 24 7 26 19 23 16 22 21 22 1 22 22 18 24 23 20 21 19 19 20 22 19 18 19 18 19 19 18 20 23 24 23 20 19 19 18 17 13 12 14 14 15 16 17 18 16 15 14 15 15
9 3 26 22 9 22 11 22 25 25 8 31 8 19 22 15 26 6 22 22 6 27 21 7 16 20 19 26 17 7 31 8 20 22 6 19 1 16 21 25 17 22 0 23 26 27 17 4 26 7 24 27 15 7 22 8 24 21 1 10 21 2 10 15 12 10 11 9 6 6 3 2 4 5 14 15 13 13 14 8 8 9 8 9 21 21 18 18 16 14 12 12 10 9 8 7 6 8 8 8 9
16 21 28 16 19 24 18 14 18 18 21 24 17 14 16 22 27 20 3 10 21 29 15 27 19 19 13 27 11 20 24 28 22 16 20 8 23 13 22 27 11 15 23 0 28 29 11 19 27 23 13 29 13 27 10 19 11 14 23 21 14 23 19 16 20 19 18 21 18 19 21 23 19 19 17 16 17 16 16 20 19 19 18 16 15 15 14 12 11 12 13 13 14 15 16 17 18 17 16 16 15
31 23 0 25 32 5 30 31 17 17 33 34 20 23 32 35 1 23 27 30 26 1 31 32 27 33 22 1 23 23 34 33 8 34 23 27 26 26 11 2 23 24 26 28 0 1 27 24 1 24 29 1 21 32 30 32 29 32 25 27 23 27 28 26 35 33 27 26 24 24 26 27 24 23 27 26 26 26 25 26 30 29 31 31 30 30 29 27 24 22 22 21 20 21 22 23 21 20 19 20 20
32 24 1 25 32 6 30 32 17 18 33 35 20 24 33 36 2 24 27 30 27 0 31 33 28 34 23 2 23 23 35 33 8 34 24 27 27 26 11 2 23 24 27 29 1 0 27 24 2 24 29 0 21 32 30 32 29 33 26 28 23 27 28 26 35 33 27 26 24 24 26 27 24 24 27 27 26 26 26 26 30 30 31 32 31 31 29 28 25 23 22 22 21 21 23 24 22 20 20 20 20
8 17 27 17 11 22 8 8 20 20 12 26 13 14 8 12 26 16 13 9 15 27 6 18 11 8 14 26 9 15 26 18 20 8 16 8 18 7 20 25 9 16 17 11 27 27 0 15 26 18 20 27 9 17 9 11 18 7 18 13 15 17 10 10 11 11 9 12 14 14 17 17 15 14 9 11 10 8 11 12 10 11 10 8 5 5 4 1 5 7 8 9 10 11 12 13 14 12 12 12 11
11 3 24 20 11 20 9 20 23 23 10 29 5 17 21 17 23 3 19 19 3 24 19 10 12 20 17 23 14 4 29 10 17 21 3 15 5 13 18 22 14 19 4 19 24 24 15 0 23 6 21 24 12 9 19 10 21 19 4 7 18 4 7 11 14 12 8 5 2 3 2 4 0 1 11 11 9 10 10 5 10 9 10 11 19 19 16 15 13 11 8 8 7 6 4 3 3 5 5 5 6
30 23 1 24 31 4 29 30 16 16 32 34 19 23 31 35 0 22 26 29 25 2 30 32 26 33 22 0 22 22 34 32 7 33 22 26 26 25 10 1 22 23 26 27 1 2 26 23 0 23 28 2 20 31 29 31 28 32 25 26 22 26 27 25 34 32 26 25 23 23 25 26 23 22 26 26 25 25 24 25 29 28 30 30 29 29 28 27 23 22 21 21 19 20 22 22 20 19 18 19 19
16 4 24 19 15 19 15 23 22 22 14 29 7 17 24 21 23 7 22 22 9 24 22 14 17 25 17 23 14 7 29 14 17 25 7 19 7 18 18 22 14 19 7 23 24 24 18 6 23 0 24 24 13 13 22 15 24 23 6 12 18 8 12 16 18 16 13 11 7 8 7 8 6 6 16 16 15 15 15 10 15 14 15 16 22 22 21 18 16 14 13 13 11 11 9 8 7 7 7 8 9
23 23 29 16 25 25 22 21 18 18 26 23 19 15 22 27 28 22 12 15 23 29 23 31 20 27 14 28 13 22 23 31 22 23 22 12 25 16 23 27 13 16 24 13 29 29 20 21 28 24 0 29 15 30 15 25 11 20 24 23 15 25 25 21 27 26 23 25 22 22 23 25 21 22 22 22 21 22 21 24 26 26 26 23 23 23 22 21 18 16 17 17 17 18 20 21 21 20 20 20 19
32 24 1 25 32 6 30 32 17 18 33 35 20 24 33 36 2 24 27 30 27 0 31 33 28 34 23 2 23 23 35 33 8 34 24 27 27 26 11 2 23 24 27 29 1 0 27 24 2 24 29 0 21 32 30 32 29 33 26 28 23 27 28 26 35 33 27 26 24 24 26 27 24 24 27 27 26 26 26 26 30 30 31 32 31 31 29 28 25 23 22 22 21 21 23 24 22 20 20 20 20
13 12 21 8 16 17 14 13 12 12 17 18 8 5 14 18 20 11 13 12 14 21 13 20 12 16 5 20 5 11 18 20 14 16 11 10 15 8 15 19 5 7 15 13 21 21 9 12 20 13 15 21 0 19 12 16 15 15 14 15 6 15 15 11 17 16 13 14 12 12 13 15 12 11 12 11 12 12 11 13 16 17 16 13 12 12 11 10 6 5 7 7 8 9 10 11 9 8 7 8 8
11 10 32 27 10 27 13 22 30 31 6 37 14 24 23 14 31 11 28 23 10 32 22 1 20 21 24 31 22 12 37 1 25 24 11 23 7 17 25 30 22 26 7 27 32 32 17 9 31 13 30 32 19 0 23 10 30 23 7 15 25 7 11 19 13 11 16 13 11 12 9 8 9 10 18 20 17 17 19 13 9 10 10 11 21 21 18 18 18 20 17 17 16 15 13 12 12 14 14 14 15
14 20 30 20 16 26 14 8 23 23 17 30 16 17 9 17 29 19 10 0 20 30 10 24 16 14 17 29 13 19 30 24 23 10 19 7 23 10 24 28 13 19 22 10 30 30 9 19 29 22 15 30 12 23 0 17 15 9 22 18 18 23 17 15 18 17 16 18 18 19 21 22 19 19 15 16 16 14 16 19 17 18 16 14 9 10 10 10 8 10 12 13 14 15 16 17 18 16 16 16 15
3 11 32 24 3 27 6 16 28 28 4 34 13 21 16 8 31 13 20 17 10 32 15 11 14 14 21 31 17 13 34 11 25 16 13 16 9 10 25 30 17 23 8 19 32 32 11 10 31 15 25 32 16 10 17 0 25 15 9 11 22 8 4 13 6 4 9 6 9 8 10 9 10 10 12 15 10 11 12 6 2 3 2 3 15 15 11 12 12 14 15 14 13 12 10 9 11 12 13 13 13
23 23 29 16 24 24 22 19 18 18 26 25 19 14 22 26 28 22 10 15 22 29 21 31 20 23 14 28 13 22 25 31 22 21 22 12 25 16 23 27 13 16 24 11 29 29 18 21 28 24 11 29 15 30 15 25 0 20 24 22 15 25 24 20 27 26 21 23 20 20 23 24 21 20 20 20 20 20 19 22 25 25 25 23 21 22 20 19 16 14 15 15 15 16 18 19 20 20 19 18 17
12 22 32 23 15 28 14 6 26 26 17 32 17 20 3 16 32 20 15 9 20 33 5 23 15 8 20 32 15 20 32 24 26 3 20 13 22 11 26 31 15 22 21 14 32 33 7 19 32 23 20 33 15 23 9 15 20 0 22 17 21 21 15 14 16 15 13 16 18 18 21 21 19 19 13 16 14 12 15 16 14 15 14 12 4 5 7 7 9 11 12 13 14 15 16 17 18 17 16 16 15
10 3 25 21 10 21 12 23 24 24 9 30 8 18 23 16 25 6 22 22 7 26 22 8 16 21 18 25 16 6 30 8 19 23 6 19 1 17 20 24 16 21 1 23 25 26 18 4 25 6 24 26 14 7 22 9 24 22 0 10 20 3 10 15 13 11 11 9 6 6 3 3 4 5 14 15 13 13 14 8 9 10 9 10 22 22 19 19 16 14 12 12 10 9 8 7 6 8 8 8 9
12 9 27 23 10 23 8 17 26 26 11 32 9 20 18 17 26 9 21 18 8 28 17 14 10 18 20 26 15 9 32 14 20 19 9 17 11 11 21 26 15 22 10 21 27 28 13 7 26 12 23 28 15 15 18 11 22 17 10 0 21 10 7 8 13 11 4 5 5 6 9 9 7 6 8 9 6 7 7 5 9 8 10 12 16 16 13 14 13 12 9 9 8 7 5 4 7 8 8 8 9
19 18 23 7 22 20 20 19 13 12 23 12 14 8 20 24 22 17 13 18 20 23 19 26 18 22 5 22 11 17 12 26 16 22 17 13 21 14 17 21 11 1 21 14 23 23 15 18 22 18 15 23 6 25 18 22 15 21 20 21 0 21 21 17 23 22 19 20 18 18 19 21 18 17 18 17 18 18 17 19 22 23 22 19 18 18 17 16 12 11 13 13 14 15 16 17 15 14 13 14 14
9 5 27 23 8 22 11 22 26 26 7 32 9 20 22 14 26 6 23 23 6 27 22 7 16 20 20 26 17 7 32 8 20 22 6 19 2 16 20 25 17 22 2 23 27 27 17 4 26 8 25 27 15 7 23 8 25 21 3 10 21 0 9 15 11 9 11 9 6 7 3 2 4 5 15 15 13 14 14 9 7 8 8 9 20 20 17 18 17 15 12 12 11 10 8 7 7 9 9 9 10
7 9 28 23 4 23 3 16 26 26 5 33 9 20 16 11 27 9 20 17 6 28 16 12 10 13 20 27 17 9 33 12 21 16 9 16 11 10 21 26 17 22 10 19 28 28 10 7 27 12 25 28 15 11 17 4 24 15 10 7 21 9 0 9 8 6 5 2 5 4 9 9 7 6 8 11 6 7 8 2 3 2 4 7 14 14 11 11 11 13 11 10 9 8 6 5 7 9 9 9 10
10 13 26 19 12 22 10 15 22 23 13 28 11 16 16 14 25 13 17 15 11 26 15 20 3 14 16 25 11 13 28 20 19 16 13 13 15 8 20 24 11 18 15 16 26 26 10 11 25 16 21 26 11 19 15 13 20 14 15 8 17 15 9 0 13 13 5 7 9 9 13 14 11 10 1 3 3 2 2 8 12 11 12 10 14 14 10 11 10 8 6 6 7 7 8 8 11 11 10 10 9
4 15 35 25 5 31 6 17 29 29 7 35 16 22 17 10 34 16 21 18 13 35 17 14 14 15 22 34 18 17 35 14 28 17 16 17 13 11 29 33 18 24 12 20 35 35 11 14 34 18 27 35 17 13 18 6 27 16 13 13 23 11 8 13 0 2 13 10 13 12 14 13 14 14 12 16 13 11 14 10 6 7 6 4 15 15 12 12 12 15 16 17 17 16 14 13 15 16 17 17 17
3 13 33 24 3 29 6 16 28 28 5 34 14 21 16 9 32 14 20 17 11 33 16 12 14 14 21 32 17 15 34 12 26 16 14 16 11 10 27 31 17 23 10 19 33 33 11 12 32 16 26 33 16 11 17 4 26 15 11 11 22 9 6 13 2 0 11 8 11 10 12 11 12 12 12 15 12 11 13 8 4 5 5 3 15 15 12 12 12 14 15 16 15 14 12 11 13 14 15 15 15
9 10 27 21 9 22 7 15 24 24 10 30 10 18 15 14 26 10 19 16 7 27 15 16 6 14 18 26 13 10 30 17 20 15 10 14 12 7 21 25 13 20 11 18 27 27 9 8 26 13 23 27 13 16 16 9 21 13 11 4 19 11 5 5 13 11 0 4 7 6 10 9 8 8 5 6 2 4 3 4 8 7 9 9 13 13 10 10 9 10 7 7 7 6 7 7 9 11 10 9 9
9 8 26 22 6 22 5 18 25 25 7 31 7 19 18 13 25 8 21 18 5 26 17 14 8 15 19 25 16 8 31 14 19 18 8 17 10 10 20 24 16 21 9 21 26 26 12 5 25 11 25 26 14 13 18 6 23 16 9 5 20 9 2 7 10 8 4 0 6 5 7 9 5 6 6 9 4 5 6 3 5 4 6 9 14 14 11 11 10 12 9 9 8 7 7 6 8 8 8 9 10
11 4 24 20 9 19 8 20 23 23 10 29 5 17 20 16 23 5 18 18 3 24 20 12 10 18 17 23 14 5 29 12 17 20 5 14 6 13 17 22 14 19 6 18 24 24 14 2 23 7 22 24 12 11 18 9 20 18 6 5 18 6 5 9 13 11 7 6 0 1 4 6 2 2 9 9 8 8 8 3 8 7 9 11 17 17 14 13 12 10 7 6 5 4 2 1 3 4 5 4 5
10 5 24 20 8 19 7 19 23 23 9 29 5 17 20 15 23 5 18 19 3 24 19 13 10 17 17 23 14 6 29 13 17 20 5 14 7 12 17 22 14 19 6 19 24 24 14 3 23 8 22 24 12 12 19 8 20 18 6 6 18 7 4 9 12 10 6 5 1 0 5 6 3 3 8 9 7 7 8 2 7 6 8 10 16 16 13 13 12 10 7 7 5 5 3 2 4 5 6 5 6
10 4 26 21 10 21 11 22 24 24 9 31 7 18 23 16 25 5 21 21 5 26 21 9 14 21 18 25 16 6 31 10 19 23 5 17 3 15 19 24 16 20 3 21 26 26 17 2 25 7 23 26 13 9 21 10 23 21 3 9 19 3 9 13 14 12 10 7 4 5 0 2 2 3 12 13 11 11 11 7 9 9 9 10 21 21 17 17 15 13 10 10 9 8 6 5 5 7 7 7 8
9 5 27 23 9 22 11 22 26 26 8 32 9 20 22 15 26 6 22 22 5 27 22 8 15 20 20 26 17 7 32 9 20 22 6 18 3 16 21 25 17 22 2 23 27 27 17 4 26 8 25 27 15 8 22 9 24 21 3 9 21 2 9 14 13 11 9 9 6 6 2 0 4 4 14 14 11 13 12 8 7 8 7 9 20 20 17 18 16 14 12 11 10 9 7 6 7 8 8 8 9
11 3 24 20 11 20 9 20 23 23 10 29 5 17 21 17 23 3 19 19 3 24 19 10 12 20 17 23 14 4 29 10 17 21 3 15 5 13 18 22 14 19 4 19 24 24 15 0 23 6 21 24 12 9 19 10 21 19 4 7 18 4 7 11 14 12 8 5 2 3 2 4 0 1 11 11 9 10 10 5 10 9 10 11 19 19 16 15 13 11 8 8 7 6 4 3 3 5 5 5 6
12 3 23 19 10 19 9 20 22 22 11 29 5 16 20 17 22 4 18 19 3 24 20 11 11 19 16 22 14 4 29 11 17 20 4 14 5 13 17 22 14 18 5 19 23 24 14 1 22 6 22 24 11 10 19 10 20 19 5 6 17 5 6 10 14 12 8 6 2 3 3 4 1 0 10 10 9 9 9 4 9 8 10 12 18 18 15 14 13 11 8 7 6 5 3 2 3 5 5 5 6
9 13 27 20 11 22 9 14 23 23 12 29 12 17 15 13 26 13 18 15 10 27 14 19 2 13 17 26 12 13 29 19 20 15 13 13 15 7 20 25 12 19 14 17 27 27 9 11 26 16 22 27 12 18 15 12 20 13 14 8 18 15 8 1 12 12 5 6 9 8 12 14 11 10 0 4 4 1 3 7 11 10 11 9 13 13 9 10 9 9 7 6 8 7 9 9 11 12 11 10 9
12 13 26 19 15 22 13 17 23 23 16 29 11 16 17 17 26 13 18 16 11 27 17 21 4 17 16 26 11 13 29 21 20 17 13 13 15 10 20 25 11 18 15 16 26 27 11 11 26 16 22 27 11 20 16 15 20 16 15 9 17 15 11 3 16 15 6 9 9 9 13 14 11 10 4 0 5 5 4 10 14 13 14 12 16 16 12 12 10 8 6 6 7 7 8 8 11 11 11 10 9
10 12 26 20 10 22 9 15 23 23 11 29 11 17 16 14 25 12 17 16 9 26 15 18 4 15 17 25 12 12 29 18 19 16 12 13 14 8 20 24 12 19 13 17 26 26 10 9 25 15 21 26 12 17 16 10 20 14 13 6 18 13 6 3 13 12 2 4 8 7 11 11 9 9 4 5 0 3 2 6 9 8 10 10 14 14 11 11 10 9 6 6 7 6 8 8 10 11 10 9 9
8 12 26 20 10 22 8 13 23 23 11 29 11 17 14 12 25 12 18 14 9 26 13 18 3 12 17 25 12 12 29 18 19 14 12 13 14 6 20 24 12 19 13 16 26 26 8 10 25 15 22 26 12 17 14 11 20 12 13 7 18 14 7 2 11 11 4 5 8 7 11 13 10 9 1 5 3 0 4 6 10 9 10 8 12 12 8 9 8 10 8 7 8 8 9 9 11 12 12 11 10
10 12 25 19 12 21 10 16 22 22 13 28 10 16 16 15 24 12 17 16 10 26 16 19 3 15 16 24 11 12 28 20 18 17 12 13 14 9 19 24 11 18 14 16 25 26 11 10 24 15 21 26 11 19 16 12 19 15 14 7 17 14 8 2 14 13 3 6 8 8 11 12 10 9 3 4 2 4 0 6 10 9 11 10 13 13 10 10 10 8 5 5 6 6 7 7 9 10 9 9 8
9 7 26 21 6 21 5 17 24 24 7 31 7 18 18 13 25 7 20 19 4 26 17 14 9 15 18 25 16 7 31 14 19 18 7 16 9 10 19 24 16 20 8 20 26 26 12 5 25 10 24 26 13 13 19 6 22 16 8 5 19 9 2 8 10 8 4 3 3 2 7 8 5 4 7 10 6 6 6 0 5 4 6 9 14 14 11 11 11 12 9 9 7 7 5 4 6 7 8 7 8
4 11 30 24 2 25 4 16 28 28 3 34 11 21 16 9 29 12 20 17 9 30 16 10 13 13 21 29 16 12 34 10 23 16 12 15 9 10 24 28 16 23 8 19 30 30 10 10 29 15 26 30 16 9 17 2 25 14 9 9 22 7 3 12 6 4 8 5 8 7 9 7 10 9 11 14 9 10 10 5 0 1 1 4 14 14 11 11 11 14 13 12 11 10 8 7 9 10 11 11 11
5 11 29 25 3 25 4 16 28 28 4 34 10 22 17 10 28 11 21 18 8 30 16 11 12 14 22 28 17 11 34 11 22 17 11 16 10 11 23 28 17 24 9 19 29 30 11 9 28 14 26 30 17 10 18 3 25 15 10 8 23 8 2 11 7 5 7 4 7 6 9 8 9 8 10 13 8 9 9 4 1 0 2 5 15 15 11 12 12 14 12 11 10 9 7 6 8 10 10 10 11
3 11 31 24 2 26 4 15 27 27 4 33 12 21 15 9 30 13 20 16 10 31 15 11 13 13 21 30 16 13 33 11 24 16 13 15 9 10 25 29 16 23 8 18 31 31 10 10 30 15 26 31 16 10 16 2 25 14 9 10 22 8 4 12 6 5 9 6 9 8 9 7 10 10 11 14 10 10 11 6 1 2 0 3 14 14 11 11 11 13 14 13 12 11 9 8 10 11 12 12 12
0 12 31 21 3 27 6 13 25 25 5 31 14 18 13 6 30 14 17 14 12 32 13 11 11 11 18 30 14 15 31 12 25 13 14 13 10 7 25 30 14 20 9 16 31 32 8 11 30 16 23 32 13 11 14 3 23 12 10 12 19 9 7 10 4 3 9 9 11 10 10 9 11 12 9 12 10 8 10 9 4 5 3 0 12 12 9 9 9 11 12 13 14 13 12 11 12 14 14 14 15
12 21 30 20 14 26 12 8 24 24 16 30 16 17 5 13 29 19 15 9 18 31 4 22 15 6 17 29 13 19 30 22 24 6 19 12 22 11 24 29 13 19 21 15 30 31 5 19 29 22 23 31 12 21 9 15 21 4 22 16 18 20 14 14 15 15 13 14 17 16 21 20 19 18 13 16 14 12 13 14 14 15 14 12 0 4 8 6 10 12 13 14 15 16 17 18 18 17 17 17 16
12 21 30 20 14 26 12 9 24 24 16 30 16 17 5 11 29 19 16 10 18 31 3 22 15 4 17 29 13 19 30 22 23 7 19 12 22 10 24 29 13 19 21 15 30 31 5 19 29 22 23 31 12 21 10 15 22 5 22 16 18 20 14 14 15 15 13 14 17 16 21 20 19 18 13 16 14 12 13 14 14 15 14 12 4 0 5 5 8 10 11 12 13 14 15 16 17 16 15 15 14
9 18 29 19 11 24 9 9 23 23 12 29 15 16 8 10 28 18 15 10 15 29 7 18 11 6 16 28 11 17 29 19 22 9 18 10 18 8 23 27 11 18 18 14 29 29 4 16 28 21 22 29 11 18 10 11 20 7 19 13 17 17 11 10 12 12 10 11 14 13 17 17 16 15 9 12 11 8 10 11 11 11 11 9 8 5 0 5 6 9 10 11 11 12 14 15 16 14 14 14 13
9 17 27 18 12 23 9 9 21 21 13 27 12 15 9 13 27 15 14 10 15 28 7 19 12 9 15 27 10 14 27 19 21 9 15 9 19 6 21 26 10 17 18 12 27 28 1 15 27 18 21 28 10 18 10 12 19 7 19 14 16 18 11 11 12 12 10 11 13 13 17 18 15 14 10 12 11 9 10 11 11 12 11 9 6 5 5 0 4 6 7 8 9 10 11 12 13 11 11 11 10
9 15 24 14 11 20 9 10 18 18 13 24 10 11 10 13 23 13 12 8 14 25 10 18 11 10 11 23 7 13 24 18 18 10 13 7 17 2 18 23 7 13 16 11 24 25 5 13 23 16 18 25 6 18 8 12 16 9 16 13 12 17 11 10 12 12 9 10 12 12 15 16 13 13 9 10 10 8 10 11 11 12 11 9 10 8 6 4 0 3 6 7 8 9 10 11 12 10 10 10 9
11 13 22 13 14 18 11 12 16 16 15 22 8 10 12 16 22 11 12 10 12 23 12 20 9 13 10 22 5 11 22 20 16 13 11 6 15 4 16 21 5 12 14 12 22 23 7 11 22 14 16 23 5 20 10 14 14 11 14 12 11 15 13 8 15 14 10 12 10 10 13 14 11 11 9 8 9 10 8 12 14 14 13 11 12 10 9 6 3 0 3 4 5 6 8 9 9 8 7 8 7
12 10 22 15 15 17 12 13 18 18 16 24 7 12 14 17 21 9 13 12 9 22 14 18 7 14 12 21 8 10 24 18 15 14 9 9 12 7 16 20 8 14 12 13 22 22 8 8 21 13 17 22 7 17 12 15 15 12 12 9 13 12 11 6 16 15 7 9 7 7 10 12 8 8 7 6 6 8 5 9 13 12 14 12 13 11 10 7 6 3 0 1 2 3 5 6 7 7 6 5 4
13 10 21 15 14 17 13 14 18 18 15 24 7 12 15 18 21 9 13 13 9 22 15 18 7 15 12 21 9 9 24 18 15 15 9 9 12 8 15 20 9 14 12 13 21 22 9 8 21 13 17 22 7 17 13 14 15 13 12 9 13 12 10 6 17 16 7 9 6 7 10 11 8 7 6 6 6 7 5 9 12 11 13 13 14 12 11 8 7 4 1 0 2 3 4 5 7 7 6 5 4
14 9 20 16 13 16 12 15 18 19 14 25 5 13 15 19 19 8 13 14 7 21 15 17 8 15 13 19 10 8 25 17 13 15 8 9 11 8 14 19 10 15 10 14 20 21 10 7 19 11 17 21 8 16 14 13 15 14 10 8 14 11 9 7 17 15 7 8 5 5 9 10 7 6 8 7 7 8 6 7 11 10 12 14 15 13 11 9 8 5 2 2 0 1 3 4 5 5 4 3 2
13 8 21 17 12 17 11 16 19 19 13 26 5 14 16 19 20 7 14 15 7 21 16 16 8 16 14 20 11 7 26 16 14 16 7 10 10 9 15 19 11 16 9 15 21 21 11 6 20 11 18 21 9 15 15 12 16 15 9 7 15 10 8 7 16 14 6 7 4 5 8 9 6 5 7 7 6 8 6 7 10 9 11 13 16 14 12 10 9 6 3 3 1 0 2 3 4 5 4 3 3
12 6 22 18 10 18 9 18 21 21 11 27 5 15 18 17 22 6 16 16 5 23 18 14 9 18 15 22 12 6 27 14 16 18 6 12 8 11 16 21 12 17 8 16 22 23 12 4 22 9 20 23 10 13 16 10 18 16 8 5 16 8 6 8 14 12 7 7 2 3 6 7 4 3 9 8 8 9 7 5 8 7 9 12 17 15 14 11 10 8 5 4 3 2 0 1 4 5 4 4 4
11 5 23 19 9 19 8 19 22 22 10 28 5 16 19 16 22 5 17 17 4 24 19 13 9 18 16 22 13 5 28 13 16 19 5 13 7 12 17 22 13 18 7 17 23 24 13 3 22 8 21 24 11 12 17 9 19 17 7 4 17 7 5 8 13 11 7 6 1 2 5 6 3 2 9 8 8 9 7 4 7 6 8 11 18 16 15 12 11 9 6 5 4 3 1 0 3 4 4 4 5
12 5 21 17 11 17 10 19 20 20 12 27 2 14 20 18 20 3 18 18 5 22 19 13 12 20 14 20 12 3 27 13 15 20 3 14 7 13 15 20 12 16 6 18 21 22 14 3 20 7 21 22 9 12 18 11 20 18 6 7 15 7 7 11 15 13 9 8 3 4 5 7 3 3 11 11 10 11 9 6 9 8 10 12 18 17 16 13 12 9 7 7 5 4 4 3 0 2 2 3 4
14 6 20 16 12 15 11 18 19 19 13 25 1 13 18 19 19 4 17 16 7 20 18 15 12 18 13 19 10 3 25 15 13 18 4 13 9 11 14 18 10 15 8 17 20 20 12 5 19 7 20 20 8 14 16 12 20 17 8 8 14 9 9 11 16 14 11 8 4 5 7 8 5 5 12 11 11 12 10 7 10 10 11 14 17 16 14 11 10 8 7 7 5 5 5 4 2 0 1 2 3
14 6 19 15 13 15 12 17 18 18 14 25 1 12 18 20 18 4 17 16 7 20 18 15 11 18 12 18 10 4 25 15 13 18 4 13 9 11 13 18 10 14 8 16 19 20 12 5 18 7 20 20 7 14 16 13 19 16 8 8 13 9 9 10 17 15 10 8 5 6 7 8 5 5 11 11 10 12 9 8 11 10 12 14 17 15 14 11 10 7 6 6 4 4 4 4 2 1 0 1 2
14 7 20 16 13 16 12 18 19 19 14 26 2 13 18 20 19 5 16 16 7 20 18 15 11 18 13 19 11 5 26 15 13 18 5 12 9 11 14 18 11 15 8 16 20 20 12 5 19 8 20 20 8 14 16 13 18 16 8 8 14 9 9 10 17 15 9 9 4 5 7 8 5 5 10 10 9 11 9 7 11 10 12 14 17 15 14 11 10 8 5 5 3 3 4 4 3 2 1 0 1
15 8 20 16 13 16 12 17 19 19 14 25 3 13 17 20 19 6 15 15 8 20 17 16 10 17 13 19 10 6 25 16 13 17 6 11 10 10 14 18 10 15 9 15 20 20 11 6 19 9 19 20 8 15 15 13 17 15 9 9 14 10 10 9 17 15 9 10 5 6 8 9 6 6 9 9 9 10 8 8 11 11 12 15 16 14 13 10 9 7 4 4 2 3 4 5 4 3 2 1 0