30 30 40 6 240
1 35 62 2 70 85 34 2 1
3 133 166 4 186 201 52 1 1
5 34 49 6 58 85 36 1 1
7 118 149 8 166 181 48 2 1
9 87 102 10 107 132 30 1 1
11 124 139 12 144 169 30 3 1
13 41 66 14 71 86 30 1 1
15 34 60 16 66 81 31 1 1
17 152 178 18 185 200 33 1 1
19 95 123 20 133 148 37 1 1
21 158 173 22 180 206 33 1 1
23 35 60 24 65 80 30 1 1
25 83 111 26 122 137 39 1 1
27 33 48 28 55 81 33 1 1
29 77 103 30 109 124 31 1 1
31 41 56 32 65 92 36 3 1
33 168 183 34 188 213 30 2 1
35 170 185 36 192 218 33 3 1
37 38 53 38 70 101 48 2 1
39 87 102 40 114 142 40 1 1
41 63 78 42 87 114 36 1 1
43 96 124 44 134 149 37 1 1
45 61 76 46 81 106 30 1 1
47 166 181 48 189 215 34 1 1
49 100 128 50 139 154 39 1 1
51 175 200 52 205 220 30 3 1
53 114 140 54 146 161 31 1 1
55 23 38 56 47 74 36 2 1
57 123 149 58 156 171 33 1 1
59 34 63 60 75 90 40 1 1
