30 30 40 6 240
1 39 54 2 69 99 45 3 1
3 29 55 4 61 76 31 1 1
5 181 206 6 211 226 30 1 1
7 153 168 8 174 199 31 1 1
9 143 158 10 163 188 30 1 1
11 89 104 12 109 134 30 1 1
13 103 118 14 125 151 33 2 1
15 58 73 16 82 109 36 1 1
17 74 89 18 95 120 31 1 1
19 81 107 20 114 129 33 2 1
21 29 44 22 49 74 30 1 1
23 73 88 24 95 121 33 1 1
25 48 74 26 81 96 33 2 1
27 24 49 28 54 69 30 1 1
29 79 105 30 112 127 33 1 1
31 67 96 32 109 124 42 1 1
33 118 149 34 165 180 46 1 1
35 103 118 36 128 155 37 1 1
37 118 146 38 157 172 39 2 1
39 94 124 40 139 154 45 1 1
41 37 52 42 62 89 37 1 1
43 168 183 44 198 228 45 2 1
45 68 83 46 88 113 30 1 1
47 38 53 48 59 84 31 1 1
49 162 188 50 194 209 31 1 1
51 167 193 52 200 215 33 1 1
53 56 71 54 78 104 33 1 1
55 170 195 56 200 215 30 1 1
57 43 68 58 73 88 30 1 1
59 33 58 60 63 78 30 1 1
