30 30 40 6 240
1 133 160 2 169 184 36 3 1
3 94 109 4 119 146 37 1 1
5 118 146 6 157 172 39 1 1
7 67 82 8 92 119 37 2 1
9 107 137 10 151 166 43 3 1
11 146 174 12 184 199 37 1 1
13 180 205 14 210 225 30 1 1
15 8 41 16 61 76 52 3 1
17 112 137 18 142 157 30 1 1
19 155 180 20 185 200 30 1 1
21 117 132 22 149 180 48 1 1
23 91 106 24 112 137 31 2 1
25 137 152 26 158 183 31 1 1
27 141 156 28 163 189 33 2 1
29 99 114 30 128 157 43 1 1
31 127 155 32 166 181 39 1 1
33 64 79 34 87 113 34 1 1
35 86 101 36 106 131 30 1 1
37 77 102 38 107 122 30 1 1
39 160 175 40 181 206 31 2 1
41 47 62 42 69 95 33 1 1
43 138 153 44 166 195 42 3 1
45 93 122 46 135 150 42 1 1
47 51 78 48 87 102 36 1 1
49 29 56 50 65 80 36 1 1
51 73 99 52 106 121 33 2 1
53 85 112 54 120 135 34 2 1
55 136 151 56 161 188 37 1 1
57 78 93 58 102 129 36 1 1
59 134 160 60 167 182 33 2 1
