30 30 40 6 240
1 104 134 2 149 164 45 2 1
3 149 174 4 179 194 30 3 1
5 48 76 6 86 101 37 1 1
7 75 109 8 132 147 57 1 1
9 82 97 10 104 130 33 1 1
11 61 76 12 81 106 30 3 1
13 104 119 14 124 149 30 1 1
15 38 64 16 70 85 31 1 1
17 115 130 18 142 170 40 2 1
19 66 81 20 96 126 45 1 1
21 148 176 22 187 202 39 1 1
23 79 94 24 101 127 33 1 1
25 130 145 26 152 178 33 1 1
27 127 153 28 159 174 31 1 1
29 161 176 30 187 215 39 2 1
31 129 155 32 161 176 31 1 1
33 115 141 34 147 162 31 1 1
35 124 150 36 156 171 31 1 1
37 101 116 38 123 149 33 1 1
39 85 113 40 123 138 37 1 1
41 104 129 42 134 149 30 1 1
43 32 47 44 56 83 36 1 1
45 92 120 46 131 146 39 1 1
47 43 73 48 88 103 45 1 1
49 48 63 50 73 100 37 1 1
51 132 147 52 152 177 30 3 1
53 174 189 54 195 220 31 1 1
55 84 99 56 104 129 30 2 1
57 106 121 58 126 151 30 1 1
59 83 110 60 119 134 36 1 1
