30 30 40 6 240
1 55 82 2 91 106 36 1 1
3 83 98 4 110 138 40 1 1
5 71 101 6 115 130 43 1 1
7 155 170 8 176 201 31 3 1
9 16 42 10 49 64 33 1 1
11 88 103 12 116 145 42 1 1
13 118 144 14 150 165 31 1 1
15 140 167 16 176 191 36 1 1
17 88 103 18 125 158 55 1 1
19 94 109 20 120 148 39 1 1
21 149 164 22 170 195 31 1 1
23 132 147 24 155 181 34 3 1
25 124 151 26 160 175 36 1 1
27 146 161 28 167 192 31 1 1
29 61 87 30 93 108 31 1 1
31 79 105 32 112 127 33 2 1
33 100 115 34 124 151 36 1 1
35 42 72 36 87 102 45 1 1
37 162 190 38 201 216 39 3 1
39 52 67 40 72 97 30 1 1
41 112 137 42 142 157 30 3 1
43 85 100 44 111 139 39 1 1
45 47 62 46 67 92 30 1 1
47 147 175 48 185 200 37 1 1
49 97 127 50 142 157 45 1 1
51 91 117 52 123 138 31 1 1
53 155 170 54 175 200 30 1 1
55 32 47 56 57 84 37 1 1
57 147 162 58 167 192 30 1 1
59 90 117 60 125 140 34 2 1
