30 30 40 6 240
1 79 105 2 111 126 31 2 1
3 92 124 4 143 158 51 1 1
5 106 121 6 126 151 30 2 1
7 58 87 8 99 114 40 2 1
9 120 135 10 148 177 42 2 1
11 64 79 12 86 112 33 3 1
13 129 144 14 152 178 34 3 1
15 60 85 16 90 105 30 1 1
17 174 189 18 196 222 33 1 1
19 57 83 20 90 105 33 1 1
21 65 91 22 97 112 31 1 1
23 132 147 24 160 189 42 1 1
25 47 73 26 80 95 33 2 1
27 80 105 28 110 125 30 1 1
29 59 85 30 91 106 31 1 1
31 25 54 32 67 82 42 1 1
33 85 100 34 105 130 30 1 1
35 52 81 36 94 109 42 2 1
37 146 161 38 166 191 30 1 1
39 45 60 40 65 90 30 1 1
41 72 87 42 93 118 31 1 1
43 43 70 44 79 94 36 1 1
45 44 69 46 74 89 30 1 1
47 110 140 48 155 170 45 1 1
49 153 180 50 188 203 34 1 1
51 116 131 52 141 168 37 1 1
53 181 207 54 214 229 33 1 1
55 128 143 56 150 176 33 1 1
57 124 151 58 159 174 34 1 1
59 54 80 60 86 101 31 2 1
