30 30 40 6 240
1 34 65 2 81 96 46 1 1
3 101 116 4 124 150 34 2 1
5 33 48 6 62 91 43 2 1
7 104 119 8 126 152 33 1 1
9 87 113 10 120 135 33 1 1
11 95 110 12 122 150 40 1 1
13 127 142 14 147 172 30 1 1
15 122 137 16 145 171 34 1 1
17 73 99 18 105 120 31 3 1
19 21 47 20 53 68 31 3 1
21 63 78 22 91 120 42 1 1
23 100 115 24 127 155 40 1 1
25 153 168 26 174 199 31 1 1
27 64 79 28 88 115 36 1 1
29 127 156 30 168 183 40 1 1
31 115 130 32 144 173 43 2 1
33 71 86 34 101 131 45 1 1
35 63 88 36 93 108 30 2 1
37 58 73 38 82 109 36 1 1
39 13 28 40 35 61 33 3 1
41 167 194 42 202 217 34 1 1
43 90 119 44 131 146 40 1 1
45 139 165 46 172 187 33 2 1
47 110 137 48 146 161 36 2 1
49 110 125 50 133 159 34 1 1
51 62 89 52 98 113 36 1 1
53 26 41 54 46 71 30 2 1
55 30 45 56 54 81 36 1 1
57 156 171 58 177 202 31 1 1
59 70 97 60 106 121 36 2 1
