30 30 40 6 240
1 60 86 2 93 108 33 1 1
3 93 108 4 113 138 30 1 1
5 134 149 6 165 195 46 1 1
7 63 88 8 93 108 30 1 1
9 171 197 10 204 219 33 1 1
11 142 174 12 192 207 49 1 1
13 32 47 14 53 78 31 1 1
15 85 100 16 105 130 30 3 1
17 156 181 18 186 201 30 1 1
19 114 129 20 135 160 31 2 1
21 121 136 22 148 176 40 1 1
23 143 158 24 164 189 31 1 1
25 58 73 26 83 110 37 1 1
27 125 140 28 160 192 52 1 1
29 25 51 30 57 72 31 1 1
31 47 74 32 82 97 34 1 1
33 154 169 34 179 206 37 2 1
35 80 95 36 103 129 34 1 1
37 24 51 38 60 75 36 1 1
39 146 173 40 181 196 34 2 1
41 137 152 42 160 186 34 1 1
43 21 46 44 51 66 30 1 1
45 89 114 46 119 134 30 3 1
47 29 44 48 49 74 30 1 1
49 96 111 50 119 145 34 1 1
51 99 114 52 133 165 51 2 1
53 147 162 54 171 198 36 1 1
55 53 68 56 83 113 45 2 1
57 121 136 58 146 173 37 2 1
59 132 147 60 153 178 31 1 1
