30 30 40 6 240
1 152 179 2 187 202 34 1 1
3 41 70 4 83 98 42 1 1
5 96 122 6 128 143 31 1 1
7 100 115 8 139 173 58 1 1
9 44 59 10 64 89 30 1 1
11 116 131 12 138 164 33 1 1
13 140 171 14 187 202 46 1 1
15 34 49 16 56 82 33 1 1
17 90 105 18 118 147 42 1 1
19 129 144 20 151 177 33 1 1
21 168 198 22 212 227 43 1 1
23 32 61 24 73 88 40 1 1
25 95 125 26 140 155 45 1 1
27 106 121 28 126 151 30 1 1
29 125 140 30 147 173 33 1 1
31 169 196 32 204 219 34 1 1
33 164 190 34 196 211 31 1 1
35 119 148 36 160 175 40 1 1
37 112 127 38 132 157 30 3 1
39 65 91 40 98 113 33 1 1
41 131 160 42 172 187 40 1 1
43 61 87 44 94 109 33 1 1
45 61 87 46 93 108 31 1 1
47 114 129 48 136 162 33 1 1
49 75 90 50 103 132 42 1 1
51 130 155 52 160 175 30 2 1
53 129 155 54 162 177 33 1 1
55 21 36 56 41 66 30 1 1
57 27 52 58 57 72 30 1 1
59 169 194 60 199 214 30 2 1
