30 30 40 6 240
1 160 175 2 192 223 48 1 1
3 83 109 4 116 131 33 1 1
5 151 166 6 185 217 51 1 1
7 67 82 8 89 115 33 3 1
9 24 39 10 45 70 31 1 1
11 36 51 12 64 93 42 1 1
13 45 73 14 83 98 37 1 1
15 28 43 16 57 86 43 1 1
17 46 61 18 69 95 34 1 1
19 168 196 20 207 222 39 1 1
21 80 95 22 107 135 40 1 1
23 176 204 24 215 230 39 1 1
25 154 169 26 182 211 42 1 1
27 81 96 28 111 141 45 2 1
29 152 167 30 172 197 30 1 1
31 159 186 32 194 209 34 1 1
33 63 89 34 95 110 31 1 1
35 132 147 36 153 178 31 1 1
37 105 130 38 135 150 30 2 1
39 123 148 40 153 168 30 1 1
41 130 145 42 155 182 37 1 1
43 110 125 44 131 156 31 1 1
45 76 91 46 98 124 33 2 1
47 87 115 48 125 140 37 3 1
49 134 149 50 155 180 31 2 1
51 7 22 52 39 70 48 1 1
53 90 118 54 128 143 37 1 1
55 16 31 56 45 74 43 1 1
57 144 170 58 177 192 33 1 1
59 98 126 60 137 152 39 2 1
