30 30 40 6 240
1 81 96 2 112 142 46 2 1
3 112 140 4 151 166 39 1 1
5 155 183 6 193 208 37 1 1
7 136 166 8 181 196 45 2 1
9 49 64 10 72 98 34 2 1
11 42 57 12 65 91 34 1 1
13 155 180 14 185 200 30 1 1
15 20 46 16 52 67 31 1 1
17 97 112 18 120 146 34 2 1
19 21 51 20 66 81 45 1 1
21 89 104 22 114 141 37 2 1
23 32 60 24 71 86 39 3 1
25 75 90 26 96 121 31 1 1
27 13 41 28 51 66 37 1 1
29 152 167 30 177 204 37 1 1
31 103 129 32 136 151 33 1 1
33 148 163 34 168 193 30 3 1
35 50 65 36 74 101 36 1 1
37 122 152 38 166 181 43 1 1
39 77 102 40 107 122 30 1 1
41 175 190 42 196 221 31 3 1
43 135 150 44 161 189 39 1 1
45 46 74 46 85 100 39 1 1
47 161 176 48 181 206 30 1 1
49 14 29 50 42 71 42 1 1
51 131 163 52 181 196 49 1 1
53 167 196 54 209 224 42 1 1
55 101 127 56 134 149 33 1 1
57 144 159 58 164 189 30 3 1
59 133 160 60 168 183 34 1 1
