30 30 40 6 240
1 140 155 2 160 185 30 1 1
3 114 129 4 141 169 40 1 1
5 12 27 6 32 57 30 1 1
7 161 176 8 185 212 36 1 1
9 114 129 10 135 160 31 1 1
11 171 197 12 203 218 31 1 1
13 25 40 14 52 80 40 1 1
15 137 164 16 173 188 36 1 1
17 141 171 18 185 200 43 1 1
19 83 98 20 112 141 43 1 1
21 171 198 22 207 222 36 1 1
23 124 150 24 157 172 33 1 1
25 161 176 26 186 213 37 1 1
27 58 73 28 83 110 37 1 1
29 92 107 30 123 153 46 1 1
31 40 55 32 60 85 30 1 1
33 46 71 34 76 91 30 2 1
35 113 149 36 175 190 61 2 1
37 16 43 38 51 66 34 1 1
39 121 136 40 148 176 40 1 1
41 87 102 42 114 142 40 1 1
43 90 105 44 118 147 42 1 1
45 30 45 46 56 84 39 3 1
47 65 91 48 97 112 31 3 1
49 146 172 50 178 193 31 1 1
51 60 75 52 98 132 57 2 1
53 88 114 54 120 135 31 1 1
55 163 178 56 186 212 34 1 1
57 74 89 58 99 126 37 1 1
59 132 147 60 154 180 33 1 1
