30 30 40 6 240
1 44 59 2 68 95 36 2 1
3 156 185 4 198 213 42 3 1
5 29 57 6 67 82 37 1 1
7 117 132 8 141 168 36 3 1
9 97 127 10 141 156 43 1 1
11 27 53 12 60 75 33 1 1
13 142 157 14 162 187 30 1 1
15 125 140 16 155 185 45 1 1
17 119 134 18 144 171 37 1 1
19 78 106 20 116 131 37 1 1
21 130 155 22 160 175 30 1 1
23 48 63 24 71 97 34 3 1
25 104 119 26 124 149 30 1 1
27 152 177 28 182 197 30 1 1
29 48 63 30 74 102 39 1 1
31 131 146 32 154 180 34 1 1
33 140 165 34 170 185 30 1 1
35 98 113 36 122 149 36 3 1
37 178 205 38 213 228 34 1 1
39 39 54 40 61 87 33 1 1
41 77 103 42 110 125 33 2 1
43 166 181 44 193 221 40 2 1
45 71 100 46 112 127 40 1 1
47 115 130 48 135 160 30 1 1
49 121 136 50 148 176 40 1 1
51 94 109 52 116 142 33 1 1
53 113 144 54 160 175 46 1 1
55 101 116 56 121 146 30 1 1
57 88 103 58 111 137 34 3 1
59 93 108 60 119 147 39 2 1
