30 30 40 6 240
1 117 143 2 150 165 33 2 1
3 161 176 4 181 206 30 1 1
5 116 144 6 154 169 37 1 1
7 52 80 8 90 105 37 1 1
9 53 82 10 94 109 40 2 1
11 48 78 12 93 108 45 1 1
13 32 58 14 64 79 31 1 1
15 160 175 16 187 215 40 1 1
17 102 117 18 122 147 30 1 1
19 32 47 20 52 77 30 1 1
21 80 115 22 140 155 60 1 1
23 15 30 24 35 60 30 2 1
25 30 58 26 68 83 37 2 1
27 38 53 28 65 93 40 1 1
29 29 59 30 73 88 43 2 1
31 139 168 32 180 195 40 1 1
33 107 122 34 137 167 45 3 1
35 85 100 36 108 134 34 2 1
37 57 72 38 86 115 43 1 1
39 63 78 40 83 108 30 1 1
41 131 146 42 159 188 42 1 1
43 147 173 44 180 195 33 3 1
45 148 177 46 189 204 40 3 1
47 129 144 48 153 180 36 1 1
49 29 44 50 54 81 37 1 1
51 162 188 52 194 209 31 1 1
53 122 137 54 144 170 33 1 1
55 13 44 56 60 75 46 1 1
57 161 186 58 191 206 30 1 1
59 115 142 60 150 165 34 3 1
