30 30 40 6 240
1 33 48 2 62 91 43 1 1
3 150 178 4 188 203 37 1 1
5 26 41 6 49 75 34 1 1
7 107 132 8 137 152 30 1 1
9 109 124 10 138 167 43 3 1
11 48 73 12 78 93 30 1 1
13 122 137 14 144 170 33 2 1
15 78 104 16 110 125 31 2 1
17 99 114 18 125 153 39 2 1
19 104 137 20 157 172 52 2 1
21 47 62 22 67 92 30 1 1
23 65 92 24 101 116 36 3 1
25 121 149 26 160 175 39 1 1
27 29 44 28 56 84 40 3 1
29 158 189 30 205 220 46 2 1
31 177 192 32 198 223 31 2 1
33 112 127 34 133 158 31 3 1
35 118 143 36 148 163 30 1 1
37 39 66 38 74 89 34 3 1
39 160 175 40 182 208 33 3 1
41 19 46 42 55 70 36 1 1
43 75 109 44 132 147 57 1 1
45 39 67 46 77 92 37 1 1
47 148 177 48 189 204 40 1 1
49 70 85 50 90 115 30 1 1
51 56 81 52 86 101 30 1 1
53 52 84 54 103 118 51 1 1
55 127 142 56 153 181 39 1 1
57 132 147 58 160 189 42 1 1
59 107 133 60 139 154 31 1 1
