30 30 40 6 240
1 24 50 2 57 72 33 1 1
3 124 139 4 148 175 36 2 1
5 104 132 6 142 157 37 1 1
7 85 112 8 121 136 36 1 1
9 140 166 10 173 188 33 1 1
11 64 79 12 88 115 36 1 1
13 84 113 14 125 140 40 1 1
15 133 148 16 159 187 39 1 1
17 139 154 18 160 185 31 1 1
19 120 146 20 153 168 33 2 1
21 118 144 22 151 166 33 1 1
23 10 38 24 48 63 37 2 1
25 147 172 26 177 192 30 1 1
27 154 179 28 184 199 30 1 1
29 69 84 30 103 135 51 2 1
31 119 145 32 152 167 33 3 1
33 115 142 34 151 166 36 2 1
35 92 122 36 137 152 45 2 1
37 121 146 38 151 166 30 2 1
39 16 42 40 48 63 31 2 1
41 138 153 42 158 183 30 3 1
43 84 110 44 116 131 31 1 1
45 36 51 46 56 81 30 1 1
47 146 161 48 169 195 34 2 1
49 63 89 50 95 110 31 1 1
51 166 181 52 186 211 30 1 1
53 139 166 54 175 190 36 2 1
55 52 78 56 84 99 31 1 1
57 105 120 58 127 153 33 1 1
59 45 60 60 70 97 37 1 1
