30 30 40 6 240
1 70 85 2 93 119 34 1 1
3 98 131 4 152 167 54 1 1
5 120 148 6 158 173 37 3 1
7 160 185 8 190 205 30 1 1
9 28 61 10 81 96 52 1 1
11 117 132 12 137 162 30 1 1
13 140 165 14 170 185 30 1 1
15 88 103 16 108 133 30 1 1
17 139 165 18 171 186 31 1 1
19 86 112 20 118 133 31 1 1
21 22 48 22 54 69 31 1 1
23 93 108 24 120 148 40 2 1
25 108 123 26 135 163 40 2 1
27 14 29 28 37 63 34 1 1
29 21 46 30 51 66 30 2 1
31 79 94 32 101 127 33 1 1
33 67 82 34 99 130 48 1 1
35 84 99 36 105 130 31 1 1
37 31 46 38 55 82 36 1 1
39 120 135 40 144 171 36 2 1
41 135 161 42 168 183 33 1 1
43 91 106 44 114 140 34 1 1
45 140 166 46 173 188 33 1 1
47 60 90 48 104 119 43 1 1
49 32 47 50 53 78 31 3 1
51 21 36 52 44 70 34 1 1
53 104 129 54 134 149 30 2 1
55 124 153 56 165 180 40 1 1
57 172 187 58 193 218 31 1 1
59 165 190 60 195 210 30 1 1
