30 30 40 6 240
1 123 149 2 156 171 33 2 1
3 113 128 4 135 161 33 1 1
5 139 165 6 171 186 31 1 1
7 87 102 8 108 133 31 1 1
9 173 199 10 206 221 33 3 1
11 147 172 12 177 192 30 2 1
13 106 121 14 130 157 36 1 1
15 119 134 16 143 170 36 1 1
17 12 40 18 50 65 37 1 1
19 99 114 20 120 145 31 1 1
21 86 101 22 116 146 45 1 1
23 23 48 24 53 68 30 3 1
25 48 74 26 81 96 33 3 1
27 149 176 28 184 199 34 1 1
29 78 105 30 114 129 36 1 1
31 64 94 32 108 123 43 2 1
33 129 144 34 150 175 31 1 1
35 38 64 36 71 86 33 1 1
37 110 125 38 138 167 42 3 1
39 72 99 40 108 123 36 1 1
41 137 152 42 160 186 34 1 1
43 35 50 44 58 84 34 1 1
45 164 179 46 189 216 37 1 1
47 86 101 48 108 134 33 1 1
49 86 101 50 112 140 39 1 1
51 58 73 52 85 113 40 1 1
53 128 143 54 149 174 31 2 1
55 153 168 56 174 199 31 1 1
57 81 109 58 119 134 37 2 1
59 51 78 60 86 101 34 2 1
