30 30 40 6 240
1 84 99 2 104 129 30 1 1
3 89 126 4 155 170 66 2 1
5 155 180 6 185 200 30 1 1
7 16 46 8 60 75 43 1 1
9 70 96 10 102 117 31 2 1
11 106 121 12 126 151 30 3 1
13 107 132 14 137 152 30 1 1
15 92 107 16 113 138 31 1 1
17 43 58 18 63 88 30 1 1
19 83 98 20 104 129 31 1 1
21 179 205 22 212 227 33 3 1
23 18 45 24 53 68 34 1 1
25 117 132 26 142 169 37 2 1
27 124 139 28 144 169 30 1 1
29 59 74 30 80 105 31 3 1
31 33 60 32 68 83 34 2 1
33 124 139 34 147 173 34 1 1
35 153 168 36 181 210 42 1 1
37 20 35 38 41 66 31 1 1
39 112 127 40 132 157 30 2 1
41 75 101 42 107 122 31 1 1
43 136 163 44 171 186 34 1 1
45 74 104 46 119 134 45 3 1
47 128 143 48 149 174 31 1 1
49 165 180 50 186 211 31 1 1
51 49 75 52 82 97 33 1 1
53 113 128 54 138 165 37 1 1
55 56 83 56 92 107 36 2 1
57 28 43 58 56 85 42 1 1
59 132 158 60 165 180 33 3 1
