30 30 40 6 240
1 144 159 2 172 201 42 1 1
3 84 99 4 107 133 34 1 1
5 85 111 6 117 132 31 1 1
7 118 149 8 165 180 46 1 1
9 39 69 10 83 98 43 1 1
11 164 189 12 194 209 30 1 1
13 147 162 14 168 193 31 1 1
15 86 112 16 118 133 31 1 1
17 39 54 18 66 94 40 2 1
19 99 114 20 123 150 36 1 1
21 57 87 22 102 117 45 1 1
23 120 135 24 140 165 30 1 1
25 143 169 26 176 191 33 2 1
27 50 65 28 71 96 31 1 1
29 53 79 30 86 101 33 1 1
31 113 128 32 141 170 42 1 1
33 25 40 34 46 71 31 1 1
35 99 125 36 131 146 31 1 1
37 40 69 38 82 97 42 1 1
39 71 100 40 112 127 40 3 1
41 101 128 42 137 152 36 1 1
43 81 106 44 111 126 30 2 1
45 146 161 46 171 198 37 1 1
47 86 112 48 118 133 31 1 1
49 33 58 50 63 78 30 3 1
51 68 93 52 98 113 30 2 1
53 162 177 54 187 214 37 1 1
55 102 130 56 140 155 37 1 1
57 104 119 58 129 156 37 1 1
59 161 186 60 191 206 30 1 1
