30 30 40 6 240
1 166 181 2 188 214 33 1 1
3 181 207 4 214 229 33 1 1
5 66 81 6 98 129 48 1 1
7 54 82 8 92 107 37 1 1
9 182 207 10 212 227 30 1 1
11 29 54 12 59 74 30 1 1
13 98 113 14 118 143 30 1 1
15 115 130 16 135 160 30 1 1
17 113 128 18 144 174 46 2 1
19 69 84 20 98 127 43 1 1
21 80 105 22 110 125 30 2 1
23 105 120 24 128 154 34 2 1
25 167 193 26 199 214 31 1 1
27 157 172 28 180 206 34 1 1
29 133 158 30 163 178 30 1 1
31 33 48 32 56 82 34 1 1
33 113 128 34 135 161 33 1 1
35 35 50 36 55 80 30 1 1
37 51 85 38 107 122 55 1 1
39 99 114 40 122 148 34 1 1
41 28 56 42 66 81 37 1 1
43 140 168 44 179 194 39 2 1
45 113 128 46 134 159 31 1 1
47 30 45 48 54 81 36 1 1
49 157 172 50 177 202 30 1 1
51 181 207 52 213 228 31 2 1
53 11 26 54 32 57 31 1 1
55 132 161 56 173 188 40 1 1
57 142 157 58 171 200 43 3 1
59 37 64 60 73 88 36 2 1
