30 30 40 6 240
1 146 161 2 168 194 33 1 1
3 68 94 4 100 115 31 1 1
5 53 68 6 73 98 30 1 1
7 90 105 8 114 141 36 3 1
9 92 122 10 136 151 43 1 1
11 19 34 12 44 71 37 1 1
13 47 76 14 88 103 40 1 1
15 129 144 16 151 177 33 1 1
17 86 113 18 122 137 36 1 1
19 87 102 20 112 139 37 1 1
21 157 172 22 177 202 30 1 1
23 106 133 24 142 157 36 1 1
25 152 177 26 182 197 30 2 1
27 85 111 28 118 133 33 1 1
29 37 62 30 67 82 30 2 1
31 121 136 32 152 182 46 2 1
33 26 54 34 65 80 39 1 1
35 59 84 36 89 104 30 3 1
37 38 65 38 74 89 36 2 1
39 75 103 40 114 129 39 1 1
41 127 157 42 172 187 45 3 1
43 52 67 44 73 98 31 2 1
45 31 46 46 58 86 40 1 1
47 62 89 48 97 112 34 1 1
49 18 44 50 51 66 33 2 1
51 27 53 52 60 75 33 2 1
53 77 92 54 99 125 33 1 1
55 48 63 56 76 105 42 1 1
57 165 180 58 185 210 30 2 1
59 147 173 60 180 195 33 1 1
