30 30 40 6 240
1 55 85 2 100 115 45 1 1
3 14 39 4 44 59 30 2 1
5 109 134 6 139 154 30 1 1
7 31 57 8 63 78 31 1 1
9 45 60 10 70 97 37 1 1
11 112 127 12 138 166 39 2 1
13 169 184 14 190 215 31 1 1
15 151 179 16 189 204 37 2 1
17 47 78 18 95 110 48 1 1
19 67 82 20 88 113 31 2 1
21 69 84 22 94 121 37 2 1
23 41 56 24 64 90 34 1 1
25 15 30 26 38 64 34 1 1
27 66 100 28 122 137 55 1 1
29 99 114 30 125 153 39 1 1
31 89 104 32 109 134 30 1 1
33 140 155 34 161 186 31 1 1
35 89 115 36 121 136 31 1 1
37 179 205 38 211 226 31 2 1
39 35 67 40 85 100 49 3 1
41 166 181 42 186 211 30 1 1
43 183 211 44 221 236 37 1 1
45 100 131 46 148 163 48 3 1
47 35 60 48 65 80 30 1 1
49 173 201 50 211 226 37 3 1
51 98 113 52 125 153 40 2 1
53 30 61 54 77 92 46 1 1
55 110 125 56 140 170 45 1 1
57 93 108 58 119 147 39 1 1
59 156 171 60 178 204 33 2 1
