30 30 40 6 240
1 110 138 2 149 164 39 1 1
3 144 171 4 180 195 36 1 1
5 28 43 6 48 73 30 1 1
7 143 158 8 165 191 33 1 1
9 178 204 10 211 226 33 2 1
11 134 149 12 160 188 39 1 1
13 132 147 14 159 187 40 1 1
15 131 146 16 155 182 36 1 1
17 174 189 18 194 219 30 1 1
19 119 134 20 143 170 36 2 1
21 56 71 22 81 108 37 1 1
23 82 108 24 114 129 31 2 1
25 20 46 26 52 67 31 2 1
27 137 164 28 173 188 36 1 1
29 150 165 30 173 199 34 1 1
31 119 134 32 141 167 33 1 1
33 130 161 34 177 192 46 1 1
35 156 181 36 186 201 30 1 1
37 147 172 38 177 192 30 1 1
39 81 96 40 102 127 31 2 1
41 129 155 42 161 176 31 1 1
43 52 67 44 77 104 37 1 1
45 139 164 46 169 184 30 1 1
47 166 196 48 211 226 45 1 1
49 146 172 50 178 193 31 2 1
51 122 149 52 157 172 34 1 1
53 143 158 54 167 194 36 1 1
55 166 197 56 214 229 48 1 1
57 128 153 58 158 173 30 1 1
59 103 129 60 135 150 31 3 1
