30 30 40 6 240
1 96 111 2 124 153 42 1 1
3 124 150 4 157 172 33 2 1
5 45 60 6 69 96 36 1 1
7 147 176 8 189 204 42 2 1
9 127 142 10 152 179 37 1 1
11 56 71 12 81 108 37 1 1
13 80 95 14 103 129 34 1 1
15 40 55 16 65 92 37 3 1
17 8 34 18 41 56 33 1 1
19 69 95 20 102 117 33 1 1
21 132 147 22 158 186 39 1 1
23 98 113 24 129 159 46 1 1
25 23 53 26 68 83 45 1 1
27 64 79 28 85 110 31 1 1
29 17 32 30 38 63 31 1 1
31 22 37 32 42 67 30 2 1
33 169 196 34 205 220 36 1 1
35 74 100 36 106 121 31 2 1
37 95 121 38 127 142 31 1 1
39 106 121 40 137 167 46 3 1
41 63 78 42 94 124 46 2 1
43 156 184 44 195 210 39 1 1
45 36 64 46 74 89 37 1 1
47 108 134 48 141 156 33 1 1
49 69 97 50 108 123 39 3 1
51 85 100 52 111 139 39 1 1
53 146 172 54 178 193 31 1 1
55 13 41 56 52 67 39 1 1
57 83 108 58 113 128 30 2 1
59 55 80 60 85 100 30 2 1
