0 15 25 24 23 15 13 8 10 3 1 5 7 23 27 17 21 19 13 19 17 21 26 31 29 27 26 23 21 18 16 15 13 11 10 9 10 12 13 15
15 0 20 8 7 11 8 7 5 12 14 10 8 18 23 12 16 14 2 3 1 5 10 30 28 26 24 21 20 16 15 13 11 10 9 11 12 14 15 16
25 20 0 29 27 9 12 16 15 22 24 20 18 1 2 7 3 6 18 24 22 26 31 39 38 36 34 31 29 26 25 23 21 19 18 20 22 23 24 26
24 8 29 0 1 20 17 16 14 21 23 19 17 27 32 21 25 23 11 5 7 3 1 39 37 35 33 30 29 25 24 22 20 19 18 20 21 23 24 25
23 7 27 1 0 18 15 14 12 19 21 17 16 26 30 20 24 21 9 3 5 1 3 37 35 33 31 28 27 24 22 20 19 17 16 18 19 21 22 24
15 11 9 20 18 0 2 7 5 12 14 10 8 7 12 1 5 3 8 14 12 16 21 30 28 26 24 21 20 16 15 13 11 10 8 11 12 13 15 16
13 8 12 17 15 2 0 4 3 10 11 8 6 10 14 4 8 5 6 12 10 14 19 27 26 23 22 19 17 14 13 11 9 7 6 8 10 11 12 14
8 7 16 16 14 7 4 0 1 5 7 3 1 15 19 9 13 10 4 10 9 12 18 23 21 19 17 14 12 9 8 6 4 3 1 3 5 6 7 9
10 5 15 14 12 5 3 1 0 7 8 5 3 13 17 7 11 8 3 9 7 10 16 24 22 20 19 16 14 11 9 8 6 4 3 5 7 8 9 11
3 12 22 21 19 12 10 5 7 0 1 1 3 20 24 14 18 15 10 16 14 18 23 28 26 24 22 19 18 14 13 11 10 8 7 6 7 8 9 11
1 14 24 23 21 14 11 7 8 1 0 3 5 22 26 16 20 17 11 17 16 19 25 30 28 26 24 21 20 16 15 13 11 10 8 7 9 10 11 13
5 10 20 19 17 10 8 3 5 1 3 0 1 18 22 12 16 13 8 14 12 16 21 26 24 22 20 17 16 12 11 9 8 6 5 4 5 6 7 9
7 8 18 17 16 8 6 1 3 3 5 1 0 16 20 10 14 12 6 12 10 14 19 24 22 20 19 16 14 11 9 8 6 4 3 2 3 5 6 8
23 18 1 27 26 7 10 15 13 20 22 18 16 0 4 6 1 4 16 22 20 24 29 38 36 34 32 29 27 24 23 21 19 18 16 18 20 21 22 24
27 23 2 32 30 12 14 19 17 24 26 22 20 4 0 10 6 8 20 26 24 28 33 42 40 38 36 33 32 28 27 25 23 22 21 23 24 26 27 28
17 12 7 21 20 1 4 9 7 14 16 12 10 6 10 0 4 1 10 16 14 18 23 32 30 28 26 23 21 18 17 15 13 12 10 12 14 15 16 18
21 16 3 25 24 5 8 13 11 18 20 16 14 1 6 4 0 2 14 20 18 22 27 36 34 32 30 27 25 22 21 19 17 16 14 17 18 19 20 22
19 14 6 23 21 3 5 10 8 15 17 13 12 4 8 1 2 0 11 17 16 19 25 33 31 29 27 24 23 20 18 16 15 13 12 14 15 17 18 20
13 2 18 11 9 8 6 4 3 10 11 8 6 16 20 10 14 11 0 6 4 7 13 27 25 23 22 19 17 14 12 11 9 7 6 8 10 11 12 14
19 3 24 5 3 14 12 10 9 16 17 14 12 22 26 16 20 17 6 0 1 1 7 33 32 29 28 25 23 20 19 17 15 13 12 14 16 17 18 20
17 1 22 7 5 12 10 9 7 14 16 12 10 20 24 14 18 16 4 1 0 3 8 32 30 28 26 23 22 18 17 15 13 12 10 13 14 15 17 18
21 5 26 3 1 16 14 12 10 18 19 16 14 24 28 18 22 19 7 1 3 0 5 35 33 31 30 27 25 22 20 19 17 15 14 16 17 19 20 22
26 10 31 1 3 21 19 18 16 23 25 21 19 29 33 23 27 25 13 7 8 5 0 41 39 37 35 32 31 27 26 24 22 21 19 22 23 24 26 27
31 30 39 39 37 30 27 23 24 28 30 26 24 38 42 32 36 33 27 33 32 35 41 0 1 3 5 8 10 13 14 16 18 19 21 26 28 29 30 32
29 28 38 37 35 28 26 21 22 26 28 24 22 36 40 30 34 31 25 32 30 33 39 1 0 2 3 6 8 11 12 14 16 18 19 25 26 28 29 30
27 26 36 35 33 26 23 19 20 24 26 22 20 34 38 28 32 29 23 29 28 31 37 3 2 0 1 4 6 9 10 12 14 16 17 23 24 25 27 28
26 24 34 33 31 24 22 17 19 22 24 20 19 32 36 26 30 27 22 28 26 30 35 5 3 1 0 2 4 7 9 10 12 14 15 21 22 24 25 27
23 21 31 30 28 21 19 14 16 19 21 17 16 29 33 23 27 24 19 25 23 27 32 8 6 4 2 0 1 4 6 7 9 11 12 18 19 21 22 24
21 20 29 29 27 20 17 12 14 18 20 16 14 27 32 21 25 23 17 23 22 25 31 10 8 6 4 1 0 3 4 6 8 9 11 16 18 19 20 22
18 16 26 25 24 16 14 9 11 14 16 12 11 24 28 18 22 20 14 20 18 22 27 13 11 9 7 4 3 0 1 3 4 6 7 13 14 16 17 19
16 15 25 24 22 15 13 8 9 13 15 11 9 23 27 17 21 18 12 19 17 20 26 14 12 10 9 6 4 1 0 1 3 5 6 12 13 15 16 17
15 13 23 22 20 13 11 6 8 11 13 9 8 21 25 15 19 16 11 17 15 19 24 16 14 12 10 7 6 3 1 0 1 3 4 10 11 13 14 16
13 11 21 20 19 11 9 4 6 10 11 8 6 19 23 13 17 15 9 15 13 17 22 18 16 14 12 9 8 4 3 1 0 1 2 8 10 11 12 14
11 10 19 19 17 10 7 3 4 8 10 6 4 18 22 12 16 13 7 13 12 15 21 19 18 16 14 11 9 6 5 3 1 0 1 7 8 9 10 12
10 9 18 18 16 8 6 1 3 7 8 5 3 16 21 10 14 12 6 12 10 14 19 21 19 17 15 12 11 7 6 4 2 1 0 5 7 8 9 11
9 11 20 20 18 11 8 3 5 6 7 4 2 18 23 12 17 14 8 14 13 16 22 26 25 23 21 18 16 13 12 10 8 7 5 0 1 2 3 5
10 12 22 21 19 12 10 5 7 7 9 5 3 20 24 14 18 15 10 16 14 17 23 28 26 24 22 19 18 14 13 11 10 8 7 1 0 1 2 4
12 14 23 23 21 13 11 6 8 8 10 6 5 21 26 15 19 17 11 17 15 19 24 29 28 25 24 21 19 16 15 13 11 9 8 2 1 0 1 2
13 15 24 24 22 15 12 7 9 9 11 7 6 22 27 16 20 18 12 18 17 20 26 30 29 27 25 22 20 17 16 14 12 10 9 3 2 1 0 1
15 16 26 25 24 16 14 9 11 11 13 9 8 24 28 18 22 20 14 20 18 22 27 32 30 28 27 24 22 19 17 16 14 12 11 5 4 2 1 0