0 78 77 234 26 108 13 57 196 71 177 46 91 164 43 162 214 190 177 119 211 71 139 60 130 172 81 175 56 26 202 225 59 79 188 241 85 163 67 80 196 58 191 90 200 193 94 179 92 79 77 89 164 202 48 99 59 85 200 193 18 64 36 82 9 13 56 45 63 57 65 65 64 67 78 88 66 71 71 44 21 27 15 0 97 88 84 86 100 105 92 85 79 70 67 64 79 84 88 79 77
78 0 130 250 84 126 75 117 211 68 193 112 19 134 91 93 174 157 121 104 226 124 69 111 60 187 15 190 102 79 172 196 96 55 203 256 115 94 117 123 135 117 162 91 215 208 22 194 44 132 2 139 93 173 107 22 112 63 215 160 78 122 85 68 70 72 74 83 105 99 116 118 114 111 64 72 76 66 74 85 78 78 77 78 26 19 27 39 65 76 89 86 89 96 96 102 115 119 117 108 102
77 130 0 194 52 75 69 23 155 76 137 37 132 120 119 201 201 162 164 90 170 7 181 19 172 131 128 134 32 53 198 212 41 96 147 201 51 197 17 27 183 24 178 69 159 152 135 138 117 2 130 25 175 189 32 156 19 89 159 165 61 16 50 86 74 69 59 51 31 36 14 13 21 23 85 89 71 76 77 52 57 52 63 77 136 127 110 112 99 92 73 74 61 52 48 41 33 37 44 44 51
234 250 194 0 215 145 225 214 107 181 89 220 249 127 277 297 230 104 254 163 122 198 298 198 289 83 244 86 189 205 93 106 186 195 99 62 150 287 184 175 273 216 83 164 111 104 252 58 223 195 250 185 265 91 215 272 202 187 111 107 220 208 195 183 229 224 182 186 180 183 199 204 184 179 187 181 179 182 176 188 210 204 220 234 253 244 227 218 194 187 168 165 161 165 174 182 167 161 155 160 163
26 84 52 215 0 89 18 32 176 56 158 27 98 146 69 171 197 171 160 99 191 45 146 35 137 152 88 155 30 10 185 208 37 68 168 222 65 170 41 54 179 33 174 71 180 173 101 160 88 53 84 63 171 185 23 105 33 69 180 174 9 39 19 66 23 17 39 30 40 35 40 40 38 41 65 71 49 56 54 29 8 12 11 26 106 97 81 83 88 88 73 66 59 51 47 43 53 61 65 59 58
108 126 75 145 89 0 99 96 106 57 88 102 125 56 151 173 154 97 117 26 121 80 174 79 165 82 120 85 69 79 133 147 61 72 98 152 32 150 65 56 136 97 113 40 110 103 128 89 99 77 126 66 127 124 97 149 83 63 110 100 94 89 69 59 103 98 58 60 62 61 80 85 66 61 63 57 55 58 53 62 84 78 94 108 129 120 103 94 70 59 45 41 37 41 49 55 48 42 37 41 33
13 75 69 225 18 99 0 50 186 63 168 42 89 154 56 160 205 181 168 109 201 63 137 51 128 162 79 165 46 16 192 216 49 71 178 232 75 161 58 70 187 50 182 81 190 183 92 169 91 71 75 79 178 193 40 96 51 77 190 183 10 56 26 73 7 2 47 36 53 47 55 57 55 57 70 78 57 63 62 35 13 18 7 13 95 86 84 86 92 96 83 76 69 61 57 55 69 74 78 69 68
57 117 23 214 32 96 50 0 176 70 157 14 126 133 96 195 206 174 169 103 191 16 175 13 167 152 122 154 26 38 193 224 37 90 168 221 61 194 29 43 188 4 190 76 180 172 129 159 111 25 116 45 180 201 9 138 7 83 180 177 41 10 40 80 55 49 54 46 33 34 17 10 25 30 79 82 63 71 68 46 40 38 43 57 130 121 105 106 102 97 78 71 63 54 46 41 42 50 54 53 61
196 211 155 107 176 106 186 176 0 143 27 182 210 154 239 258 252 155 215 124 31 160 259 159 250 28 206 33 151 166 144 157 147 157 24 114 112 248 145 136 234 177 134 125 4 3 213 51 185 157 211 146 226 142 177 234 163 148 4 158 181 169 157 144 190 185 143 147 142 144 160 165 146 140 148 143 140 144 138 150 171 165 182 196 214 205 188 179 156 149 130 127 122 126 135 144 128 122 117 121 124
71 68 76 181 56 57 63 70 143 0 125 70 67 95 105 124 146 118 109 65 158 73 116 58 107 119 63 122 45 47 134 157 38 21 135 188 52 119 61 61 128 70 123 29 147 140 70 126 49 78 63 84 120 134 65 91 63 13 147 121 58 71 36 11 62 61 16 26 48 43 63 67 59 53 9 19 9 2 6 29 51 45 59 71 71 62 45 43 32 37 27 25 22 29 34 40 53 57 54 45 38
177 193 137 89 158 88 168 157 27 125 0 163 192 136 220 240 234 137 197 106 42 142 241 141 232 10 187 15 133 148 126 139 129 139 16 95 94 230 127 118 216 159 116 107 31 24 195 33 166 138 193 128 208 124 159 216 145 130 31 140 163 151 139 126 172 167 125 129 123 126 142 147 127 122 130 124 122 125 120 131 153 147 163 177 196 187 170 161 137 130 112 108 104 108 117 125 110 104 99 103 106
46 112 37 220 27 102 42 14 182 70 163 0 126 161 84 195 211 185 174 114 197 30 175 24 166 158 122 160 35 34 199 223 47 90 174 227 72 193 40 54 193 16 189 82 186 178 129 165 111 35 112 59 185 200 7 133 21 83 186 188 36 20 37 80 49 41 54 44 44 44 30 24 36 41 79 85 63 71 69 43 35 34 38 46 130 121 104 106 102 102 84 77 70 62 57 51 53 61 65 65 69
91 19 132 249 98 125 89 126 210 67 192 126 0 134 104 75 157 156 104 104 225 129 49 115 41 186 12 189 101 92 172 196 95 55 202 256 115 77 116 122 118 126 162 90 214 207 3 194 37 134 21 138 76 172 121 25 119 63 214 159 91 128 89 68 84 86 73 82 104 98 119 123 114 110 63 71 75 66 73 85 92 91 91 91 6 10 27 38 65 75 88 85 88 95 96 101 115 119 116 107 101
164 134 120 127 146 56 154 133 154 95 136 161 134 0 196 164 153 39 116 30 169 125 181 122 172 130 129 133 131 137 65 79 123 91 146 98 74 149 107 94 135 133 45 87 158 151 136 137 93 122 135 112 127 56 156 157 126 84 158 42 149 134 127 86 156 153 108 117 104 124 118 124 108 103 92 77 100 97 93 120 142 136 149 164 136 127 111 97 70 59 77 84 94 103 111 118 90 85 79 81 76
43 91 119 277 69 151 56 96 239 105 220 84 104 196 0 175 246 218 209 162 254 112 152 102 143 215 95 218 99 69 234 257 102 105 231 284 128 177 110 123 220 96 223 133 243 236 107 222 114 117 90 132 178 234 86 104 101 116 243 221 61 102 79 116 52 56 99 88 106 100 107 107 107 110 107 123 109 104 114 87 64 70 58 43 110 101 97 108 126 137 135 128 122 113 110 107 122 127 131 122 120
162 93 201 297 171 173 160 195 258 124 240 195 75 164 175 0 139 187 86 139 274 198 32 183 48 234 84 237 170 161 202 226 164 110 251 304 165 36 184 182 101 195 192 138 263 255 73 242 94 202 95 207 54 203 190 101 188 111 263 189 162 196 158 116 154 157 142 151 173 167 188 192 182 179 120 118 133 126 129 153 163 160 162 162 72 74 92 99 103 113 129 134 142 150 164 170 175 179 176 167 156
214 174 201 230 197 154 205 206 252 146 234 211 157 153 246 139 0 176 56 128 267 205 156 194 171 228 166 231 182 188 169 162 174 142 244 167 164 113 185 182 69 206 181 137 256 249 157 235 136 203 176 204 91 192 207 182 199 134 256 178 200 206 177 137 207 204 159 168 177 174 195 202 186 181 142 127 150 148 144 170 193 187 200 214 153 155 160 148 120 110 128 134 145 153 162 168 174 178 175 166 155
190 157 162 104 171 97 181 174 155 118 137 185 156 39 218 187 176 0 139 72 170 167 204 163 195 131 152 134 151 161 42 55 143 114 147 75 115 172 149 136 158 175 21 117 159 152 159 106 116 164 157 153 149 32 180 180 167 106 159 3 176 176 151 108 185 180 131 142 145 143 159 166 149 144 114 99 122 119 116 144 166 160 176 190 158 149 133 120 92 82 100 106 112 121 131 137 132 126 120 123 117
177 121 164 254 160 117 168 169 215 109 197 174 104 116 209 86 56 139 0 91 230 168 103 157 118 191 113 194 145 151 154 178 137 105 207 198 127 60 148 145 21 169 144 101 219 212 105 199 96 166 123 167 38 155 170 129 162 97 219 142 163 169 140 100 170 167 122 131 140 137 158 165 149 144 106 90 113 111 107 134 156 150 163 177 100 102 107 104 83 73 91 98 108 116 125 131 137 141 138 129 118
119 104 90 163 99 26 109 103 124 65 106 114 104 30 162 139 128 72 91 0 139 95 151 92 142 100 99 103 79 89 108 122 71 61 116 170 44 124 77 64 110 103 88 46 128 121 106 107 68 92 105 82 102 99 109 127 96 54 128 75 104 104 80 56 113 108 65 70 74 72 88 94 78 73 62 47 58 67 63 73 94 88 105 119 106 97 81 67 40 29 47 47 41 49 59 65 60 55 49 51 46
211 226 170 122 191 121 201 191 31 158 42 197 225 169 254 274 267 170 230 139 0 175 274 174 265 43 221 48 166 181 159 172 162 172 37 129 127 263 160 151 249 192 149 141 35 28 228 66 200 172 226 162 241 157 192 249 178 163 35 173 196 184 172 159 205 200 159 162 157 159 175 181 161 156 163 158 155 159 153 165 186 180 197 211 229 220 203 194 171 164 145 142 137 141 150 159 143 138 132 136 139
71 124 7 198 45 80 63 16 160 73 142 30 129 125 112 198 205 167 168 95 175 0 178 14 169 136 124 139 29 47 203 216 39 93 152 205 55 201 20 32 187 17 182 73 164 157 132 143 114 9 124 29 179 193 25 145 14 86 164 169 54 9 47 83 68 62 56 48 29 34 11 7 19 25 82 87 65 73 71 48 52 46 56 71 133 124 107 109 103 96 77 72 64 55 46 39 36 42 48 47 55
139 69 181 298 146 174 137 175 259 116 241 175 49 181 152 32 156 204 103 151 274 178 0 164 16 235 60 238 150 141 219 243 144 104 251 305 164 53 165 171 118 175 209 139 263 256 49 243 82 183 71 188 71 220 170 75 168 112 263 207 139 177 138 117 131 134 122 131 153 147 168 172 163 159 112 120 124 115 122 134 140 140 139 139 46 55 74 86 112 123 137 134 138 144 145 150 164 168 165 156 150
60 111 19 198 35 79 51 13 159 58 141 24 115 122 102 183 194 163 157 92 174 14 164 0 155 135 110 138 14 34 182 213 25 78 151 205 49 182 18 32 176 14 179 65 163 156 117 143 100 21 111 36 168 190 20 138 6 72 163 166 44 13 33 68 56 50 42 34 21 22 7 9 14 19 67 70 51 59 56 34 39 33 45 60 118 109 93 94 90 85 67 60 51 42 35 29 31 39 43 42 48
130 60 172 289 137 165 128 167 250 107 232 166 41 172 143 48 171 195 118 142 265 169 16 155 0 226 51 229 142 132 211 234 136 95 243 296 155 69 156 163 133 167 200 130 254 247 40 234 73 174 62 179 90 211 161 66 159 103 254 198 130 168 130 108 122 125 114 122 144 139 159 164 154 150 104 112 115 106 113 125 131 131 130 130 38 46 65 77 104 114 128 126 129 136 136 142 155 159 156 147 142
172 187 131 83 152 82 162 152 28 119 10 158 186 130 215 234 228 131 191 100 43 136 235 135 226 0 182 9 127 142 120 133 123 133 20 90 88 224 121 112 210 153 110 101 32 25 189 27 161 133 187 122 202 118 153 210 139 124 32 134 157 145 133 120 166 161 119 123 118 120 136 141 122 116 124 119 116 119 114 126 147 141 157 172 190 181 164 155 132 125 106 103 98 102 111 120 104 98 93 97 100
81 15 128 244 88 120 79 122 206 63 187 122 12 129 95 84 166 152 113 99 221 124 60 110 51 182 0 184 97 83 167 191 91 50 198 251 110 86 111 118 127 122 157 85 210 202 15 189 39 129 15 134 85 168 117 32 115 58 210 154 82 123 85 63 74 76 69 78 99 94 114 119 109 105 59 67 70 61 69 80 82 82 81 81 17 11 22 34 60 71 83 81 84 91 91 97 110 114 111 103 97
175 190 134 86 155 85 165 154 33 122 15 160 189 133 218 237 231 134 194 103 48 139 238 138 229 9 184 0 130 145 123 136 126 136 25 93 91 227 124 115 213 156 113 104 37 30 192 30 164 136 190 125 205 121 156 213 142 127 37 137 160 148 136 123 169 164 122 126 121 123 139 144 124 119 127 122 119 122 117 129 150 144 160 175 193 184 167 158 135 127 109 106 101 105 114 123 107 101 96 100 103
56 102 32 189 30 69 46 26 151 45 133 35 101 131 99 170 182 151 145 79 166 29 150 14 142 127 97 130 0 30 169 193 12 65 143 196 41 169 17 26 164 26 159 52 155 148 104 134 86 34 96 39 156 170 30 125 19 58 155 153 39 27 23 55 51 45 29 21 10 10 19 23 14 13 54 57 38 46 43 21 34 30 40 56 105 96 79 81 77 73 54 47 39 30 22 17 25 32 34 32 36
26 79 53 205 10 79 16 38 166 47 148 34 92 137 69 161 188 161 151 89 181 47 141 34 132 142 83 145 30 0 175 199 33 57 158 212 55 159 41 54 170 39 165 61 170 163 95 149 78 55 79 63 162 176 29 100 35 60 170 164 9 45 10 57 22 16 30 19 37 31 39 41 38 41 56 61 40 47 45 18 5 1 12 26 96 87 70 72 79 79 63 56 49 41 37 38 53 58 58 49 48
202 172 198 93 185 133 192 193 144 134 126 199 172 65 234 202 169 42 154 108 159 203 219 182 211 120 167 123 169 175 0 19 161 130 136 64 152 187 185 172 173 193 20 125 148 141 175 95 131 200 173 190 165 29 194 195 186 122 148 45 187 212 165 124 194 191 146 155 165 162 196 202 185 180 130 115 138 135 131 158 180 174 188 202 174 165 149 135 108 97 115 122 132 141 149 156 168 162 157 159 153
225 196 212 106 208 147 216 224 157 157 139 223 196 79 257 226 162 55 178 122 172 216 243 213 234 133 191 136 193 199 19 0 185 153 149 77 165 211 198 185 197 224 34 149 161 154 198 108 155 213 197 203 189 42 218 219 217 146 161 58 211 225 189 148 218 215 170 179 195 186 209 216 199 194 154 138 161 159 155 182 204 198 211 225 198 189 173 159 132 121 139 146 156 164 173 179 182 176 170 173 167
59 96 41 186 37 61 49 37 147 38 129 47 95 123 102 164 174 143 137 71 162 39 144 25 136 123 91 126 12 33 161 185 0 58 139 193 37 157 23 28 156 37 151 44 151 144 98 131 80 43 90 46 148 162 42 119 30 51 151 145 42 38 21 48 54 49 22 15 10 5 28 34 21 15 47 50 30 39 36 15 38 32 45 59 99 90 73 75 69 65 46 39 31 23 15 10 19 26 31 29 30
79 55 96 195 68 72 71 90 157 21 139 90 55 91 105 110 142 114 105 61 172 93 104 78 95 133 50 136 65 57 130 153 58 0 149 202 63 105 81 81 124 90 119 37 161 154 57 140 30 98 56 103 109 130 85 78 83 11 161 117 66 91 56 14 70 69 36 46 68 63 83 87 79 73 13 20 29 19 26 49 63 56 67 79 58 49 33 25 22 33 35 32 40 49 54 60 73 77 74 65 54
188 203 147 99 168 98 178 168 24 135 16 174 202 146 231 251 244 147 207 116 37 152 251 151 243 20 198 25 143 158 136 149 139 149 0 106 104 240 137 129 226 169 126 118 28 20 205 43 177 149 203 139 218 134 169 226 156 140 28 150 173 161 149 136 183 178 136 139 134 136 152 158 138 133 141 135 132 136 130 142 163 157 174 188 206 197 180 172 148 141 122 119 114 118 127 136 120 115 109 113 116
241 256 201 62 222 152 232 221 114 188 95 227 256 98 284 304 167 75 198 170 129 205 305 205 296 90 251 93 196 212 64 77 193 202 106 0 157 231 191 182 216 222 54 171 118 111 258 65 230 202 257 192 208 62 222 279 209 193 118 78 227 214 202 190 236 231 189 193 187 190 206 211 191 186 194 188 186 189 183 195 217 211 227 241 260 251 234 225 201 194 175 172 168 172 181 189 174 168 162 166 170
85 115 51 150 65 32 75 61 112 52 94 72 115 74 128 165 164 115 127 44 127 55 164 49 155 88 110 91 41 55 152 165 37 63 104 157 0 160 35 22 146 61 131 32 116 109 117 95 91 52 110 51 137 142 67 138 53 54 116 118 70 58 46 50 80 75 38 36 32 34 46 52 36 31 54 49 43 52 47 39 60 54 71 85 118 109 93 86 62 55 36 33 27 23 24 31 18 13 7 8 13
163 94 197 287 170 150 161 194 248 119 230 193 77 149 177 36 113 172 60 124 263 201 53 182 69 224 86 227 169 159 187 211 157 105 240 231 160 0 181 178 68 193 177 133 252 245 78 232 89 199 96 200 23 188 188 102 186 106 252 174 169 195 157 111 156 158 135 149 173 170 191 198 182 177 114 123 128 120 124 152 165 158 169 163 74 76 89 94 85 106 124 130 141 149 158 164 170 174 171 162 151
67 117 17 184 41 65 58 29 145 61 127 40 116 107 110 184 185 149 148 77 160 20 165 18 156 121 111 124 17 41 185 198 23 81 137 191 35 181 0 14 167 30 164 54 149 142 119 128 101 19 111 24 159 175 35 139 22 74 149 152 51 25 37 71 63 57 43 35 13 18 14 19 4 6 70 71 53 62 59 35 46 41 52 67 120 111 94 95 83 76 57 56 45 37 30 23 17 24 28 28 35
80 123 27 175 54 56 70 43 136 61 118 54 122 94 123 182 182 136 145 64 151 32 171 32 163 112 118 115 26 54 172 185 28 81 129 182 22 178 14 0 163 44 151 50 140 133 125 120 107 29 117 29 155 162 49 146 36 72 140 139 63 37 45 68 75 69 47 42 18 23 28 32 18 13 69 67 53 61 57 42 58 53 64 80 126 117 100 102 80 72 54 51 41 33 30 23 8 11 15 19 28
196 135 183 273 179 136 187 188 234 128 216 193 118 135 220 101 69 158 21 110 249 187 118 176 133 210 127 213 164 170 173 197 156 124 226 216 146 68 167 163 0 188 163 119 238 231 119 217 115 185 138 186 46 174 188 144 180 116 238 160 182 188 159 119 189 186 141 149 159 156 177 184 168 163 124 109 132 130 126 152 175 169 182 196 115 117 122 123 102 92 110 116 126 135 144 150 156 160 157 148 137
58 117 24 216 33 97 50 4 177 70 159 16 126 133 96 195 206 175 169 103 192 17 175 14 167 153 122 156 26 39 193 224 37 90 169 222 61 193 30 44 188 0 190 76 181 174 129 160 111 26 116 46 179 201 10 138 8 83 181 177 42 13 40 80 56 50 54 46 33 33 18 12 26 31 79 82 62 71 68 46 39 39 44 58 130 121 104 106 102 97 78 71 63 54 46 41 43 50 54 54 60
191 162 178 83 174 113 182 190 134 123 116 189 162 45 223 192 181 21 144 88 149 182 209 179 200 110 157 113 159 165 20 34 151 119 126 54 131 177 164 151 163 190 0 115 138 131 164 85 121 179 163 169 155 11 184 185 183 112 138 24 177 191 155 114 184 181 136 145 161 152 175 182 165 160 120 104 127 125 121 148 170 164 177 191 164 155 139 125 98 87 105 112 122 130 139 145 148 142 136 139 133
90 91 69 164 71 40 81 76 125 29 107 82 90 87 133 138 137 117 101 46 141 73 139 65 130 101 85 104 52 61 125 149 44 37 118 171 32 133 54 50 119 76 115 0 130 122 93 109 64 71 91 72 111 126 77 114 69 28 130 120 76 76 51 24 85 80 35 42 48 45 64 71 54 49 28 22 29 31 23 44 66 60 76 90 94 85 68 59 35 28 10 6 13 21 32 39 42 46 43 34 24
200 215 159 111 180 110 190 180 4 147 31 186 214 158 243 263 256 159 219 128 35 164 263 163 254 32 210 37 155 170 148 161 151 161 28 118 116 252 149 140 238 181 138 130 0 7 217 55 189 161 215 151 230 146 181 238 167 152 0 162 185 173 161 148 194 189 148 151 146 148 164 170 150 145 152 147 144 148 142 154 175 169 186 200 218 209 192 183 160 153 134 131 126 130 139 148 132 127 121 125 128
193 208 152 104 173 103 183 172 3 140 24 178 207 151 236 255 249 152 212 121 28 157 256 156 247 25 202 30 148 163 141 154 144 154 20 111 109 245 142 133 231 174 131 122 7 0 210 48 182 154 208 143 223 139 174 231 160 145 7 155 178 166 154 141 187 182 140 144 138 141 157 162 142 137 145 140 137 140 135 147 168 162 178 193 211 202 185 176 152 145 127 124 119 123 132 141 125 119 114 118 121
94 22 135 252 101 128 92 129 213 70 195 129 3 136 107 73 157 159 105 106 228 132 49 117 40 189 15 192 104 95 175 198 98 57 205 258 117 78 119 125 119 129 164 93 217 210 0 196 39 137 24 141 77 175 124 28 122 65 217 162 94 130 92 71 86 89 76 85 107 101 122 126 116 113 66 74 78 68 76 87 95 94 94 94 6 13 29 41 68 78 91 88 91 98 98 104 117 121 119 110 104
179 194 138 58 160 89 169 159 51 126 33 165 194 137 222 242 235 106 199 107 66 143 243 143 234 27 189 30 134 149 95 108 131 140 43 65 95 232 128 120 217 160 85 109 55 48 196 0 168 140 195 130 209 93 160 217 147 131 55 109 164 152 140 127 174 169 127 131 125 127 144 149 129 124 132 126 123 127 121 133 154 148 165 179 197 188 172 163 139 132 113 110 106 109 119 127 112 106 100 104 107
92 44 117 223 88 99 91 111 185 49 166 111 37 93 114 94 136 116 96 68 200 114 82 100 73 161 39 164 86 78 131 155 80 30 177 230 91 89 101 107 115 111 121 64 189 182 39 168 0 119 45 124 80 132 106 58 104 37 189 119 87 113 74 42 83 89 58 67 89 83 104 108 99 95 42 45 56 47 54 70 83 77 87 92 36 30 15 7 33 44 58 60 68 76 81 86 99 104 101 92 82
79 132 2 195 53 77 71 25 157 78 138 35 134 122 117 202 203 164 166 92 172 9 183 21 174 133 129 136 34 55 200 213 43 98 149 202 52 199 19 29 185 26 179 71 161 154 137 140 119 0 131 26 176 190 31 157 21 91 161 166 62 16 52 88 76 70 61 53 33 38 16 15 23 25 87 91 73 78 79 53 59 54 64 79 138 129 112 113 101 94 75 76 63 54 50 43 34 38 46 45 53
77 2 130 250 84 126 75 116 211 63 193 112 21 135 90 95 176 157 123 105 226 124 71 111 62 187 15 190 96 79 173 197 90 56 203 257 110 96 111 117 138 116 163 91 215 208 24 195 45 131 0 134 95 173 107 23 111 64 215 160 77 122 84 69 69 72 68 77 99 93 115 118 109 105 64 73 70 67 68 80 78 78 77 77 28 22 28 39 66 76 89 86 83 90 91 96 110 114 111 102 96
89 139 25 185 63 66 79 45 146 84 128 59 138 112 132 207 204 153 167 82 162 29 188 36 179 122 134 125 39 63 190 203 46 103 139 192 51 200 24 29 186 46 169 72 151 143 141 130 124 26 134 0 178 180 54 162 40 94 151 156 72 38 60 90 85 79 66 58 35 41 30 35 26 30 93 89 76 84 79 58 67 62 74 89 142 133 117 118 102 95 76 73 64 55 53 46 33 39 44 45 54
164 93 175 265 171 127 178 180 226 120 208 185 76 127 178 54 91 149 38 102 241 179 71 168 90 202 85 205 156 162 165 189 148 109 218 208 137 23 159 155 46 179 155 111 230 223 77 209 80 176 95 178 0 166 180 101 172 108 230 152 173 180 151 110 157 178 132 141 151 148 169 175 160 155 116 101 124 121 118 144 167 161 174 164 73 75 80 85 88 84 102 108 118 127 136 142 148 151 149 140 129
202 173 189 91 185 124 193 201 142 134 124 200 172 56 234 203 192 32 155 99 157 193 220 190 211 118 168 121 170 176 29 42 162 130 134 62 142 188 175 162 174 201 11 126 146 139 175 93 132 190 173 180 166 0 195 196 194 123 146 35 188 202 166 125 195 192 147 156 172 163 186 192 176 171 131 115 138 136 132 159 181 175 188 202 175 166 150 136 108 98 116 123 133 141 150 156 159 153 147 149 144
48 107 32 215 23 97 40 9 177 65 159 7 121 156 86 190 207 180 170 109 192 25 170 20 161 153 117 156 30 29 194 218 42 85 169 222 67 188 35 49 188 10 184 77 181 174 124 160 106 31 107 54 180 195 0 128 14 79 181 183 32 16 32 75 46 40 49 39 39 39 25 19 31 37 74 80 59 66 64 38 31 29 34 48 125 116 99 101 97 97 79 72 65 57 52 46 49 56 60 60 64
99 22 156 272 105 149 96 138 234 91 216 133 25 157 104 101 182 180 129 127 249 145 75 138 66 210 32 213 125 100 195 219 119 78 226 279 138 102 139 146 144 138 185 114 238 231 28 217 58 157 23 162 101 196 128 0 133 86 238 183 99 143 113 91 91 93 97 106 128 122 143 140 137 134 87 95 99 89 97 108 99 99 98 99 34 30 50 62 88 99 112 109 112 119 119 125 138 142 140 131 125
59 112 19 202 33 83 51 7 163 63 145 21 119 126 101 188 199 167 162 96 178 14 168 6 159 139 115 142 19 35 186 217 30 83 156 209 53 186 22 36 180 8 183 69 167 160 122 147 104 21 111 40 172 194 14 133 0 76 167 170 42 12 35 73 56 50 46 38 26 26 10 8 18 23 72 75 55 63 61 39 39 34 44 59 123 114 97 99 95 89 71 64 56 47 39 33 35 43 47 46 54
85 63 89 187 69 63 77 83 148 13 130 83 63 84 116 111 134 106 97 54 163 86 112 72 103 124 58 127 58 60 122 146 51 11 140 193 54 106 74 72 116 83 112 28 152 145 65 131 37 91 64 94 108 123 79 86 76 0 152 109 72 85 49 6 76 75 30 39 61 56 76 80 72 67 9 10 22 15 18 42 65 59 72 85 66 57 41 32 19 25 26 23 31 40 47 53 64 68 65 56 46
200 215 159 111 180 110 190 180 4 147 31 186 214 158 243 263 256 159 219 128 35 164 263 163 254 32 210 37 155 170 148 161 151 161 28 118 116 252 149 140 238 181 138 130 0 7 217 55 189 161 215 151 230 146 181 238 167 152 0 162 185 173 161 148 194 189 148 151 146 148 164 170 150 145 152 147 144 148 142 154 175 169 186 200 218 209 192 183 160 153 134 131 126 130 139 148 132 127 121 125 128
193 160 165 107 174 100 183 177 158 121 140 188 159 42 221 189 178 3 142 75 173 169 207 166 198 134 154 137 153 164 45 58 145 117 150 78 118 174 152 139 160 177 24 120 162 155 162 109 119 166 160 156 152 35 183 183 170 109 162 0 179 179 154 111 188 183 133 145 148 146 162 169 152 147 117 102 125 122 119 147 168 162 179 193 161 152 136 122 95 85 103 109 115 123 134 140 135 129 123 126 120
18 78 61 220 9 94 10 41 181 58 163 36 91 149 61 162 200 176 163 104 196 54 139 44 130 157 82 160 39 9 187 211 42 66 173 227 70 169 51 63 182 42 177 76 185 178 94 164 87 62 77 72 173 188 32 99 42 72 185 179 0 48 19 68 15 9 42 29 48 40 49 49 47 50 65 73 52 59 57 28 5 11 3 18 97 88 79 81 87 91 78 71 64 56 52 48 62 70 73 64 63
64 122 16 208 39 89 56 10 169 71 151 20 128 134 102 196 206 176 169 104 184 9 177 13 168 145 123 148 27 45 212 225 38 91 161 214 58 195 25 37 188 13 191 76 173 166 130 152 113 16 122 38 180 202 16 143 12 85 173 179 48 0 45 81 62 56 55 47 30 34 12 7 22 28 80 83 64 72 69 47 47 44 50 64 131 122 106 107 103 97 79 72 63 54 47 38 40 47 51 51 58
36 85 50 195 19 69 26 40 157 36 139 37 89 127 79 158 177 151 140 80 172 47 138 33 130 133 85 136 23 10 165 189 21 56 149 202 46 157 37 45 159 40 155 51 161 154 92 140 74 52 84 60 151 166 32 113 35 49 161 154 19 45 0 46 31 25 20 10 26 21 37 42 35 32 45 51 29 37 35 9 15 9 21 36 93 84 68 69 68 68 53 47 40 32 28 26 40 47 49 40 38
82 68 86 183 66 59 73 80 144 11 126 80 68 86 116 116 137 108 100 56 159 83 117 68 108 120 63 123 55 57 124 148 48 14 136 190 50 111 71 68 119 80 114 24 148 141 71 127 42 88 69 90 110 125 75 91 73 6 148 111 68 81 46 0 73 72 27 36 58 53 73 77 69 64 8 10 19 12 14 39 62 56 69 82 72 63 46 37 24 28 22 19 27 35 44 50 60 64 61 52 42
9 70 74 229 23 103 7 55 190 62 172 49 84 156 52 154 207 185 170 113 205 68 131 56 122 166 74 169 51 22 194 218 54 70 183 236 80 156 63 75 189 56 184 85 194 187 86 174 83 76 69 85 157 195 46 91 56 76 194 188 15 62 31 73 0 6 51 45 58 53 60 62 60 63 69 80 57 62 64 40 18 23 12 9 89 80 76 78 91 98 86 80 73 65 61 60 75 79 82 73 72
13 72 69 224 17 98 2 49 185 61 167 41 86 153 56 157 204 180 167 108 200 62 134 50 125 161 76 164 45 16 191 215 49 69 178 231 75 158 57 69 186 50 181 80 189 182 89 169 89 70 72 79 178 192 40 93 50 75 189 183 9 56 25 72 6 0 46 35 52 47 54 56 54 57 68 77 56 61 61 34 12 17 6 13 92 83 82 84 90 95 82 75 68 60 56 54 69 73 77 68 67
56 74 59 182 39 58 47 54 143 16 125 54 73 108 99 142 159 131 122 65 159 56 122 42 114 119 69 122 29 30 146 170 22 36 136 189 38 135 43 47 141 54 136 35 148 140 76 127 58 61 68 66 132 147 49 97 46 30 148 133 42 55 20 27 51 46 0 10 31 27 46 51 41 37 26 32 9 17 16 13 35 29 42 56 77 68 51 53 48 50 37 31 24 21 20 26 40 44 41 32 27
45 83 51 186 30 60 36 46 147 26 129 44 82 117 88 151 168 142 131 70 162 48 131 34 122 123 78 126 21 19 155 179 15 46 139 193 36 149 35 42 149 46 145 42 151 144 85 131 67 53 77 58 141 156 39 106 38 39 151 145 29 47 10 36 45 35 10 0 23 18 38 43 33 29 35 41 19 27 25 3 24 18 31 45 86 77 60 62 58 58 44 37 30 22 18 20 34 42 39 30 29
63 105 31 180 40 62 53 33 142 48 123 44 104 104 106 173 177 145 140 74 157 29 153 21 144 118 99 121 10 37 165 195 10 68 134 187 32 173 13 18 159 33 161 48 146 138 107 125 89 33 99 35 151 172 39 128 26 61 146 148 48 30 26 58 58 52 31 23 0 5 18 25 11 6 57 57 40 49 45 23 42 36 49 63 108 99 82 84 75 68 50 43 34 25 18 9 13 20 25 23 29
57 99 36 183 35 61 47 34 144 43 126 44 98 124 100 167 174 143 137 72 159 34 147 22 139 120 94 123 10 31 162 186 5 63 136 190 34 170 18 23 156 33 152 45 148 141 101 127 83 38 93 41 148 163 39 122 26 56 148 146 40 34 21 53 53 47 27 18 5 0 23 29 16 10 52 55 35 44 40 18 36 30 43 57 102 93 76 78 72 65 47 40 32 23 15 9 16 23 27 25 28
65 116 14 199 40 80 55 17 160 63 142 30 119 118 107 188 195 159 158 88 175 11 168 7 159 136 114 139 19 39 196 209 28 83 152 206 46 191 14 28 177 18 175 64 164 157 122 144 104 16 115 30 169 186 25 143 10 76 164 162 49 12 37 73 60 54 46 38 18 23 0 7 10 16 72 75 55 63 61 39 43 38 49 65 123 114 97 99 93 86 68 61 52 43 35 29 28 35 39 39 46
65 118 13 204 40 85 57 10 165 67 147 24 123 124 107 192 202 166 165 94 181 7 172 9 164 141 119 144 23 41 202 216 34 87 158 211 52 198 19 32 184 12 182 71 170 162 126 149 108 15 118 35 175 192 19 140 8 80 170 169 49 7 42 77 62 56 51 43 25 29 7 0 17 22 76 79 60 68 65 43 46 41 51 65 127 118 101 103 99 93 74 67 59 50 42 35 34 42 45 45 53
64 114 21 184 38 66 55 25 146 59 127 36 114 108 107 182 186 149 149 78 161 19 163 14 154 122 109 124 14 38 185 199 21 79 138 191 36 182 4 18 168 26 165 54 150 142 116 129 99 23 109 26 160 176 31 137 18 72 150 152 47 22 35 69 60 54 41 33 11 16 10 17 0 6 68 68 51 60 56 33 43 37 49 64 117 108 92 93 84 77 58 54 45 36 28 21 17 25 29 29 36
67 111 23 179 41 61 57 30 140 53 122 41 110 103 110 179 181 144 144 73 156 25 159 19 150 116 105 119 13 41 180 194 15 73 133 186 31 177 6 13 163 31 160 49 145 137 113 124 95 25 105 30 155 171 37 134 23 67 145 147 50 28 32 64 63 57 37 29 6 10 16 22 6 0 63 64 46 54 51 30 45 42 52 67 114 105 88 90 79 72 53 50 41 32 23 16 12 20 24 23 31
78 64 85 187 65 63 70 79 148 9 130 79 63 92 107 120 142 114 106 62 163 82 112 67 104 124 59 127 54 56 130 154 47 13 141 194 54 114 70 69 124 79 120 28 152 145 66 132 42 87 64 93 116 131 74 87 72 9 152 117 65 80 45 8 69 68 26 35 57 52 72 76 68 63 0 17 18 8 14 38 61 55 66 78 67 58 41 36 28 33 26 24 28 37 43 49 61 65 62 53 42
88 72 89 181 71 57 78 82 143 19 124 85 71 77 123 118 127 99 90 47 158 87 120 70 112 119 67 122 57 61 115 138 50 20 135 188 49 123 71 67 109 82 104 22 147 140 74 126 45 91 73 89 101 115 80 95 75 10 147 102 73 83 51 10 80 77 32 41 57 55 75 79 68 64 17 0 24 20 17 44 66 60 74 88 75 66 50 39 21 18 20 18 26 34 42 48 59 63 60 51 40
66 76 71 179 49 55 57 63 140 9 122 63 75 100 109 133 150 122 113 58 155 65 124 51 115 116 70 119 38 40 138 161 30 29 132 186 43 128 53 53 132 62 127 29 144 137 78 123 56 73 70 76 124 138 59 99 55 22 144 125 52 64 29 19 57 56 9 19 40 35 55 60 51 46 18 24 0 9 7 22 45 39 52 66 79 70 53 51 41 41 29 24 18 20 26 32 45 49 46 37 30
71 66 76 182 56 58 63 71 144 2 125 71 66 97 104 126 148 119 111 67 159 73 115 59 106 119 61 122 46 47 135 159 39 19 136 189 52 120 62 61 130 71 125 31 148 140 68 127 47 78 67 84 121 136 66 89 63 15 148 122 59 72 37 12 62 61 17 27 49 44 63 68 60 54 8 20 9 0 7 30 52 46 59 71 69 60 44 41 34 39 29 26 23 30 35 41 54 58 55 46 39
71 74 77 176 54 53 62 68 138 6 120 69 73 93 114 129 144 116 107 63 153 71 122 56 113 114 69 117 43 45 131 155 36 26 130 183 47 124 59 57 126 68 121 23 142 135 76 121 54 79 68 79 118 132 64 97 61 18 142 119 57 69 35 14 64 61 16 25 45 40 61 65 56 51 14 17 7 7 0 28 50 44 57 71 77 68 51 49 37 35 22 19 17 25 32 38 49 53 50 41 34
44 85 52 188 29 62 35 46 150 29 131 43 85 120 87 153 170 144 134 73 165 48 134 34 125 126 80 129 21 18 158 182 15 49 142 195 39 152 35 42 152 46 148 44 154 147 87 133 70 53 80 58 144 159 38 108 39 42 154 147 28 47 9 39 40 34 13 3 23 18 39 43 33 30 38 44 22 30 28 0 23 17 30 44 88 79 63 64 61 61 46 39 33 24 21 20 34 41 42 33 31
21 78 57 210 8 84 13 40 171 51 153 35 92 142 64 163 193 166 156 94 186 52 140 39 131 147 82 150 34 5 180 204 38 63 163 217 60 165 46 58 175 39 170 66 175 168 95 154 83 59 78 67 167 181 31 99 39 65 175 168 5 47 15 62 18 12 35 24 42 36 43 46 43 45 61 66 45 52 50 23 0 6 6 21 98 89 76 78 84 84 68 61 54 46 42 43 57 65 63 54 53
27 78 52 204 12 78 18 38 165 45 147 34 91 136 70 160 187 160 150 88 180 46 140 33 131 141 82 144 30 1 174 198 32 56 157 211 54 158 41 53 169 39 164 60 169 162 94 148 77 54 78 62 161 175 29 99 34 59 169 162 11 44 9 56 23 17 29 18 36 30 38 41 37 42 55 60 39 46 44 17 6 0 13 27 95 86 69 71 78 78 62 55 48 40 36 37 50 57 57 48 47
15 77 63 220 11 94 7 43 182 59 163 38 91 149 58 162 200 176 163 105 197 56 139 45 130 157 81 160 40 12 188 211 45 67 174 227 71 169 52 64 182 44 177 76 186 178 94 165 87 64 77 74 174 188 34 98 44 72 186 179 3 50 21 69 12 6 42 31 49 43 49 51 49 52 66 74 52 59 57 30 6 13 0 15 97 88 80 82 88 91 78 71 64 56 53 50 64 70 73 65 63
0 78 77 234 26 108 13 57 196 71 177 46 91 164 43 162 214 190 177 119 211 71 139 60 130 172 81 175 56 26 202 225 59 79 188 241 85 163 67 80 196 58 191 90 200 193 94 179 92 79 77 89 164 202 48 99 59 85 200 193 18 64 36 82 9 13 56 45 63 57 65 65 64 67 78 88 66 71 71 44 21 27 15 0 97 88 84 86 100 105 92 85 79 70 67 64 79 84 88 79 77
97 26 136 253 106 129 95 130 214 71 196 130 6 136 110 72 153 158 100 106 229 133 46 118 38 190 17 193 105 96 174 198 99 58 206 260 118 74 120 126 115 130 164 94 218 211 6 197 36 138 28 142 73 175 125 34 123 66 218 161 97 131 93 72 89 92 77 86 108 102 123 127 117 114 67 75 79 69 77 88 98 95 97 97 0 9 28 41 67 77 92 89 92 99 99 105 118 122 120 111 105
88 19 127 244 97 120 86 121 205 62 187 121 10 127 101 74 155 149 102 97 220 124 55 109 46 181 11 184 96 87 165 189 90 49 197 251 109 76 111 117 117 121 155 85 209 202 13 188 30 129 22 133 75 166 116 30 114 57 209 152 88 122 84 63 80 83 68 77 99 93 114 118 108 105 58 66 70 60 68 79 89 86 88 88 9 0 20 32 58 69 83 80 83 90 90 96 109 114 111 102 96
84 27 110 227 81 103 84 105 188 45 170 104 27 111 97 92 160 133 107 81 203 107 74 93 65 164 22 167 79 70 149 173 73 33 180 234 93 89 94 100 122 104 139 68 192 185 29 172 15 112 28 117 80 150 99 50 97 41 192 136 79 106 68 46 76 82 51 60 82 76 97 101 92 88 41 50 53 44 51 63 76 69 80 84 28 20 0 16 42 53 66 64 67 73 74 79 93 97 94 85 79
86 39 112 218 83 94 86 106 179 43 161 106 38 97 108 99 148 120 104 67 194 109 86 94 77 155 34 158 81 72 135 159 75 25 172 225 86 94 95 102 123 106 125 59 183 176 41 163 7 113 39 118 85 136 101 62 99 32 183 122 81 107 69 37 78 84 53 62 84 78 99 103 93 90 36 39 51 41 49 64 78 71 82 86 41 32 16 0 28 39 53 55 63 71 75 81 94 98 95 86 77
100 65 99 194 88 70 92 102 156 32 137 102 65 70 126 103 120 92 83 40 171 103 112 90 104 132 60 135 77 79 108 132 69 22 148 201 62 85 83 80 102 102 98 35 160 152 68 139 33 101 66 102 88 108 97 88 95 19 160 95 87 103 68 24 91 90 48 58 75 72 93 99 84 79 28 21 41 34 37 61 84 78 88 100 67 58 42 28 0 11 26 32 42 51 60 66 72 76 73 64 53
105 76 92 187 88 59 96 97 149 37 130 102 75 59 137 113 110 82 73 29 164 96 123 85 114 125 71 127 73 79 97 121 65 33 141 194 55 106 76 72 92 97 87 28 153 145 78 132 44 94 76 95 84 98 97 99 89 25 153 85 91 97 68 28 98 95 50 58 68 65 86 93 77 72 33 18 41 39 35 61 84 78 91 105 77 69 53 39 11 0 19 25 35 44 53 59 65 69 66 57 46
92 89 73 168 73 45 83 78 130 27 112 84 88 77 135 129 128 100 91 47 145 77 137 67 128 106 83 109 54 63 115 139 46 35 122 175 36 124 57 54 110 78 105 10 134 127 91 113 58 75 89 76 102 116 79 112 71 26 134 103 78 79 53 22 86 82 37 44 50 47 68 74 58 53 26 20 29 29 22 46 68 62 78 92 92 83 66 53 26 19 0 7 15 23 34 41 46 50 47 38 27
85 86 74 165 66 41 76 71 127 25 108 77 85 84 128 134 134 106 98 47 142 72 134 60 126 103 81 106 47 56 122 146 39 32 119 172 33 130 56 51 116 71 112 6 131 124 88 110 60 76 86 73 108 123 72 109 64 23 131 109 71 72 47 19 80 75 31 37 43 40 61 67 54 50 24 18 24 26 19 39 61 55 71 85 89 80 64 55 32 25 7 0 10 19 27 34 43 47 44 35 24
79 89 61 161 59 37 69 63 122 22 104 70 88 94 122 142 145 112 108 41 137 64 138 51 129 98 84 101 39 49 132 156 31 40 114 168 27 141 45 41 126 63 122 13 126 119 91 106 68 63 83 64 118 133 65 112 56 31 126 115 64 63 40 27 73 68 24 30 34 32 52 59 45 41 28 26 18 23 17 33 54 48 64 79 92 83 67 63 42 35 15 10 0 9 19 25 34 38 35 26 15
70 96 52 165 51 41 61 54 126 29 108 62 95 103 113 150 153 121 116 49 141 55 144 42 136 102 91 105 30 41 141 164 23 49 118 172 23 149 37 33 135 54 130 21 130 123 98 109 76 54 90 55 127 141 57 119 47 40 130 123 56 54 32 35 65 60 21 22 25 23 43 50 36 32 37 34 20 30 25 24 46 40 56 70 99 90 73 71 51 44 23 19 9 0 10 16 25 29 26 17 10
67 96 48 174 47 49 57 46 135 34 117 57 96 111 110 164 162 131 125 59 150 46 145 35 136 111 91 114 22 37 149 173 15 54 127 181 24 158 30 30 144 46 139 32 139 132 98 119 81 50 91 53 136 150 52 119 39 47 139 134 52 47 28 44 61 56 20 18 18 15 35 42 28 23 43 42 26 35 32 21 42 36 53 67 99 90 74 75 60 53 34 27 19 10 0 9 22 30 27 18 16
64 102 41 182 43 55 55 41 144 40 125 51 101 118 107 170 168 137 131 65 159 39 150 29 142 120 97 123 17 38 156 179 10 60 136 189 31 164 23 23 150 41 145 39 148 141 104 127 86 43 96 46 142 156 46 125 33 53 148 140 48 38 26 50 60 54 26 20 9 9 29 35 21 16 49 48 32 41 38 20 43 37 50 64 105 96 79 81 66 59 41 34 25 16 9 0 15 22 27 25 22
79 115 33 167 53 48 69 42 128 53 110 53 115 90 122 175 174 132 137 60 143 36 164 31 155 104 110 107 25 53 168 182 19 73 120 174 18 170 17 8 156 43 148 42 132 125 117 112 99 34 110 33 148 159 49 138 35 64 132 135 62 40 40 60 75 69 40 34 13 16 28 34 17 12 61 59 45 54 49 34 57 50 64 79 118 109 93 94 72 65 46 43 34 25 22 15 0 8 12 15 24
84 119 37 161 61 42 74 50 122 57 104 61 119 85 127 179 178 126 141 55 138 42 168 39 159 98 114 101 32 58 162 176 26 77 115 168 13 174 24 11 160 50 142 46 127 119 121 106 104 38 114 39 151 153 56 142 43 68 127 129 70 47 47 64 79 73 44 42 20 23 35 42 25 20 65 63 49 58 53 41 65 57 70 84 122 114 97 98 76 69 50 47 38 29 30 22 8 0 6 14 20
88 117 44 155 65 37 78 54 117 54 99 65 116 79 131 176 175 120 138 49 132 48 165 43 156 93 111 96 34 58 157 170 31 74 109 162 7 171 28 15 157 54 136 43 121 114 119 100 101 46 111 44 149 147 60 140 47 65 121 123 73 51 49 61 82 77 41 39 25 27 39 45 29 24 62 60 46 55 50 42 63 57 73 88 120 111 94 95 73 66 47 44 35 26 27 27 12 6 0 8 14
79 108 44 160 59 41 69 53 121 45 103 65 107 81 122 167 166 123 129 51 136 47 156 42 147 97 103 100 32 49 159 173 29 65 113 166 8 162 28 19 148 54 139 34 125 118 110 104 92 45 102 45 140 149 60 131 46 56 125 126 64 51 40 52 73 68 32 30 23 25 39 45 29 23 53 51 37 46 41 33 54 48 65 79 111 102 85 86 64 57 38 35 26 17 18 25 15 14 8 0 7
77 102 51 163 58 33 68 61 124 38 106 69 101 76 120 156 155 117 118 46 139 55 150 48 142 100 97 103 36 48 153 167 30 54 116 170 13 151 35 28 137 60 133 24 128 121 104 107 82 53 96 54 129 144 64 125 54 46 128 120 63 58 38 42 72 67 27 29 29 28 46 53 36 31 42 40 30 39 34 31 53 47 63 77 105 96 79 77 53 46 27 24 15 10 16 22 24 20 14 7 0