0 77 200 203 25 223 85 142 72 53 176 12 211 100 33 211 74 220 70 163 58 187 74 186 79 220 148 50 73 199 79 163 144 177 5 227 59 133 38 72 102 71 193 188 26 175 55 114 33 200 79 204 9 36 196 100 73 65 179 200 78 64 36 82 9 13 56 45 63 57 65 65 64 67 78 88 66 71 71 44 21 27 15 0 97 88 84 86 100 105 92 85 79 70 67 64 79 84 88 79 77
77 0 142 145 68 165 111 152 69 63 145 78 184 130 53 153 31 162 32 179 41 135 31 128 26 193 162 63 115 141 26 105 159 146 81 189 47 81 57 29 129 10 134 130 51 116 80 63 66 142 82 173 72 43 138 23 115 61 121 142 25 34 42 69 73 67 49 39 15 20 25 29 15 10 70 68 54 63 58 39 55 50 62 77 124 115 98 103 81 74 55 52 43 34 31 24 9 13 18 21 33
200 142 0 79 187 100 206 235 206 200 219 206 158 225 187 35 166 96 169 252 181 196 166 26 161 167 241 199 210 3 161 37 238 219 204 163 185 143 191 164 223 144 7 28 170 37 216 116 201 4 161 246 195 173 6 121 210 154 22 4 160 173 161 148 195 190 148 151 146 148 164 170 150 145 153 147 144 148 142 154 175 169 186 200 218 209 192 184 160 153 134 131 127 130 139 148 132 127 121 125 128
203 145 79 0 190 55 209 238 208 203 221 209 113 227 190 90 169 52 172 255 184 117 169 66 163 122 244 202 213 78 164 42 241 222 207 118 188 145 194 166 226 147 72 67 173 54 219 119 203 79 164 249 197 175 75 124 213 157 58 79 163 176 164 151 197 192 151 154 149 151 167 172 153 148 155 150 147 151 145 157 178 172 189 203 221 212 195 186 163 156 137 134 129 133 142 151 135 129 124 128 131
25 68 187 190 0 210 70 127 82 61 161 36 195 85 34 198 70 207 66 153 56 174 70 173 71 205 133 58 59 186 71 150 130 162 29 212 62 120 45 64 88 61 179 175 17 161 66 101 42 187 60 189 19 27 183 90 59 48 166 187 70 62 26 65 16 15 43 37 53 47 55 58 55 58 61 72 49 54 56 37 15 18 16 25 82 73 64 66 81 90 78 72 65 57 54 53 67 74 74 66 64
223 165 100 55 210 0 229 258 229 223 242 229 91 248 210 110 189 5 192 276 204 95 189 86 184 100 264 222 233 99 184 62 261 243 227 96 208 166 214 187 246 167 92 88 193 74 240 139 224 100 184 269 218 196 95 144 233 177 78 100 183 196 184 171 218 213 171 175 169 172 188 193 173 168 176 170 167 171 165 177 198 192 209 223 241 232 216 207 183 176 157 154 150 153 163 171 156 150 144 148 151
85 111 206 209 70 229 0 58 148 132 110 96 171 20 105 217 127 226 122 79 118 148 127 192 125 180 64 129 17 205 125 169 60 106 89 187 128 108 114 121 18 105 198 194 84 180 135 122 113 206 46 122 79 90 202 125 17 54 185 206 124 119 81 59 77 80 65 74 95 90 110 115 105 101 55 63 66 57 65 76 86 83 85 85 13 4 16 28 55 65 79 77 80 87 87 93 106 110 107 99 93
142 152 235 238 127 258 58 0 201 186 61 152 181 48 158 246 180 255 176 30 171 158 180 221 172 190 15 183 74 234 172 198 19 57 146 197 181 123 168 174 48 146 228 223 137 210 191 149 169 235 82 73 136 143 231 162 74 107 214 235 171 172 134 89 134 136 113 127 144 139 164 168 158 150 92 91 105 98 101 129 143 136 141 142 52 54 67 71 73 80 97 104 114 123 131 138 143 147 144 135 125
72 69 206 208 82 229 148 201 0 18 198 64 232 167 51 217 44 226 40 223 32 200 44 192 49 241 207 21 139 205 48 168 204 199 69 254 21 146 37 43 165 63 198 194 65 180 27 127 41 206 120 225 72 58 202 86 139 97 185 206 48 33 68 110 75 70 84 76 62 63 45 39 54 59 109 112 93 101 98 76 68 65 67 72 160 151 134 136 132 127 108 101 93 84 76 71 71 79 83 82 90
53 63 200 203 61 223 132 186 18 0 192 45 226 147 32 211 38 220 34 208 26 194 38 186 43 236 192 3 120 199 42 163 189 193 50 248 15 140 18 37 149 57 193 188 51 175 17 121 25 200 106 220 53 44 196 81 120 86 179 200 42 27 54 101 56 51 74 65 56 58 39 33 48 53 100 105 84 91 89 64 49 51 48 53 144 135 119 121 123 121 102 95 87 78 70 65 66 73 77 77 84
176 145 219 221 161 242 110 61 198 192 0 183 162 100 167 229 170 239 170 64 168 140 170 205 165 172 65 191 133 218 165 181 69 7 181 178 178 105 176 167 100 139 211 206 150 193 204 132 179 219 104 47 171 151 214 142 133 116 197 219 164 168 140 99 169 166 121 130 139 137 157 164 148 143 105 89 112 110 106 133 155 149 162 176 104 106 111 103 83 72 90 97 107 115 124 130 136 140 137 128 118
12 78 206 209 36 229 96 152 64 45 183 0 217 111 30 217 67 226 62 174 50 193 67 192 72 226 158 42 84 205 71 169 155 184 16 233 51 139 30 67 113 72 199 194 32 181 47 120 25 206 87 210 17 39 202 101 84 73 185 206 71 56 42 89 19 20 63 52 67 61 61 60 66 68 86 94 72 80 78 51 24 34 20 12 108 99 95 97 108 111 99 92 85 77 73 71 80 88 92 85 84
211 184 158 113 195 91 171 181 232 226 162 217 0 190 201 168 215 88 217 196 202 54 215 144 209 15 186 226 176 157 209 120 191 163 215 30 212 110 210 212 188 189 150 145 184 132 238 159 214 158 138 190 205 186 153 169 176 151 136 158 208 221 174 133 203 200 155 164 174 171 205 212 195 190 139 124 147 144 140 167 189 183 196 211 183 174 158 144 117 106 124 131 141 150 158 165 178 172 166 169 163
100 130 225 227 85 248 20 48 167 147 100 111 190 0 124 236 146 245 141 70 137 167 146 211 144 199 54 144 34 224 144 187 51 97 104 206 147 127 133 140 18 124 217 213 102 199 150 141 128 225 65 113 94 109 220 144 34 73 203 225 143 138 100 78 92 95 84 92 114 109 129 134 124 120 74 82 85 76 84 95 101 101 100 100 9 16 35 47 74 84 98 96 99 106 106 112 125 129 126 117 112
33 53 187 190 34 210 105 158 51 32 167 30 201 124 0 198 45 207 40 181 27 175 45 173 47 211 164 29 93 186 47 150 161 168 35 218 33 121 14 39 122 46 180 175 23 162 42 102 16 187 78 195 34 16 183 75 93 59 166 187 45 33 27 74 35 29 47 38 41 41 34 33 40 43 73 78 57 64 62 37 21 22 23 33 117 108 92 94 96 96 81 74 67 59 53 48 55 62 66 63 66
211 153 35 90 198 110 217 246 217 211 229 217 168 236 198 0 177 107 180 263 192 207 177 36 171 177 252 210 221 34 172 48 249 230 215 174 196 153 202 174 234 155 28 37 181 48 227 127 211 35 172 257 206 183 31 132 221 165 33 35 171 184 172 159 205 200 159 162 157 159 175 181 161 156 163 158 155 159 153 165 186 180 197 211 229 220 203 194 171 164 145 142 137 141 150 159 143 138 132 136 139
74 31 166 169 70 189 127 180 44 38 170 67 215 146 45 177 0 186 5 204 22 165 0 153 6 224 186 38 126 165 5 129 183 171 72 220 23 112 41 5 144 34 159 154 53 141 55 87 53 166 99 198 73 46 162 47 126 76 145 166 7 11 54 89 74 68 63 55 35 40 17 12 25 30 88 92 72 80 77 55 58 53 63 74 139 130 113 115 106 99 80 78 69 60 52 45 39 43 51 50 58
220 162 96 52 207 5 226 255 226 220 239 226 88 245 207 107 186 0 189 272 201 92 186 83 181 97 261 219 230 96 181 59 258 239 224 93 205 163 211 184 243 164 89 84 190 71 236 136 221 96 181 266 215 193 92 141 230 174 75 96 180 193 181 168 215 210 168 171 166 168 184 190 170 165 173 167 164 168 162 174 195 189 206 220 238 229 212 204 180 173 154 151 147 150 159 168 152 147 141 145 148
70 32 169 172 66 192 122 176 40 34 170 62 217 141 40 180 5 189 0 203 17 168 5 155 10 226 182 33 122 168 9 131 178 171 67 223 19 114 36 6 140 31 161 157 49 143 50 90 49 169 95 197 69 41 165 50 122 72 148 169 10 7 49 85 70 64 58 50 32 37 14 8 22 27 84 89 67 75 73 50 53 48 58 70 135 126 109 110 105 98 80 75 66 57 49 42 39 45 50 50 58
163 179 252 255 153 276 79 30 223 208 64 174 196 70 181 263 204 272 203 0 193 174 204 239 198 205 25 206 95 251 199 215 29 60 168 212 203 139 190 201 69 173 245 240 159 227 217 166 193 252 105 60 158 166 248 176 95 130 231 252 198 195 157 111 156 158 135 149 173 170 191 198 182 177 114 123 128 120 124 152 165 158 169 163 74 76 89 94 85 106 124 130 141 149 158 164 170 174 171 162 151
58 41 181 184 56 204 118 171 32 26 168 50 202 137 27 192 22 201 17 193 0 171 22 167 26 211 177 25 113 180 26 144 174 169 55 226 12 117 24 19 135 35 174 169 39 156 42 102 36 181 90 195 54 32 177 62 113 67 160 181 25 13 40 80 56 50 54 46 33 33 18 12 26 31 79 82 62 71 68 46 39 39 44 58 130 121 104 106 102 97 78 71 63 54 46 41 43 50 54 54 60
187 135 196 117 174 95 148 158 200 194 140 193 54 167 175 207 165 92 168 174 171 0 165 183 160 63 164 193 154 195 160 159 169 141 191 59 180 61 187 163 166 140 189 184 157 171 210 110 188 196 116 168 181 159 192 120 154 128 175 196 159 172 148 111 181 176 133 138 142 140 156 162 146 141 117 101 126 122 118 141 162 156 173 187 161 152 136 122 95 97 102 115 108 117 127 133 128 123 117 119 114
74 31 166 169 70 189 127 180 44 38 170 67 215 146 45 177 0 186 5 204 22 165 0 153 6 224 186 38 126 165 5 129 183 171 72 220 23 112 41 5 144 34 159 154 53 141 55 87 53 166 99 198 73 46 162 47 126 76 145 166 7 11 54 89 74 68 63 55 35 40 17 12 25 30 88 92 72 80 77 55 58 53 63 74 139 130 113 115 106 99 80 78 69 60 52 45 39 43 51 50 58
186 128 26 66 173 86 192 221 192 186 205 192 144 211 173 36 153 83 155 239 167 183 153 0 147 153 227 186 196 25 147 24 224 206 191 149 171 129 178 150 210 130 19 3 157 24 203 102 187 26 147 233 181 159 22 107 196 140 24 26 146 159 147 135 181 176 134 138 132 135 151 156 136 131 139 133 131 134 128 140 162 156 172 186 204 195 179 170 146 139 120 117 113 117 126 134 119 113 107 111 115
79 26 161 163 71 184 125 172 49 43 165 72 209 144 47 171 6 181 10 198 26 160 6 147 0 218 184 42 128 160 1 123 181 166 76 214 28 106 45 7 143 27 153 149 55 135 59 82 58 161 97 192 75 47 156 41 128 74 139 161 1 16 52 88 76 70 61 53 33 38 15 15 23 25 87 90 73 78 78 53 59 54 64 79 137 129 112 113 100 93 75 76 62 54 50 43 34 38 45 45 53
220 193 167 122 205 100 180 190 241 236 172 226 15 199 211 177 224 97 226 205 211 63 224 153 218 0 196 235 186 166 218 129 200 172 224 34 221 119 220 221 197 198 159 154 194 141 248 168 223 167 148 199 215 195 162 178 186 160 145 167 217 230 183 142 212 210 164 173 183 180 214 220 204 199 148 133 156 153 150 176 199 193 206 220 192 183 167 153 126 116 134 140 150 159 168 174 187 181 175 177 172
148 162 241 244 133 264 64 15 207 192 65 158 186 54 164 252 186 261 182 25 177 164 186 227 184 196 0 189 79 240 185 204 6 61 152 203 187 129 174 180 54 156 234 229 143 216 197 154 175 241 88 77 142 149 237 172 79 113 220 241 183 178 140 95 140 142 119 133 150 145 170 174 164 156 98 97 111 104 107 135 148 142 147 148 58 60 73 77 81 86 103 112 120 129 136 142 153 157 154 145 135
50 63 199 202 58 222 129 183 21 3 191 42 226 144 29 210 38 219 33 206 25 193 38 186 42 235 189 0 118 198 42 162 186 192 47 248 15 140 15 37 146 57 192 187 48 174 17 120 23 199 103 219 50 41 195 80 118 83 178 199 41 27 51 98 53 48 71 62 55 57 38 33 48 53 97 103 81 88 86 61 46 48 46 50 141 132 116 118 120 120 102 95 87 77 70 64 65 73 76 76 84
73 115 210 213 59 233 17 74 139 120 133 84 176 34 93 221 126 230 122 95 113 154 126 196 128 186 79 118 0 209 128 173 76 130 78 192 120 114 105 121 34 109 203 198 75 185 123 126 101 210 50 138 67 84 206 129 0 58 189 210 126 118 85 63 66 68 69 78 100 94 115 114 109 106 59 67 71 61 69 80 74 74 73 73 29 20 23 34 60 71 83 81 84 91 91 97 110 114 111 103 97
199 141 3 78 186 99 205 234 205 199 218 205 157 224 186 34 165 96 168 251 180 195 165 25 160 166 240 198 209 0 160 36 237 219 203 162 184 142 190 163 222 143 6 27 169 36 215 115 200 1 160 245 194 172 5 120 209 153 21 1 159 172 160 147 194 189 147 151 145 147 164 169 149 144 152 146 143 147 141 153 174 168 185 199 217 208 192 183 159 152 133 130 126 129 139 147 132 126 120 124 127
79 26 161 164 71 184 125 172 48 42 165 71 209 144 47 172 5 181 9 199 26 160 5 147 1 218 185 42 128 160 0 124 181 166 76 215 28 106 45 7 143 27 154 149 55 136 59 82 57 161 98 193 75 47 157 42 128 74 140 161 1 16 52 88 76 70 61 53 33 38 16 15 23 25 87 91 73 78 79 53 59 54 64 79 138 129 112 113 101 94 75 76 63 54 50 43 34 38 46 45 53
163 105 37 42 150 62 169 198 168 163 181 169 120 187 150 48 129 59 131 215 144 159 129 24 123 129 204 162 173 36 124 0 201 182 167 126 148 105 154 126 186 107 30 25 133 12 179 79 163 37 124 209 157 135 33 84 173 117 16 37 123 136 124 111 157 152 110 114 109 111 127 132 113 107 115 110 107 111 105 117 138 132 149 163 181 172 155 146 123 116 97 94 89 93 102 111 95 89 84 88 91
144 159 238 241 130 261 60 19 204 189 69 155 191 51 161 249 183 258 178 29 174 169 183 224 181 200 6 186 76 237 181 201 0 66 149 207 184 134 170 177 50 153 231 226 140 213 194 152 172 238 85 82 138 146 234 169 76 110 217 238 180 175 137 91 137 139 116 130 147 142 166 171 161 153 95 94 108 101 104 132 145 139 144 144 55 57 69 74 78 89 104 109 117 125 133 139 150 154 151 142 131
177 146 219 222 162 243 106 57 199 193 7 184 163 97 168 230 171 239 171 60 169 141 171 206 166 172 61 192 130 219 166 182 66 0 182 179 179 106 177 168 96 140 212 207 151 194 205 133 180 219 105 40 172 152 215 143 130 117 198 219 165 169 140 100 170 167 122 131 140 137 158 165 149 144 106 90 113 111 107 134 156 150 163 177 100 102 107 104 83 73 91 98 108 116 125 131 137 141 138 129 118
5 81 204 207 29 227 89 146 69 50 181 16 215 104 35 215 72 224 67 168 55 191 72 191 76 224 152 47 78 203 76 167 149 182 0 231 56 137 35 72 107 75 197 192 30 179 52 118 30 204 83 208 13 40 200 104 78 69 183 204 76 61 40 86 13 18 61 50 67 61 66 65 68 71 82 92 70 75 76 49 25 32 19 5 101 92 88 91 104 109 97 90 83 75 71 69 83 88 92 83 82
227 189 163 118 212 96 187 197 254 248 178 233 30 206 218 174 220 93 223 212 226 59 220 149 214 34 203 248 192 162 215 126 207 179 231 0 234 116 226 217 204 195 156 151 201 138 254 164 230 163 155 206 222 202 159 175 192 167 142 163 214 227 190 149 219 217 171 180 196 187 211 217 200 195 155 140 163 160 157 183 205 200 213 227 199 190 174 160 133 123 141 147 157 166 175 181 183 177 172 174 168
59 47 185 188 62 208 128 181 21 15 178 51 212 147 33 196 23 205 19 203 12 180 23 171 28 221 187 15 120 184 28 148 184 179 56 234 0 126 21 23 145 43 178 173 45 160 32 106 30 185 100 205 59 39 181 66 120 77 164 185 27 13 49 90 62 56 64 56 42 43 24 19 34 39 89 92 72 81 78 56 47 45 50 59 140 131 114 116 112 107 88 81 73 64 56 51 51 59 63 62 70
133 81 143 145 120 166 108 123 146 140 105 139 110 127 121 153 112 163 114 139 117 61 112 129 106 119 129 140 114 142 106 105 134 106 137 116 126 0 134 109 126 86 135 130 103 117 157 56 134 143 76 133 128 106 138 66 114 88 121 143 105 118 94 71 128 123 79 85 88 86 102 109 92 87 77 61 73 82 78 87 108 102 119 133 121 112 96 82 54 43 62 61 55 63 74 80 75 69 63 66 60
38 57 191 194 45 214 114 168 37 18 176 30 210 133 14 202 41 211 36 190 24 187 41 178 45 220 174 15 105 190 45 154 170 177 35 226 21 134 0 41 132 51 184 179 33 166 28 120 13 191 88 204 38 26 187 80 105 68 170 191 44 30 36 83 41 36 56 47 48 48 35 35 42 47 82 87 66 73 71 46 32 33 33 38 127 118 101 103 104 105 89 82 75 67 61 55 59 67 70 70 74
72 29 164 166 64 187 121 174 43 37 167 67 212 140 39 174 5 184 6 201 19 163 5 150 7 221 180 37 121 163 7 126 177 168 72 217 23 109 41 0 138 28 156 152 48 138 54 85 53 164 93 194 67 40 159 44 121 70 142 164 6 11 48 83 69 63 57 49 29 34 11 8 19 24 82 86 66 74 71 49 52 47 57 72 133 124 108 109 103 96 77 72 63 54 46 39 36 42 48 47 55
102 129 223 226 88 246 18 48 165 149 100 113 188 18 122 234 144 243 140 69 135 166 144 210 143 197 54 146 34 222 143 186 50 96 107 204 145 126 132 138 0 123 216 211 101 198 152 139 130 223 63 112 96 107 219 143 34 71 202 223 142 136 98 77 95 97 82 91 113 107 128 132 122 119 72 80 84 74 82 93 103 100 102 102 13 15 34 46 72 83 97 94 97 104 105 110 123 128 125 116 110
71 10 144 147 61 167 105 146 63 57 139 72 189 124 46 155 34 164 31 173 35 140 34 130 27 198 156 57 109 143 27 107 153 140 75 195 43 86 51 28 123 0 137 132 45 119 74 65 60 144 76 167 65 37 140 33 109 56 123 144 26 31 36 63 66 60 43 33 9 14 19 26 9 4 64 62 48 57 52 33 49 44 55 71 117 108 92 93 75 68 49 46 37 28 23 16 11 18 23 21 27
193 134 7 72 179 92 198 228 198 193 211 199 150 217 180 28 159 89 161 245 174 189 159 19 153 159 234 192 203 6 154 30 231 212 197 156 178 135 184 156 216 137 0 20 163 30 209 108 193 7 154 239 187 165 3 114 203 147 15 7 152 166 154 141 187 182 140 144 138 141 157 162 142 137 145 140 137 140 135 147 168 162 178 193 211 202 185 176 152 145 127 124 119 123 132 141 125 119 114 118 121
188 130 28 67 175 88 194 223 194 188 206 194 145 213 175 37 154 84 157 240 169 184 154 3 149 154 229 187 198 27 149 25 226 207 192 151 173 130 179 152 211 132 20 0 158 25 204 104 188 28 149 234 183 161 24 109 198 142 26 28 148 161 149 136 183 178 136 139 134 136 152 158 138 133 141 135 132 136 130 142 163 157 174 188 206 197 180 172 148 141 122 119 114 118 127 136 120 115 109 113 116
26 51 170 173 17 193 84 137 65 51 150 32 184 102 23 181 53 190 49 159 39 157 53 157 55 194 143 48 75 169 55 133 140 151 30 201 45 103 33 48 101 45 163 158 0 145 59 84 35 170 57 178 21 10 166 74 75 43 149 170 53 45 10 57 22 16 30 19 37 31 39 41 38 41 56 61 40 47 45 18 5 1 12 26 96 87 70 72 79 79 63 56 49 41 37 38 53 58 58 49 48
175 116 37 54 161 74 180 210 180 175 193 181 132 199 162 48 141 71 143 227 156 171 141 24 135 141 216 174 185 36 136 12 213 194 179 138 160 117 166 138 198 119 30 25 145 0 191 90 175 37 136 221 169 147 33 96 185 129 24 37 134 148 136 123 169 164 122 126 121 123 139 144 124 119 127 122 119 122 117 129 150 144 160 175 193 184 167 158 135 127 109 106 101 105 114 123 107 101 96 100 103
55 80 216 219 66 240 135 191 27 17 204 47 238 150 42 227 55 236 50 217 42 210 55 203 59 248 197 17 123 215 59 179 194 205 52 254 32 157 28 54 152 74 209 204 59 191 0 137 27 216 115 232 55 53 212 97 123 96 195 216 59 44 64 111 58 58 84 75 73 74 55 50 65 70 110 115 94 101 99 74 55 59 54 55 147 138 128 130 132 133 119 112 104 95 87 81 82 90 93 93 101
114 63 116 119 101 139 122 149 127 121 132 120 159 141 102 127 87 136 90 166 102 110 87 102 82 168 154 120 126 115 82 79 152 133 118 164 106 56 120 85 139 65 108 104 84 90 137 0 115 116 77 160 109 87 112 42 126 70 95 116 81 94 75 65 109 104 64 66 67 67 85 91 78 73 69 63 61 64 58 68 89 83 100 114 134 125 109 100 76 65 50 47 43 47 54 61 54 56 42 47 39
33 66 201 203 42 224 113 169 41 25 179 25 214 128 16 211 53 221 49 193 36 188 53 187 58 223 175 23 101 200 57 163 172 180 30 230 30 134 13 53 130 60 193 188 35 175 27 115 0 201 90 207 34 28 196 89 101 72 179 201 57 42 39 86 36 32 60 50 55 54 47 47 54 56 85 91 69 77 75 49 30 34 30 33 125 116 104 106 108 108 93 86 79 71 67 62 68 76 80 77 78
200 142 4 79 187 100 206 235 206 200 219 206 158 225 187 35 166 96 169 252 181 196 166 26 161 167 241 199 210 1 161 37 238 219 204 163 185 143 191 164 223 144 7 28 170 37 216 116 201 0 161 246 195 173 6 121 210 154 22 0 160 173 161 148 195 190 148 152 146 148 164 170 150 145 153 147 144 148 142 154 175 169 186 200 218 209 192 184 160 153 134 131 127 130 139 148 132 127 121 125 128
79 82 161 164 60 184 46 82 120 106 104 87 138 65 78 172 99 181 95 105 90 116 99 147 97 148 88 103 50 160 98 124 85 105 83 155 100 76 88 93 63 76 154 149 57 136 115 77 90 161 0 132 72 63 157 92 50 26 140 161 96 91 56 14 70 69 36 46 68 63 83 87 79 73 13 20 29 19 26 49 63 56 67 79 58 49 33 25 22 33 35 32 40 49 54 60 73 77 74 65 54
204 173 246 249 189 269 122 73 225 220 47 210 190 113 195 257 198 266 197 60 195 168 198 233 192 199 77 219 138 245 193 209 82 40 208 206 205 133 204 194 112 167 239 234 178 221 232 160 207 246 132 0 199 179 242 170 138 144 225 246 191 196 167 126 197 194 148 157 167 164 185 191 176 171 132 117 140 137 134 160 183 177 190 204 116 118 125 130 110 100 118 124 134 143 152 158 164 167 165 156 145
9 72 195 197 19 218 79 136 72 53 171 17 205 94 34 206 73 215 69 158 54 181 73 181 75 215 142 50 67 194 75 157 138 172 13 222 59 128 38 67 96 65 187 183 21 169 55 109 34 195 72 199 0 31 191 94 67 58 174 195 74 60 30 75 3 7 51 40 57 52 59 61 59 62 71 82 61 64 66 39 17 22 10 9 91 82 78 80 93 100 87 80 73 65 61 59 74 78 82 74 72
36 43 173 175 27 196 90 143 58 44 151 39 186 109 16 183 46 193 41 166 32 159 46 159 47 195 149 41 84 172 47 135 146 152 40 202 39 106 26 40 107 37 165 161 10 147 53 87 28 173 63 179 31 0 168 66 84 43 151 173 46 37 11 58 31 25 31 22 33 27 31 34 30 35 57 63 41 49 47 21 14 10 21 36 102 93 77 78 80 80 65 58 51 43 39 34 45 53 57 52 50
196 138 6 75 183 95 202 231 202 196 214 202 153 220 183 31 162 92 165 248 177 192 162 22 156 162 237 195 206 5 157 33 234 215 200 159 181 138 187 159 219 140 3 24 166 33 212 112 196 6 157 242 191 168 0 117 206 150 18 6 156 169 157 144 190 185 144 147 142 144 160 166 146 141 148 143 140 144 138 150 171 165 182 196 214 205 188 179 156 149 130 127 122 126 135 144 128 123 117 121 124
100 23 121 124 90 144 125 162 86 81 142 101 169 144 75 132 47 141 50 176 62 120 47 107 41 178 172 80 129 120 42 84 169 143 104 175 66 66 80 44 143 33 114 109 74 96 97 42 89 121 92 170 94 66 117 0 129 72 100 121 41 54 65 79 95 89 59 57 38 43 45 50 38 33 80 78 64 73 68 57 78 73 84 100 137 129 112 113 91 84 65 62 53 44 45 39 24 16 18 26 33
73 115 210 213 59 233 17 74 139 120 133 84 176 34 93 221 126 230 122 95 113 154 126 196 128 186 79 118 0 209 128 173 76 130 78 192 120 114 105 121 34 109 203 198 75 185 123 126 101 210 50 138 67 84 206 129 0 58 189 210 126 118 85 63 66 68 69 78 100 94 115 114 109 106 59 67 71 61 69 80 74 74 73 73 29 20 23 34 60 71 83 81 84 91 91 97 110 114 111 103 97
65 61 154 157 48 177 54 107 97 86 116 73 151 73 59 165 76 174 72 130 67 128 76 140 74 160 113 83 58 153 74 117 110 117 69 167 77 88 68 70 71 56 147 142 43 129 96 70 72 154 26 144 58 43 150 72 58 0 133 154 73 68 32 19 56 55 14 23 45 42 60 64 54 51 15 27 14 8 14 26 49 42 53 65 66 57 41 42 40 45 34 31 29 32 34 39 52 57 54 45 39
179 121 22 58 166 78 185 214 185 179 197 185 136 203 166 33 145 75 148 231 160 175 145 24 139 145 220 178 189 21 140 16 217 198 183 142 164 121 170 142 202 123 15 26 149 24 195 95 179 22 140 225 174 151 18 100 189 133 0 22 139 152 140 127 173 168 127 130 125 127 143 149 129 124 131 126 123 127 121 133 154 148 165 179 197 188 171 162 139 132 113 110 105 109 118 127 111 106 100 104 107
200 142 4 79 187 100 206 235 206 200 219 206 158 225 187 35 166 96 169 252 181 196 166 26 161 167 241 199 210 1 161 37 238 219 204 163 185 143 191 164 223 144 7 28 170 37 216 116 201 0 161 246 195 173 6 121 210 154 22 0 160 173 161 148 195 190 148 152 146 148 164 170 150 145 153 147 144 148 142 154 175 169 186 200 218 209 192 184 160 153 134 131 127 130 139 148 132 127 121 125 128
78 25 160 163 70 183 124 171 48 42 164 71 208 143 45 171 7 180 10 198 25 159 7 146 1 217 183 41 126 159 1 123 180 165 76 214 27 105 44 6 142 26 152 148 53 134 59 81 57 160 96 191 74 46 156 41 126 73 139 160 0 15 51 86 75 69 60 52 32 37 14 14 22 24 86 89 72 77 77 52 58 53 63 78 136 127 111 112 100 93 74 75 62 53 49 42 33 37 45 44 52
64 34 173 176 62 196 119 172 33 27 168 56 221 138 33 184 11 193 7 195 13 172 11 159 16 230 178 27 118 172 16 136 175 169 61 227 13 118 30 11 136 31 166 161 45 148 44 94 42 173 91 196 60 37 169 54 118 68 152 173 15 0 45 81 62 56 55 47 30 34 12 7 22 28 80 83 64 72 69 47 47 44 50 64 131 122 106 107 103 97 79 72 63 54 47 38 40 47 51 51 58
36 42 161 164 26 184 81 134 68 54 140 42 174 100 27 172 54 181 49 157 40 148 54 147 52 183 140 51 85 160 52 124 137 140 40 190 49 94 36 48 98 36 154 149 10 136 64 75 39 161 56 167 30 11 157 65 85 32 140 161 51 45 0 46 31 25 20 10 26 21 37 42 35 32 45 51 29 37 35 9 15 9 21 36 93 84 68 69 68 68 53 47 40 32 28 26 40 47 49 40 38
82 69 148 151 65 171 59 89 110 101 99 89 133 78 74 159 89 168 85 111 80 111 89 135 88 142 95 98 63 147 88 111 91 100 86 149 90 71 83 83 77 63 141 136 57 123 111 65 86 148 14 126 75 58 144 79 63 19 127 148 86 81 46 0 73 72 27 36 58 53 73 77 69 64 8 10 19 12 14 39 62 56 69 82 72 63 46 37 24 28 22 19 27 35 44 50 60 64 61 52 42
9 73 195 197 16 218 77 134 75 56 169 19 203 92 35 205 74 215 70 156 56 181 74 181 76 212 140 53 66 194 76 157 137 170 13 219 62 128 41 69 95 66 187 183 22 169 58 109 36 195 70 197 3 31 190 95 66 56 173 195 75 62 31 73 0 6 51 45 58 53 60 62 60 63 69 80 57 62 64 40 18 23 12 9 89 80 76 78 91 98 86 80 73 65 61 60 75 79 82 73 72
13 67 190 192 15 213 80 136 70 51 166 20 200 95 29 200 68 210 64 158 50 176 68 176 70 210 142 48 68 189 70 152 139 167 18 217 56 123 36 63 97 60 182 178 16 164 58 104 32 190 69 194 7 25 185 89 68 55 168 190 69 56 25 72 6 0 46 35 52 47 54 56 54 57 68 77 56 61 61 34 12 17 6 13 92 83 82 84 90 95 82 75 68 60 56 54 69 73 77 68 67
56 49 148 151 43 171 65 113 84 74 121 63 155 84 47 159 63 168 58 135 54 133 63 134 61 164 119 71 69 147 61 110 116 122 61 171 64 79 56 57 82 43 140 136 30 122 84 64 60 148 36 148 51 31 144 59 69 14 127 148 60 55 20 27 51 46 0 10 31 27 46 51 41 37 26 32 9 17 16 13 35 29 42 56 77 68 51 53 48 50 37 31 24 21 20 26 40 44 41 32 27
45 39 151 154 37 175 74 127 76 65 130 52 164 92 38 162 55 171 50 149 46 138 55 138 53 173 133 62 78 151 53 114 130 131 50 180 56 85 47 49 91 33 144 139 19 126 75 66 50 152 46 157 40 22 147 57 78 23 130 152 52 47 10 36 45 35 10 0 23 18 38 43 33 29 35 41 19 27 25 3 24 18 31 45 86 77 60 62 58 58 44 37 30 22 18 20 34 42 39 30 29
63 15 146 149 53 169 95 144 62 56 139 67 174 114 41 157 35 166 32 173 33 142 35 132 33 183 150 55 100 145 33 109 147 140 67 196 42 88 48 29 113 9 138 134 37 121 73 67 55 146 68 167 57 33 142 38 100 45 125 146 32 30 26 58 58 52 31 23 0 5 18 25 11 6 57 57 40 49 45 23 42 36 49 63 108 99 82 84 75 68 50 43 34 25 18 9 13 20 25 23 29
57 20 148 151 47 172 90 139 63 58 137 61 171 109 41 159 40 168 37 170 33 140 40 135 38 180 145 57 94 147 38 111 142 137 61 187 43 86 48 34 107 14 141 136 31 123 74 67 54 148 63 164 52 27 144 43 94 42 127 148 37 34 21 53 53 47 27 18 5 0 23 29 16 10 52 55 35 44 40 18 36 30 43 57 102 93 76 78 72 65 47 40 32 23 15 9 16 23 27 25 28
65 25 164 167 55 188 110 164 45 39 157 61 205 129 34 175 17 184 14 191 18 156 17 151 15 214 170 38 115 164 16 127 166 158 66 211 24 102 35 11 128 19 157 152 39 139 55 85 47 164 83 185 59 31 160 45 115 60 143 164 14 12 37 73 60 54 46 38 18 23 0 7 10 16 72 75 55 63 61 39 43 38 49 65 123 114 97 99 93 86 68 61 52 43 35 29 28 35 39 39 46
65 29 170 172 58 193 115 168 39 33 164 60 212 134 33 181 12 190 8 198 12 162 12 156 15 220 174 33 114 169 15 132 171 165 65 217 19 109 35 8 132 26 162 158 41 144 50 91 47 170 87 191 61 34 166 50 114 64 149 170 14 7 42 77 62 56 51 43 25 29 7 0 17 22 76 79 60 68 65 43 46 41 51 65 127 118 101 103 99 93 74 67 59 50 42 35 34 42 45 45 53
64 15 150 153 55 173 105 158 54 48 148 66 195 124 40 161 25 170 22 182 26 146 25 136 23 204 164 48 109 149 23 113 161 149 68 200 34 92 42 19 122 9 142 138 38 124 65 78 54 150 79 176 59 30 146 38 109 54 129 150 22 22 35 69 60 54 41 33 11 16 10 17 0 6 68 68 51 60 56 33 43 37 49 64 117 108 92 93 84 77 58 54 45 36 28 21 17 25 29 29 36
67 10 145 148 58 168 101 150 59 53 143 68 190 120 43 156 30 165 27 177 31 141 30 131 25 199 156 53 106 144 25 107 153 144 71 195 39 87 47 24 119 4 137 133 41 119 70 73 56 145 73 171 62 35 141 33 106 51 124 145 24 28 32 64 63 57 37 29 6 10 16 22 6 0 63 64 46 54 51 30 45 42 52 67 114 105 88 90 79 72 53 50 41 32 23 16 12 20 24 23 31
78 70 153 155 61 176 55 92 109 100 105 86 139 74 73 163 88 173 84 114 79 117 88 139 87 148 98 97 59 152 87 115 95 106 82 155 89 77 82 82 72 64 145 141 56 127 110 69 85 153 13 132 71 57 148 80 59 15 131 153 86 80 45 8 69 68 26 35 57 52 72 76 68 63 0 17 18 8 14 38 61 55 66 78 67 58 41 36 28 33 26 24 28 37 43 49 61 65 62 53 42
88 68 147 150 72 170 63 91 112 105 89 94 124 82 78 158 92 167 89 123 82 101 92 133 90 133 97 103 67 146 91 110 94 90 92 140 92 61 87 86 80 62 140 135 61 122 115 63 91 147 20 117 82 63 143 78 67 27 126 147 89 83 51 10 80 77 32 41 57 55 75 79 68 64 17 0 24 20 17 44 66 60 74 88 75 66 50 39 21 18 20 18 26 34 42 48 59 63 60 51 40
66 54 144 147 49 167 66 105 93 84 112 72 147 85 57 155 72 164 67 128 62 126 72 131 73 156 111 81 71 143 73 107 108 113 70 163 72 73 66 66 84 48 137 132 40 119 94 61 69 144 29 140 61 41 140 64 71 14 123 144 72 64 29 19 57 56 9 19 40 35 55 60 51 46 18 24 0 9 7 22 45 39 52 66 79 70 53 51 41 41 29 24 18 20 26 32 45 49 46 37 30
71 63 148 151 54 171 57 98 101 91 110 80 144 76 64 159 80 168 75 120 71 122 80 134 78 153 104 88 61 147 78 111 101 111 75 160 81 82 73 74 74 57 140 136 47 122 101 64 77 148 19 137 64 49 144 73 61 8 127 148 77 72 37 12 62 61 17 27 49 44 63 68 60 54 8 20 9 0 7 30 52 46 59 71 69 60 44 41 34 39 29 26 23 30 35 41 54 58 55 46 39
71 58 142 145 56 165 65 101 98 89 106 78 140 84 62 153 77 162 73 124 68 118 77 128 78 150 107 86 69 141 79 105 104 107 76 157 78 78 71 71 82 52 135 130 45 117 99 58 75 142 26 134 66 47 138 68 69 14 121 142 77 69 35 14 64 61 16 25 45 40 61 65 56 51 14 17 7 7 0 28 50 44 57 71 77 68 51 49 37 35 22 19 17 25 32 38 49 53 50 41 34
44 39 154 157 37 177 76 129 76 64 133 51 167 95 37 165 55 174 50 152 46 141 55 140 53 176 135 61 80 153 53 117 132 134 49 183 56 87 46 49 93 33 147 142 18 129 74 68 49 154 49 160 39 21 150 57 80 26 133 154 52 47 9 39 40 34 13 3 23 18 39 43 33 30 38 44 22 30 28 0 23 17 30 44 88 79 63 64 61 61 46 39 33 24 21 20 34 41 42 33 31
21 55 175 178 15 198 86 143 68 49 155 24 189 101 21 186 58 195 53 165 39 162 58 162 59 199 148 46 74 174 59 138 145 156 25 205 47 108 32 52 103 49 168 163 5 150 55 89 30 175 63 183 17 14 171 78 74 49 154 175 58 47 15 62 18 12 35 24 42 36 43 46 43 45 61 66 45 52 50 23 0 6 6 21 98 89 76 78 84 84 68 61 54 46 42 43 57 65 63 54 53
27 50 169 172 18 192 83 136 65 51 149 34 183 101 22 180 53 189 48 158 39 156 53 156 54 193 142 48 74 168 54 132 139 150 32 200 45 102 33 47 100 44 162 157 1 144 59 83 34 169 56 177 22 10 165 73 74 42 148 169 53 44 9 56 23 17 29 18 36 30 38 41 37 42 55 60 39 46 44 17 6 0 13 27 95 86 69 71 78 78 62 55 48 40 36 37 50 57 57 48 47
15 62 186 189 16 209 85 141 67 48 162 20 196 100 23 197 63 206 58 169 44 173 63 172 64 206 147 46 73 185 64 149 144 163 19 213 50 119 33 57 102 55 178 174 12 160 54 100 30 186 67 190 10 21 182 84 73 53 165 186 63 50 21 69 12 6 42 31 49 43 49 51 49 52 66 74 52 59 57 30 6 13 0 15 97 88 80 82 88 91 78 71 64 56 53 50 64 70 73 65 63
0 77 200 203 25 223 85 142 72 53 176 12 211 100 33 211 74 220 70 163 58 187 74 186 79 220 148 50 73 199 79 163 144 177 5 227 59 133 38 72 102 71 193 188 26 175 55 114 33 200 79 204 9 36 196 100 73 65 179 200 78 64 36 82 9 13 56 45 63 57 65 65 64 67 78 88 66 71 71 44 21 27 15 0 97 88 84 86 100 105 92 85 79 70 67 64 79 84 88 79 77
97 124 218 221 82 241 13 52 160 144 104 108 183 9 117 229 139 238 135 74 130 161 139 204 137 192 58 141 29 217 138 181 55 100 101 199 140 121 127 133 13 117 211 206 96 193 147 134 125 218 58 116 91 102 214 137 29 66 197 218 136 131 93 72 89 92 77 86 108 102 123 127 117 114 67 75 79 69 77 88 98 95 97 97 0 9 28 41 67 77 92 89 92 99 99 105 118 122 120 111 105
88 115 209 212 73 232 4 54 151 135 106 99 174 16 108 220 130 229 126 76 121 152 130 195 129 183 60 132 20 208 129 172 57 102 92 190 131 112 118 124 15 108 202 197 87 184 138 125 116 209 49 118 82 93 205 129 20 57 188 209 127 122 84 63 80 83 68 77 99 93 114 118 108 105 58 66 70 60 68 79 89 86 88 88 9 0 20 32 58 69 83 80 83 90 90 96 109 114 111 102 96
84 98 192 195 64 216 16 67 134 119 111 95 158 35 92 203 113 212 109 89 104 136 113 179 112 167 73 116 23 192 112 155 69 107 88 174 114 96 101 108 34 92 185 180 70 167 128 109 104 192 33 125 78 77 188 112 23 41 171 192 111 106 68 46 76 82 51 60 82 76 97 101 92 88 41 50 53 44 51 63 76 69 80 84 28 20 0 16 42 53 66 64 67 73 74 79 93 97 94 85 79
86 103 184 186 66 207 28 71 136 121 103 97 144 47 94 194 115 204 110 94 106 122 115 170 113 153 77 118 34 183 113 146 74 104 91 160 116 82 103 109 46 93 176 172 72 158 130 100 106 184 25 130 80 78 179 113 34 42 162 184 112 107 69 37 78 84 53 62 84 78 99 103 93 90 36 39 51 41 49 64 78 71 82 86 41 32 16 0 28 39 53 55 63 71 75 81 94 98 95 86 77
100 81 160 163 81 183 55 73 132 123 83 108 117 74 96 171 106 180 105 85 102 95 106 146 100 126 81 120 60 159 101 123 78 83 104 133 112 54 104 103 72 75 152 148 79 135 132 76 108 160 22 110 93 80 156 91 60 40 139 160 100 103 68 24 91 90 48 58 75 72 93 99 84 79 28 21 41 34 37 61 84 78 88 100 67 58 42 28 0 11 26 32 42 51 60 66 72 76 73 64 53
105 74 153 156 90 176 65 80 127 121 72 111 106 84 96 164 99 173 98 106 97 97 99 139 93 116 86 120 71 152 94 116 89 73 109 123 107 43 105 96 83 68 145 141 79 127 133 65 108 153 33 100 100 80 149 84 71 45 132 153 93 97 68 28 98 95 50 58 68 65 86 93 77 72 33 18 41 39 35 61 84 78 91 105 77 69 53 39 11 0 19 25 35 44 53 59 65 69 66 57 46
92 55 134 137 78 157 79 97 108 102 90 99 124 98 81 145 80 154 80 124 78 102 80 120 75 134 103 102 83 133 75 97 104 91 97 141 88 62 89 77 97 49 127 122 63 109 119 50 93 134 35 118 87 65 130 65 83 34 113 134 74 79 53 22 86 82 37 44 50 47 68 74 58 53 26 20 29 29 22 46 68 62 78 92 92 83 66 53 26 19 0 7 15 23 34 41 46 50 47 38 27
85 52 131 134 72 154 77 104 101 95 97 92 131 96 74 142 78 151 75 130 71 115 78 117 76 140 112 95 81 130 76 94 109 98 90 147 81 61 82 72 94 46 124 119 56 106 112 47 86 131 32 124 80 58 127 62 81 31 110 131 75 72 47 19 80 75 31 37 43 40 61 67 54 50 24 18 24 26 19 39 61 55 71 85 89 80 64 55 32 25 7 0 10 19 27 34 43 47 44 35 24
79 43 127 129 65 150 80 114 93 87 107 85 141 99 67 137 69 147 66 141 63 108 69 113 62 150 120 87 84 126 63 89 117 108 83 157 73 55 75 63 97 37 119 114 49 101 104 43 79 127 40 134 73 51 122 53 84 29 105 127 62 63 40 27 73 68 24 30 34 32 52 59 45 41 28 26 18 23 17 33 54 48 64 79 92 83 67 63 42 35 15 10 0 9 19 25 34 38 35 26 15
70 34 130 133 57 153 87 123 84 78 115 77 150 106 59 141 60 150 57 149 54 117 60 117 54 159 129 77 91 129 54 93 125 116 75 166 64 63 67 54 104 28 123 118 41 105 95 47 71 130 49 143 65 43 126 44 91 32 109 130 53 54 32 35 65 60 21 22 25 23 43 50 36 32 37 34 20 30 25 24 46 40 56 70 99 90 73 71 51 44 23 19 9 0 10 16 25 29 26 17 10
67 31 139 142 54 163 87 131 76 70 124 73 158 106 53 150 52 159 49 158 46 127 52 126 50 168 136 70 91 139 50 102 133 125 71 175 56 74 61 46 105 23 132 127 37 114 87 54 67 139 54 152 61 39 135 45 91 34 118 139 49 47 28 44 61 56 20 18 18 15 35 42 28 23 43 42 26 35 32 21 42 36 53 67 99 90 74 75 60 53 34 27 19 10 0 9 22 30 27 18 16
64 24 148 151 53 171 93 138 71 65 130 71 165 112 48 159 45 168 42 164 41 133 45 134 43 174 142 64 97 147 43 111 139 131 69 181 51 80 55 39 110 16 141 136 38 123 81 61 62 148 60 158 59 34 144 39 97 39 127 148 42 38 26 50 60 54 26 20 9 9 29 35 21 16 49 48 32 41 38 20 43 37 50 64 105 96 79 81 66 59 41 34 25 16 9 0 15 22 27 25 22
79 9 132 135 67 156 106 143 71 66 136 80 178 125 55 143 39 152 39 170 43 128 39 119 34 187 153 65 110 132 34 95 150 137 83 183 51 75 59 36 123 11 125 120 53 107 82 54 68 132 73 164 74 45 128 24 110 52 111 132 33 40 40 60 75 69 40 34 13 16 28 34 17 12 61 59 45 54 49 34 57 50 64 79 118 109 93 94 72 65 46 43 34 25 22 15 0 8 12 15 24
84 13 127 129 74 150 110 147 79 73 140 88 172 129 62 138 43 147 45 174 50 123 43 113 38 181 157 73 114 126 38 89 154 141 88 177 59 69 67 42 128 18 119 115 58 101 90 56 76 127 77 167 78 53 123 16 114 57 106 127 37 47 47 64 79 73 44 42 20 23 35 42 25 20 65 63 49 58 53 41 65 57 70 84 122 114 97 98 76 69 50 47 38 29 30 22 8 0 6 14 20
88 18 121 124 74 144 107 144 83 77 137 92 166 126 66 132 51 141 50 171 54 117 51 107 45 175 154 76 111 120 46 84 151 138 92 172 63 63 70 48 125 23 114 109 58 96 93 42 80 121 74 165 82 57 117 18 111 54 100 121 45 51 49 61 82 77 41 39 25 27 39 45 29 24 62 60 46 55 50 42 63 57 73 88 120 111 94 95 73 66 47 44 35 26 27 27 12 6 0 8 14
79 21 125 128 66 148 99 135 82 77 128 85 169 117 63 136 50 145 50 162 54 119 50 111 45 177 145 76 103 124 45 88 142 129 83 174 62 66 70 47 116 21 118 113 49 100 93 47 77 125 65 156 74 52 121 26 103 45 104 125 44 51 40 52 73 68 32 30 23 25 39 45 29 23 53 51 37 46 41 33 54 48 65 79 111 102 85 86 64 57 38 35 26 17 18 25 15 14 8 0 7
77 33 128 131 64 151 93 125 90 84 118 84 163 112 66 139 58 148 58 151 60 114 58 115 53 172 135 84 97 127 53 91 131 118 82 168 70 60 74 55 110 27 121 116 48 103 101 39 78 128 54 145 72 50 124 33 97 39 107 128 52 58 38 42 72 67 27 29 29 28 46 53 36 31 42 40 30 39 34 31 53 47 63 77 105 96 79 77 53 46 27 24 15 10 16 22 24 20 14 7 0