0 21 202 224 86 196 7 77 191 141 57 207 57 75 220 56 99 200 46 174 54 90 180 197 213 83 144 200 69 19 199 188 115 79 196 72 148 199 241 59 231 9 189 200 64 223 77 43 202 214 93 181 13 90 221 41 214 79 211 49 210 64 36 82 9 13 56 45 63 57 65 65 64 67 78 88 66 71 71 44 21 27 15 0 97 88 84 86 100 105 92 85 79 70 67 64 79 84 88 79 77
21 0 194 213 88 185 12 52 180 148 78 198 44 56 209 42 101 189 27 163 75 79 169 186 205 64 147 189 57 17 190 177 110 67 185 54 159 188 230 41 220 19 178 189 54 212 55 28 193 205 101 172 15 93 210 26 205 73 200 31 201 39 26 74 21 15 48 38 47 44 42 41 46 49 73 79 57 65 63 37 11 17 11 21 104 96 86 88 96 96 81 74 67 59 56 51 61 68 72 68 66
202 194 0 81 150 142 203 193 138 222 235 185 158 163 76 227 129 146 188 120 206 126 126 143 41 178 157 146 143 186 3 134 123 126 142 165 178 145 62 180 87 197 31 146 142 79 180 200 29 192 171 158 193 153 78 201 44 130 157 202 27 202 166 125 195 192 147 156 172 163 186 192 176 171 131 115 138 136 132 159 181 175 188 202 175 166 150 136 108 98 116 123 133 141 150 156 159 153 147 149 144
224 213 81 0 218 97 225 188 92 290 271 274 173 161 6 227 209 101 202 75 254 154 81 98 95 173 244 101 155 210 77 89 204 160 97 163 265 100 52 178 6 219 92 101 168 2 175 211 82 220 239 247 215 223 4 213 98 185 112 217 80 197 185 173 219 214 172 176 170 173 189 194 174 169 177 171 169 172 166 178 200 194 210 224 242 233 217 208 184 177 158 155 151 155 164 172 157 151 145 149 153
86 88 150 218 0 190 91 114 185 78 95 155 76 96 213 125 28 193 95 167 63 69 173 190 161 112 63 193 72 76 147 181 55 63 189 97 75 192 235 91 224 80 132 193 61 216 105 107 150 162 27 104 86 12 215 105 161 33 204 109 158 108 69 47 78 84 53 62 84 78 99 103 94 90 45 50 55 46 53 65 78 71 82 86 31 22 5 16 43 53 67 64 68 75 76 81 95 99 96 87 81
196 185 142 97 190 0 197 160 6 262 243 246 145 133 93 199 180 5 174 30 226 126 28 3 157 145 216 6 127 182 139 24 176 132 0 135 237 4 114 150 104 191 154 6 140 96 147 183 144 253 210 219 187 195 94 185 160 157 31 189 142 169 157 145 191 186 144 148 142 145 161 166 146 141 149 143 141 144 138 150 171 166 182 196 214 205 189 180 156 149 130 127 123 126 136 144 129 123 117 121 124
7 12 203 225 91 197 0 65 192 147 59 208 58 69 221 50 104 201 38 175 56 91 181 198 214 77 150 201 70 23 200 189 119 80 197 67 153 200 242 54 232 11 190 201 65 224 68 37 203 215 99 182 14 96 222 34 215 82 212 42 211 57 37 84 14 14 57 46 60 56 55 54 59 61 81 89 67 74 73 45 19 28 15 7 103 94 89 92 103 106 93 86 80 71 68 65 74 81 85 80 78
77 52 193 188 114 160 65 0 156 185 128 199 47 33 184 42 125 164 31 138 125 74 144 161 215 23 172 164 57 66 190 152 124 73 160 31 184 163 205 25 195 72 165 164 61 187 14 36 203 206 133 172 69 118 185 39 193 97 175 31 201 12 52 87 74 68 61 53 32 38 15 13 22 28 86 90 70 78 75 53 57 52 62 77 137 128 112 113 104 97 78 75 67 58 49 43 37 41 49 48 56
191 180 138 92 185 6 192 156 0 257 239 241 140 128 88 194 176 10 169 25 221 121 23 7 152 140 211 10 122 177 134 19 172 127 5 131 233 9 109 145 99 186 149 10 136 91 142 178 140 248 206 214 182 191 89 180 155 153 27 184 138 165 153 140 186 181 139 143 137 140 156 161 141 136 144 138 136 139 134 145 167 161 177 191 210 201 184 175 151 144 126 122 118 122 131 139 124 118 112 117 120
141 148 222 290 78 262 147 185 257 0 147 148 147 168 286 192 92 266 166 239 115 141 245 263 233 184 66 266 144 132 219 253 89 136 261 168 43 265 307 162 297 135 204 266 132 289 177 178 222 155 51 97 139 73 287 176 233 106 276 180 230 179 141 119 133 136 125 133 155 150 170 175 165 161 115 123 126 117 124 136 142 142 141 141 49 57 76 88 115 125 139 137 140 147 147 153 166 170 167 158 153
57 78 235 271 95 243 59 128 239 147 0 240 114 131 267 105 116 247 103 221 33 133 227 244 246 140 154 247 116 68 232 235 142 122 243 129 152 246 288 116 278 66 217 247 111 270 134 95 234 247 98 194 70 100 268 93 246 105 258 101 243 116 92 116 66 70 103 102 120 114 121 121 121 124 108 124 109 105 111 101 78 84 72 57 101 93 93 104 126 138 132 128 126 118 114 121 136 141 135 126 124
207 198 185 274 155 246 208 199 241 148 240 0 163 169 269 226 126 249 193 223 211 131 229 247 192 191 103 249 148 191 182 237 120 131 245 169 107 249 202 178 280 202 167 249 147 273 187 205 184 54 145 54 198 152 271 206 196 135 260 207 192 199 170 130 200 197 152 161 170 167 188 195 179 174 136 120 143 141 137 164 186 180 193 207 146 148 153 141 113 103 121 128 138 146 155 161 167 171 168 159 148
57 44 158 173 76 145 58 47 140 147 114 163 0 22 168 68 88 148 36 122 97 40 128 146 169 44 126 148 17 46 155 136 86 33 144 23 138 147 190 22 179 52 137 148 19 171 37 48 157 170 96 136 48 81 170 49 169 55 159 50 166 42 20 45 53 47 21 13 14 9 32 38 25 20 44 47 27 36 33 13 36 31 43 57 100 91 74 75 66 61 42 35 27 19 11 7 20 28 32 27 26
75 56 163 161 96 133 69 33 128 168 131 169 22 0 157 64 98 137 41 110 119 44 116 134 185 22 129 137 27 63 160 124 94 43 133 2 155 136 178 17 168 69 135 137 39 160 21 50 172 176 116 142 65 101 158 52 175 75 148 50 170 35 40 62 70 64 41 35 13 18 23 30 13 8 63 61 47 55 51 35 53 48 59 75 120 111 94 96 73 66 48 45 35 27 23 17 4 12 16 17 26
220 209 76 6 213 93 221 184 88 286 267 269 168 157 0 223 204 96 198 70 250 150 76 94 90 168 239 96 151 205 73 84 200 155 92 159 261 96 48 173 13 215 88 96 164 5 171 206 78 215 234 243 210 219 2 209 94 181 107 212 76 193 181 168 215 210 168 171 166 168 184 190 170 165 173 167 164 168 162 174 195 189 206 220 238 229 212 204 180 173 154 151 147 150 159 168 152 147 141 145 148
56 42 227 227 125 199 50 42 194 192 105 226 68 64 223 0 137 203 43 177 102 103 182 200 232 62 184 203 80 59 224 191 145 96 199 62 196 202 244 49 234 57 199 203 81 226 52 28 236 233 144 199 55 130 224 26 232 110 214 36 234 30 58 105 59 55 78 69 59 60 42 36 51 56 104 109 88 95 93 68 53 55 52 56 148 139 123 125 127 124 105 98 90 81 73 68 68 76 80 79 87
99 101 129 209 28 180 104 125 176 92 116 126 88 98 204 137 0 184 106 158 84 60 164 181 140 124 61 184 72 88 126 172 30 54 180 99 73 183 226 103 215 93 111 184 62 207 117 119 128 133 41 97 98 22 206 117 140 37 195 121 136 119 81 38 90 96 65 74 96 90 111 115 105 102 41 40 54 54 51 76 90 83 94 99 45 39 24 14 24 35 50 55 64 72 79 86 96 100 97 88 78
200 189 146 101 193 5 201 164 10 266 247 249 148 137 96 203 184 0 178 34 230 130 31 3 160 148 219 4 131 186 143 28 180 135 6 139 241 1 118 153 107 195 158 4 144 100 151 187 148 256 214 223 190 199 98 189 164 161 35 192 146 173 161 148 195 190 148 152 146 148 164 170 150 145 153 147 144 148 142 154 175 169 186 200 218 209 192 184 160 153 134 131 127 130 139 148 132 127 121 125 128
46 27 188 202 95 174 38 31 169 166 103 193 36 41 198 43 106 178 0 151 95 70 157 175 199 43 153 178 51 38 185 165 110 60 173 39 165 177 219 26 209 42 171 178 47 201 34 15 187 200 114 166 38 99 199 17 199 79 189 17 196 23 27 69 43 37 42 32 32 32 21 20 25 33 68 74 52 59 57 31 27 24 31 46 118 109 93 94 91 91 72 66 61 52 44 39 45 53 57 54 58
174 163 120 75 167 30 175 138 25 239 221 223 122 110 70 177 158 34 151 0 204 104 24 31 134 122 193 34 105 159 117 32 154 109 30 113 215 33 92 127 81 168 132 34 118 73 124 160 122 230 188 197 164 173 72 162 138 135 45 166 120 147 135 122 168 163 122 125 120 122 138 143 124 119 126 121 118 122 116 128 149 143 160 174 192 183 166 157 134 127 108 105 100 104 113 122 106 100 95 99 102
54 75 206 254 63 226 56 125 221 115 33 211 97 119 250 102 84 230 95 204 0 111 210 227 218 127 122 230 105 57 203 218 112 101 226 117 120 229 271 104 261 63 189 230 94 253 122 92 206 218 66 163 67 68 251 90 218 84 241 98 214 113 80 95 63 67 88 85 107 101 109 118 109 111 86 103 89 83 89 86 67 72 68 54 70 61 61 72 99 109 110 106 105 107 102 104 118 126 123 114 114
90 79 126 154 69 126 91 74 121 141 133 131 40 44 150 103 60 130 70 104 111 0 110 127 137 66 91 130 25 76 122 118 56 11 126 45 117 129 171 56 161 85 116 130 29 153 62 83 125 137 90 104 81 75 151 84 137 37 141 85 133 76 51 24 85 80 35 42 48 45 64 71 54 49 28 22 29 31 23 44 66 60 76 90 94 85 68 59 35 28 10 6 13 21 32 39 42 46 43 34 24
180 169 126 81 173 28 181 144 23 245 227 229 128 116 76 182 164 31 157 24 210 110 0 29 140 128 199 31 111 165 123 12 160 115 27 119 221 31 98 133 87 174 138 31 124 79 130 166 128 236 194 203 170 179 78 168 144 141 41 172 126 153 141 128 174 169 128 131 126 128 144 149 130 124 132 127 124 128 122 134 155 149 166 180 198 189 172 163 140 133 114 111 106 110 119 128 112 106 101 105 108
197 186 143 98 190 3 198 161 7 263 244 247 146 134 94 200 181 3 175 31 227 127 29 0 157 146 217 3 128 183 140 25 177 133 3 136 238 2 115 151 105 192 155 3 141 97 148 184 145 254 211 220 187 196 95 186 161 158 32 190 143 170 158 145 192 187 145 149 143 146 162 167 147 142 150 144 142 145 139 151 172 166 183 197 215 206 190 181 157 150 131 128 124 127 137 145 130 124 118 122 125
213 205 41 95 161 157 214 215 152 233 246 192 169 185 90 232 140 160 199 134 218 137 140 157 0 200 168 160 154 197 38 148 134 137 156 187 189 159 76 185 101 208 53 160 153 94 202 211 12 157 182 169 204 164 92 212 14 141 171 213 15 224 177 136 206 203 158 167 176 174 208 214 198 193 142 126 149 147 143 170 192 186 199 213 186 177 161 147 120 109 127 134 144 152 161 167 181 175 169 171 166
83 64 178 173 112 145 77 23 140 184 140 191 44 22 168 62 124 148 43 122 127 66 128 146 200 0 152 148 50 71 175 136 116 66 144 21 177 147 190 23 179 78 150 148 62 172 10 53 187 198 132 164 73 117 170 55 178 97 159 52 185 32 53 84 78 73 60 52 29 35 24 29 20 23 87 83 70 78 73 52 61 56 68 83 136 127 110 112 96 89 70 67 58 49 46 40 27 33 38 39 48
144 147 157 244 63 216 150 172 211 66 154 103 126 129 239 184 61 219 153 193 122 91 199 217 168 152 0 219 109 134 153 207 35 99 215 130 25 218 261 149 250 139 139 219 107 243 148 165 156 110 61 51 144 59 241 163 168 76 230 168 164 166 128 82 137 142 107 121 138 133 158 162 152 135 86 85 99 92 95 123 136 130 141 144 62 65 61 65 57 65 82 88 98 107 116 122 127 131 129 120 109
200 189 146 101 193 6 201 164 10 266 247 249 148 137 96 203 184 4 178 34 230 130 31 3 160 148 219 0 131 185 143 28 180 135 6 139 241 3 118 153 107 195 158 0 144 100 151 187 148 256 214 223 190 199 98 189 164 161 35 192 146 173 161 148 195 190 148 151 146 148 164 170 150 145 153 147 144 148 142 154 175 169 186 200 218 209 192 184 160 153 134 131 127 130 139 148 132 127 121 125 128
69 57 143 155 72 127 70 57 122 144 116 148 17 27 151 80 72 131 51 105 105 25 111 128 154 50 109 131 0 54 140 119 73 18 127 28 129 130 172 32 162 63 122 131 15 154 47 61 142 155 92 121 59 77 152 62 154 49 142 64 150 53 30 35 63 58 19 20 24 21 42 49 35 31 37 35 21 30 25 22 44 38 54 69 96 87 71 72 53 46 27 20 12 4 9 15 26 29 27 18 10
19 17 186 210 76 182 23 66 177 132 68 191 46 63 205 59 88 186 38 159 57 76 165 183 197 71 134 185 54 0 183 173 97 65 181 61 139 185 227 48 216 12 174 185 50 209 66 45 185 198 84 164 11 80 207 44 197 61 196 47 193 59 24 64 11 9 42 36 51 45 53 55 52 55 60 70 48 53 54 36 11 16 10 19 88 79 74 76 82 89 77 71 64 56 52 52 67 72 73 64 63
199 190 3 77 147 139 200 190 134 219 232 182 155 160 73 224 126 143 185 117 203 122 123 140 38 175 153 143 140 183 0 131 120 123 139 162 175 142 58 176 84 194 28 143 139 76 177 197 25 189 168 155 190 149 74 198 41 127 154 199 23 199 162 122 192 189 144 152 169 159 183 189 173 168 127 112 135 133 129 155 178 172 185 199 171 163 146 133 105 95 113 119 129 138 147 153 155 150 144 146 141
188 177 134 89 181 24 189 152 19 253 235 237 136 124 84 191 172 28 165 32 218 118 12 25 148 136 207 28 119 173 131 0 168 123 23 127 229 27 106 141 95 182 146 28 132 87 138 174 136 244 202 211 178 187 86 176 152 149 37 180 134 161 149 136 182 177 136 139 134 136 152 157 138 133 140 135 132 136 130 142 163 157 174 188 206 197 180 171 148 141 122 119 114 118 127 136 120 114 109 113 116
115 110 123 204 55 176 119 124 172 89 142 120 86 94 200 145 30 180 110 154 112 56 160 177 134 116 35 180 73 97 120 168 0 58 176 95 57 179 222 104 211 109 105 180 68 203 112 122 123 127 67 73 107 47 202 125 134 37 191 124 131 125 87 43 106 105 67 77 95 93 114 120 104 99 46 44 60 52 56 80 99 93 103 115 69 64 49 41 21 29 46 53 63 71 80 86 92 96 93 84 74
79 67 126 160 63 132 80 73 127 136 122 131 33 43 155 96 54 135 60 109 101 11 115 133 137 66 99 135 18 65 123 123 58 0 131 44 111 134 177 48 166 74 108 135 17 159 63 72 125 138 84 104 70 69 157 74 137 31 146 74 133 69 39 17 74 69 24 30 40 37 58 65 51 47 20 17 17 18 13 32 53 47 65 79 88 79 62 54 35 29 13 6 9 17 25 31 42 46 43 34 22
196 185 142 97 189 0 197 160 5 261 243 245 144 133 92 199 180 6 173 30 226 126 27 3 156 144 215 6 127 181 139 23 176 131 0 135 237 5 114 149 103 191 154 6 140 95 146 182 144 252 210 219 186 195 94 184 160 157 31 188 142 169 157 144 190 185 144 147 142 144 160 166 146 141 148 143 140 144 138 150 171 165 182 196 214 205 188 179 156 149 130 127 122 126 135 144 128 123 117 121 124
72 54 165 163 97 135 67 31 131 168 129 169 23 2 159 62 99 139 39 113 117 45 119 136 187 21 130 139 28 61 162 127 95 44 135 0 155 138 181 14 170 67 137 139 39 162 19 48 175 176 117 143 63 102 161 50 176 75 150 48 173 33 38 63 68 62 42 35 11 16 21 27 11 6 64 61 47 56 52 35 51 46 57 72 121 112 95 96 74 67 48 45 36 28 24 17 7 14 18 17 26
148 159 178 265 75 237 153 184 233 43 152 107 138 155 261 196 73 241 165 215 120 117 221 238 189 177 25 241 129 139 175 229 57 111 237 155 0 240 283 161 272 142 160 241 119 264 176 177 178 114 56 56 145 71 263 175 189 88 252 180 186 178 140 95 140 142 119 133 150 145 170 174 164 156 98 97 111 104 107 135 148 142 147 148 58 60 73 77 81 86 103 112 120 129 136 142 153 157 154 145 135
199 188 145 100 192 4 200 163 9 265 246 249 147 136 96 202 183 1 177 33 229 129 31 2 159 147 218 3 130 185 142 27 179 134 5 138 240 0 117 152 106 194 157 3 143 99 150 186 147 255 213 222 189 198 97 188 163 160 34 192 145 172 160 147 194 189 147 151 145 147 164 169 149 144 152 146 143 147 141 153 174 168 185 199 217 208 192 183 159 152 133 130 126 129 139 147 132 126 120 124 127
241 230 62 52 235 114 242 205 109 307 288 202 190 178 48 244 226 118 219 92 271 171 98 115 76 190 261 118 172 227 58 106 222 177 114 181 283 117 0 195 59 236 73 118 185 51 192 228 64 167 256 201 232 240 49 230 79 202 129 234 62 214 202 190 236 231 189 193 187 190 206 211 191 186 194 188 186 189 183 195 217 211 227 241 260 251 234 225 201 194 175 172 168 172 181 189 174 168 162 166 170
59 41 180 178 91 150 54 25 145 162 116 178 22 17 173 49 103 153 26 127 104 56 133 151 185 23 149 153 32 48 176 141 104 48 149 14 161 152 195 0 184 54 151 153 40 177 16 35 189 185 111 152 50 95 175 37 185 76 164 35 187 21 30 66 55 49 38 30 10 13 10 16 5 9 65 65 48 57 54 30 38 33 44 59 114 106 89 90 83 76 58 51 43 33 26 17 21 29 33 32 40
231 220 87 6 224 104 232 195 99 297 278 280 179 168 13 234 215 107 209 81 261 161 87 105 101 179 250 107 162 216 84 95 211 166 103 170 272 106 59 184 0 226 99 107 175 8 181 217 89 226 245 254 221 230 0 219 105 192 118 223 87 204 192 179 225 220 179 182 177 179 195 201 181 176 183 178 175 179 173 185 206 200 217 231 249 240 223 215 191 184 165 162 157 161 170 179 163 158 152 156 159
9 19 197 219 80 191 11 72 186 135 66 202 52 69 215 57 93 195 42 168 63 85 174 192 208 78 139 195 63 12 194 182 109 74 191 67 142 194 236 54 226 0 183 195 59 218 72 43 197 209 87 175 6 85 216 41 208 72 206 49 205 60 30 75 3 7 51 40 57 52 59 61 59 62 71 82 61 64 66 39 17 22 10 9 91 82 78 80 93 100 87 80 73 65 61 59 74 78 82 74 72
189 178 31 92 132 154 190 165 149 204 217 167 137 135 88 199 111 158 171 132 189 116 138 155 53 150 139 158 122 174 28 146 105 108 154 137 160 157 73 151 99 183 0 158 128 91 152 184 40 174 153 141 179 135 89 187 53 112 169 185 38 174 150 107 183 178 129 140 144 142 158 164 148 143 113 98 121 118 114 143 164 158 175 189 157 148 132 118 91 80 98 105 110 119 129 135 130 125 119 121 116
200 189 146 101 193 6 201 164 10 266 247 249 148 137 96 203 184 4 178 34 230 130 31 3 160 148 219 0 131 185 143 28 180 135 6 139 241 3 118 153 107 195 158 0 144 100 151 187 148 256 214 223 190 199 98 189 164 161 35 192 146 173 161 148 195 190 148 151 146 148 164 170 150 145 153 147 144 148 142 154 175 169 186 200 218 209 192 184 160 153 134 131 127 130 139 148 132 127 121 125 128
64 54 142 168 61 140 65 61 136 132 111 147 19 39 164 81 62 144 47 118 94 29 124 141 153 62 107 144 15 50 139 132 68 17 140 39 119 143 185 40 175 59 128 144 0 167 55 59 141 154 81 120 55 65 166 61 153 37 155 61 149 55 26 27 59 54 9 17 32 27 50 51 43 38 26 29 9 18 14 19 40 34 50 64 85 76 59 59 48 45 31 24 17 17 18 24 37 41 38 30 24
223 212 79 2 216 96 224 187 91 289 270 273 171 160 5 226 207 100 201 73 253 153 79 97 94 172 243 100 154 209 76 87 203 159 95 162 264 99 51 177 8 218 91 100 167 0 174 210 81 218 237 246 213 222 3 212 97 184 110 216 79 196 184 171 218 213 171 175 169 172 188 193 173 168 176 170 167 171 165 177 198 192 209 223 241 232 216 207 183 176 157 154 150 153 163 171 156 150 144 148 151
77 55 180 175 105 147 68 14 142 177 134 187 37 21 171 52 117 151 34 124 122 62 130 148 202 10 148 151 47 66 177 138 112 63 146 19 176 150 192 16 181 72 152 151 55 174 0 44 189 194 125 161 68 110 172 46 180 90 161 42 187 23 46 81 73 67 53 45 22 28 14 19 13 16 80 80 63 71 68 45 56 51 62 77 129 120 103 105 92 85 66 65 54 45 39 33 26 30 37 37 44
43 28 200 211 107 183 37 36 178 178 95 205 48 50 206 28 119 187 15 160 92 83 166 184 211 53 165 187 61 45 197 174 122 72 182 48 177 186 228 35 217 43 184 187 59 210 44 0 200 212 127 179 42 111 208 5 211 91 197 9 208 24 38 81 46 41 54 45 44 45 30 27 37 42 80 86 64 71 70 44 35 34 38 43 130 122 105 106 103 103 85 78 71 63 58 52 54 62 66 65 70
202 193 29 82 150 144 203 203 140 222 234 184 157 172 78 236 128 148 187 122 206 125 128 145 12 187 156 148 142 185 25 136 123 125 144 175 178 147 64 189 89 197 40 148 141 81 189 200 0 169 170 158 192 152 79 201 16 130 159 202 3 212 165 124 194 191 146 155 165 162 196 202 185 180 130 115 138 135 131 158 180 174 188 202 174 165 149 135 108 97 115 122 132 141 149 156 168 162 157 159 153
214 205 192 220 162 253 215 206 248 155 247 54 170 176 215 233 133 256 200 230 218 137 236 254 157 198 110 256 155 198 189 244 127 138 252 176 114 255 167 185 226 209 174 256 154 218 194 212 169 0 152 60 205 159 217 213 159 142 267 214 166 206 177 137 207 204 159 168 177 174 195 202 186 181 142 127 150 148 144 170 193 187 200 214 153 155 160 148 120 110 128 134 145 153 162 168 174 178 175 166 155
93 101 171 239 27 210 99 133 206 51 98 145 96 116 234 144 41 214 114 188 66 90 194 211 182 132 61 214 92 84 168 202 67 84 210 117 56 213 256 111 245 87 153 214 81 237 125 127 170 152 0 93 91 22 236 124 182 54 225 129 178 127 89 68 86 88 73 82 104 98 119 123 113 110 63 71 75 65 73 84 94 91 93 93 5 6 25 37 63 74 88 85 88 95 95 101 114 119 116 107 101
181 172 158 247 104 219 182 172 214 97 194 54 136 142 243 199 97 223 166 197 163 104 203 220 169 164 51 223 121 164 155 211 73 104 219 143 56 222 201 152 254 175 141 223 120 246 161 179 158 60 93 0 171 100 244 180 170 108 234 181 166 173 144 103 173 170 125 134 144 141 162 168 152 147 109 94 117 114 110 137 159 153 167 181 94 97 101 107 87 76 94 101 111 120 128 135 140 144 141 132 122
13 15 193 215 86 187 14 69 182 139 70 198 48 65 210 55 98 190 38 164 67 81 170 187 204 73 144 190 59 11 190 178 107 70 186 63 145 189 232 50 221 6 179 190 55 213 68 42 192 205 91 171 0 90 212 40 204 71 201 45 200 56 26 73 7 2 47 36 53 47 55 57 55 57 70 78 57 63 62 35 13 18 7 13 95 86 84 86 92 96 83 76 69 61 57 55 69 74 78 69 68
90 93 153 223 12 195 96 118 191 73 100 152 81 101 219 130 22 199 99 173 68 75 179 196 164 117 59 199 77 80 149 187 47 69 195 102 71 198 240 95 230 85 135 199 65 222 110 111 152 159 22 100 90 0 220 109 164 39 210 113 160 112 74 52 83 88 58 67 89 83 104 108 98 95 48 56 60 50 58 69 82 76 86 90 26 20 7 19 45 55 73 70 73 80 80 86 99 103 100 92 86
221 210 78 4 215 94 222 185 89 287 268 271 170 158 2 224 206 98 199 72 251 151 78 95 92 170 241 98 152 207 74 86 202 157 94 161 263 97 49 175 0 216 89 98 166 3 172 208 79 217 236 244 212 220 0 210 95 182 109 214 77 194 182 170 216 211 169 173 167 170 186 191 171 166 174 168 166 169 163 175 197 191 207 221 240 231 214 205 181 174 155 152 148 152 161 169 154 148 142 147 150
41 26 201 213 105 185 34 39 180 176 93 206 49 52 209 26 117 189 17 162 90 84 168 186 212 55 163 189 62 44 198 176 125 74 184 50 175 188 230 37 219 41 187 189 61 212 46 5 201 213 124 180 40 109 210 0 213 89 199 12 209 27 38 84 44 39 58 46 46 46 33 32 39 44 83 89 67 75 73 45 35 34 37 41 128 119 103 105 106 104 86 79 72 64 59 53 56 64 68 67 71
214 205 44 98 161 160 215 193 155 233 246 196 169 175 94 232 140 164 199 138 218 137 144 161 14 178 168 164 154 197 41 152 134 137 160 176 189 163 79 185 105 208 53 164 153 97 180 211 16 159 182 170 204 164 95 213 0 141 175 214 19 206 177 136 206 203 158 167 177 174 195 201 185 180 142 127 150 147 143 170 192 186 199 214 186 177 161 147 120 109 127 134 144 153 161 168 173 153 147 165 155
79 73 130 185 33 157 82 97 153 106 105 135 55 75 181 110 37 161 79 135 84 37 141 158 141 97 76 161 49 61 127 149 37 31 157 75 88 160 202 76 192 72 112 161 37 184 90 91 130 142 54 108 71 39 182 89 141 0 172 93 138 91 56 14 70 69 36 46 68 63 83 87 79 73 13 20 29 19 26 49 63 56 67 79 58 49 33 25 22 33 35 32 40 49 54 60 73 77 74 65 54
211 200 157 112 204 31 212 175 27 276 258 260 159 148 107 214 195 35 189 45 241 141 41 32 171 159 230 35 142 196 154 37 191 146 31 150 252 34 129 164 118 206 169 35 155 110 161 197 159 267 225 234 201 210 109 199 175 172 0 203 157 184 172 159 205 200 159 162 157 159 175 181 161 156 163 158 155 159 153 165 186 180 197 211 229 220 203 194 171 164 145 142 137 141 150 159 143 138 132 136 139
49 31 202 217 109 189 42 31 184 180 101 207 50 50 212 36 121 192 17 166 98 85 172 190 213 52 168 192 64 47 199 180 124 74 188 48 180 192 234 35 223 49 185 192 61 216 42 9 202 214 129 181 45 113 214 12 214 93 203 0 210 19 40 83 52 44 57 47 44 45 30 23 37 42 82 88 66 74 72 46 38 37 41 49 133 124 107 108 105 105 87 80 75 65 58 52 54 62 66 66 71
210 201 27 80 158 142 211 201 138 230 243 192 166 170 76 234 136 146 196 120 214 133 126 143 15 185 164 146 150 193 23 134 131 133 142 173 186 145 62 187 87 205 38 146 149 79 187 208 3 166 178 166 200 160 77 209 19 138 157 210 0 210 173 132 202 200 154 163 180 170 194 200 183 178 138 123 146 143 140 166 188 183 196 210 182 173 157 143 116 106 124 130 140 149 158 164 166 160 155 157 151
64 39 202 197 108 169 57 12 165 179 116 199 42 35 193 30 119 173 23 147 113 76 153 170 224 32 166 173 53 59 199 161 125 69 169 33 178 172 214 21 204 60 174 173 55 196 23 24 212 206 127 173 56 112 194 27 206 91 184 19 210 0 45 81 62 56 55 47 30 34 12 7 22 28 80 83 64 72 69 47 47 44 50 64 131 122 106 107 103 97 79 72 63 54 47 38 40 47 51 51 58
36 26 166 185 69 157 37 52 153 141 92 170 20 40 181 58 81 161 27 135 80 51 141 158 177 53 128 161 30 24 162 149 87 39 157 38 140 160 202 30 192 30 150 161 26 184 46 38 165 177 89 144 26 74 182 38 177 56 172 40 173 45 0 46 31 25 20 10 26 21 37 42 35 32 45 51 29 37 35 9 15 9 21 36 93 84 68 69 68 68 53 47 40 32 28 26 40 47 49 40 38
82 74 125 173 47 145 84 87 140 119 116 130 45 62 168 105 38 148 69 122 95 24 128 145 136 84 82 148 35 64 122 136 43 17 144 63 95 147 190 66 179 75 107 148 27 171 81 81 124 137 68 103 73 52 170 84 136 14 159 83 132 81 46 0 73 72 27 36 58 53 73 77 69 64 8 10 19 12 14 39 62 56 69 82 72 63 46 37 24 28 22 19 27 35 44 50 60 64 61 52 42
9 21 195 219 78 191 14 74 186 133 66 200 53 70 215 59 90 195 43 168 63 85 174 192 206 78 137 195 63 11 192 182 106 74 190 68 140 194 236 55 225 3 183 195 59 218 73 46 194 207 86 173 7 83 216 44 206 70 205 52 202 62 31 73 0 6 51 45 58 53 60 62 60 63 69 80 57 62 64 40 18 23 12 9 89 80 76 78 91 98 86 80 73 65 61 60 75 79 82 73 72
13 15 192 214 84 186 14 68 181 136 70 197 47 64 210 55 96 190 37 163 67 80 169 187 203 73 142 190 58 9 189 177 105 69 185 62 142 189 231 49 220 7 178 190 54 213 67 41 191 204 88 170 2 88 211 39 203 69 200 44 200 56 25 72 6 0 46 35 52 47 54 56 54 57 68 77 56 61 61 34 12 17 6 13 92 83 82 84 90 95 82 75 68 60 56 54 69 73 77 68 67
56 48 147 172 53 144 57 61 139 125 103 152 21 41 168 78 65 148 42 122 88 35 128 145 158 60 107 148 19 42 144 136 67 24 144 42 119 147 189 38 179 51 129 148 9 171 53 54 146 159 73 125 47 58 169 58 158 36 159 57 154 55 20 27 51 46 0 10 31 27 46 51 41 37 26 32 9 17 16 13 35 29 42 56 77 68 51 53 48 50 37 31 24 21 20 26 40 44 41 32 27
45 38 156 176 62 148 46 53 143 133 102 161 13 35 171 69 74 152 32 125 85 42 131 149 167 52 121 151 20 36 152 139 77 30 147 35 133 151 193 30 182 40 140 151 17 175 45 45 155 168 82 134 36 67 173 46 167 46 162 47 163 47 10 36 45 35 10 0 23 18 38 43 33 29 35 41 19 27 25 3 24 18 31 45 86 77 60 62 58 58 44 37 30 22 18 20 34 42 39 30 29
63 47 172 170 84 142 60 32 137 155 120 170 14 13 166 59 96 146 32 120 107 48 126 143 176 29 138 146 24 51 169 134 95 40 142 11 150 145 187 10 177 57 144 146 32 169 22 44 165 177 104 144 53 89 167 46 177 68 157 44 180 30 26 58 58 52 31 23 0 5 18 25 11 6 57 57 40 49 45 23 42 36 49 63 108 99 82 84 75 68 50 43 34 25 18 9 13 20 25 23 29
57 44 163 173 78 145 56 38 140 150 114 167 9 18 168 60 90 148 32 122 101 45 128 146 174 35 133 148 21 45 159 136 93 37 144 16 145 147 190 13 179 52 142 148 27 172 28 45 162 174 98 141 47 83 170 46 174 63 159 45 170 34 21 53 53 47 27 18 5 0 23 29 16 10 52 55 35 44 40 18 36 30 43 57 102 93 76 78 72 65 47 40 32 23 15 9 16 23 27 25 28
65 42 186 189 99 161 55 15 156 170 121 188 32 23 184 42 111 164 21 138 109 64 144 162 208 24 158 164 42 53 183 152 114 58 160 21 170 164 206 10 195 59 158 164 50 188 14 30 196 195 119 162 55 104 186 33 195 83 175 30 194 12 37 73 60 54 46 38 18 23 0 7 10 16 72 75 55 63 61 39 43 38 49 65 123 114 97 99 93 86 68 61 52 43 35 29 28 35 39 39 46
65 41 192 194 103 166 54 13 161 175 121 195 38 30 190 36 115 170 20 143 118 71 149 167 214 29 162 170 49 55 189 157 120 65 166 27 174 169 211 16 201 61 164 170 51 193 19 27 202 202 123 168 57 108 191 32 201 87 181 23 200 7 42 77 62 56 51 43 25 29 7 0 17 22 76 79 60 68 65 43 46 41 51 65 127 118 101 103 99 93 74 67 59 50 42 35 34 42 45 45 53
64 46 176 174 94 146 59 22 141 165 121 179 25 13 170 51 105 150 25 124 109 54 130 147 198 20 152 150 35 52 173 138 104 51 146 11 164 149 191 5 181 59 148 150 43 173 13 37 185 186 113 152 55 98 171 39 185 79 161 37 183 22 35 69 60 54 41 33 11 16 10 17 0 6 68 68 51 60 56 33 43 37 49 64 117 108 92 93 84 77 58 54 45 36 28 21 17 25 29 29 36
67 49 171 169 90 141 61 28 136 161 124 174 20 8 165 56 102 145 33 119 111 49 124 142 193 23 135 145 31 55 168 133 99 47 141 6 156 144 186 9 176 62 143 145 38 168 16 42 180 181 110 147 57 95 166 44 180 73 156 42 178 28 32 64 63 57 37 29 6 10 16 22 6 0 63 64 46 54 51 30 45 42 52 67 114 105 88 90 79 72 53 50 41 32 23 16 12 20 24 23 31
78 73 131 177 45 149 81 86 144 115 108 136 44 63 173 104 41 153 68 126 86 28 132 150 142 87 86 153 37 60 127 140 46 20 148 64 98 152 194 65 183 71 113 153 26 176 80 80 130 142 63 109 70 48 174 83 142 13 163 82 138 80 45 8 69 68 26 35 57 52 72 76 68 63 0 17 18 8 14 38 61 55 66 78 67 58 41 36 28 33 26 24 28 37 43 49 61 65 62 53 42
88 79 115 171 50 143 89 90 138 123 124 120 47 61 167 109 40 147 74 121 103 22 127 144 126 83 85 147 35 70 112 135 44 17 143 61 97 146 188 65 178 82 98 147 29 170 80 86 115 127 71 94 78 56 168 89 127 20 158 88 123 83 51 10 80 77 32 41 57 55 75 79 68 64 17 0 24 20 17 44 66 60 74 88 75 66 50 39 21 18 20 18 26 34 42 48 59 63 60 51 40
66 57 138 169 55 141 67 70 136 126 109 143 27 47 164 88 54 144 52 118 89 29 124 142 149 70 99 144 21 48 135 132 60 17 140 47 111 143 186 48 175 61 121 144 9 167 63 64 138 150 75 117 57 60 166 67 150 29 155 66 146 64 29 19 57 56 9 19 40 35 55 60 51 46 18 24 0 9 7 22 45 39 52 66 79 70 53 51 41 41 29 24 18 20 26 32 45 49 46 37 30
71 65 136 172 46 144 74 78 139 117 105 141 36 55 168 95 54 148 59 122 83 31 128 145 147 78 92 148 30 53 133 136 52 18 144 56 104 147 189 57 179 64 118 148 18 171 71 71 135 148 65 114 63 50 169 75 147 19 159 74 143 72 37 12 62 61 17 27 49 44 63 68 60 54 8 20 9 0 7 30 52 46 59 71 69 60 44 41 34 39 29 26 23 30 35 41 54 58 55 46 39
71 63 132 166 53 138 73 75 134 124 111 137 33 51 162 93 51 142 57 116 89 23 122 139 143 73 95 142 25 54 129 130 56 13 138 52 107 141 183 54 173 66 114 142 14 165 68 70 131 144 73 110 62 58 163 73 143 26 153 72 140 69 35 14 64 61 16 25 45 40 61 65 56 51 14 17 7 7 0 28 50 44 57 71 77 68 51 49 37 35 22 19 17 25 32 38 49 53 50 41 34
44 37 159 178 65 150 45 53 145 136 101 164 13 35 174 68 76 154 31 128 86 44 134 151 170 52 123 154 22 36 155 142 80 32 150 35 135 153 195 30 185 39 143 154 19 177 45 44 158 170 84 137 35 69 175 45 170 49 165 46 166 47 9 39 40 34 13 3 23 18 39 43 33 30 38 44 22 30 28 0 23 17 30 44 88 79 63 64 61 61 46 39 33 24 21 20 34 41 42 33 31
21 11 181 200 78 171 19 57 167 142 78 186 36 53 195 53 90 175 27 149 67 66 155 172 192 61 136 175 44 11 178 163 99 53 171 51 148 174 217 38 206 17 164 175 40 198 56 35 180 193 94 159 13 82 197 35 192 63 186 38 188 47 15 62 18 12 35 24 42 36 43 46 43 45 61 66 45 52 50 23 0 6 6 21 98 89 76 78 84 84 68 61 54 46 42 43 57 65 63 54 53
27 17 175 194 71 166 28 52 161 142 84 180 31 48 189 55 83 169 24 143 72 60 149 166 186 56 130 169 38 16 172 157 93 47 165 46 142 168 211 33 200 22 158 169 34 192 51 34 174 187 91 153 18 76 191 34 186 56 180 37 183 44 9 56 23 17 29 18 36 30 38 41 37 42 55 60 39 46 44 17 6 0 13 27 95 86 69 71 78 78 62 55 48 40 36 37 50 57 57 48 47
15 11 188 210 82 182 15 62 177 141 72 193 43 59 206 52 94 186 31 160 68 76 166 183 199 68 141 186 54 10 185 174 103 65 182 57 147 185 227 44 217 10 175 186 50 209 62 38 188 200 93 167 7 86 207 37 199 67 197 41 196 50 21 69 12 6 42 31 49 43 49 51 49 52 66 74 52 59 57 30 6 13 0 15 97 88 80 82 88 91 78 71 64 56 53 50 64 70 73 65 63
0 21 202 224 86 196 7 77 191 141 57 207 57 75 220 56 99 200 46 174 54 90 180 197 213 83 144 200 69 19 199 188 115 79 196 72 148 199 241 59 231 9 189 200 64 223 77 43 202 214 93 181 13 90 221 41 214 79 211 49 210 64 36 82 9 13 56 45 63 57 65 65 64 67 78 88 66 71 71 44 21 27 15 0 97 88 84 86 100 105 92 85 79 70 67 64 79 84 88 79 77
97 104 175 242 31 214 103 137 210 49 101 146 100 120 238 148 45 218 118 192 70 94 198 215 186 136 62 218 96 88 171 206 69 88 214 121 58 217 260 114 249 91 157 218 85 241 129 130 174 153 5 94 95 26 240 128 186 58 229 133 182 131 93 72 89 92 77 86 108 102 123 127 117 114 67 75 79 69 77 88 98 95 97 97 0 9 28 41 67 77 92 89 92 99 99 105 118 122 120 111 105
88 96 166 233 22 205 94 128 201 57 93 148 91 111 229 139 39 209 109 183 61 85 189 206 177 127 65 209 87 79 163 197 64 79 205 112 60 208 251 106 240 82 148 209 76 232 120 122 165 155 6 97 86 20 231 119 177 49 220 124 173 122 84 63 80 83 68 77 99 93 114 118 108 105 58 66 70 60 68 79 89 86 88 88 9 0 20 32 58 69 83 80 83 90 90 96 109 114 111 102 96
84 86 150 217 5 189 89 112 184 76 93 153 74 94 212 123 24 192 93 166 61 68 172 190 161 110 61 192 71 74 146 180 49 62 188 95 73 192 234 89 223 78 132 192 59 216 103 105 149 160 25 101 84 7 214 103 161 33 203 107 157 106 68 46 76 82 51 60 82 76 97 101 92 88 41 50 53 44 51 63 76 69 80 84 28 20 0 16 42 53 66 64 67 73 74 79 93 97 94 85 79
86 88 136 208 16 180 92 113 175 88 104 141 75 96 204 125 14 184 94 157 72 59 163 181 147 112 65 184 72 76 133 171 41 54 179 96 77 183 225 90 215 80 118 184 59 207 105 106 135 148 37 107 86 19 205 105 147 25 194 108 143 107 69 37 78 84 53 62 84 78 99 103 93 90 36 39 51 41 49 64 78 71 82 86 41 32 16 0 28 39 53 55 63 71 75 81 94 98 95 86 77
100 96 108 184 43 156 103 104 151 115 126 113 66 73 180 127 24 160 91 134 99 35 140 157 120 96 57 160 53 82 105 148 21 35 156 74 81 159 201 83 191 93 91 160 48 183 92 103 108 120 63 87 92 45 181 106 120 22 171 105 116 103 68 24 91 90 48 58 75 72 93 99 84 79 28 21 41 34 37 61 84 78 88 100 67 58 42 28 0 11 26 32 42 51 60 66 72 76 73 64 53
105 96 98 177 53 149 106 97 144 125 138 103 61 66 173 124 35 153 91 127 109 28 133 150 109 89 65 153 46 89 95 141 29 29 149 67 86 152 194 76 184 100 80 153 45 176 85 103 97 110 74 76 96 55 174 104 109 33 164 105 106 97 68 28 98 95 50 58 68 65 86 93 77 72 33 18 41 39 35 61 84 78 91 105 77 69 53 39 11 0 19 25 35 44 53 59 65 69 66 57 46
92 81 116 158 67 130 93 78 126 139 132 121 42 48 154 105 50 134 72 108 110 10 114 131 127 70 82 134 27 77 113 122 46 13 130 48 103 133 175 58 165 87 98 134 31 157 66 85 115 128 88 94 83 73 155 86 127 35 145 87 124 79 53 22 86 82 37 44 50 47 68 74 58 53 26 20 29 29 22 46 68 62 78 92 92 83 66 53 26 19 0 7 15 23 34 41 46 50 47 38 27
85 74 123 155 64 127 86 75 122 137 128 128 35 45 151 98 55 131 66 105 106 6 111 128 134 67 88 131 20 71 119 119 53 6 127 45 112 130 172 51 162 80 105 131 24 154 65 78 122 134 85 101 76 70 152 79 134 32 142 80 130 72 47 19 80 75 31 37 43 40 61 67 54 50 24 18 24 26 19 39 61 55 71 85 89 80 64 55 32 25 7 0 10 19 27 34 43 47 44 35 24
79 67 133 151 68 123 80 67 118 140 126 138 27 35 147 90 64 127 61 100 105 13 106 124 144 58 98 127 12 64 129 114 63 9 122 36 120 126 168 43 157 73 110 127 17 150 54 71 132 145 88 111 69 73 148 72 144 40 137 75 140 63 40 27 73 68 24 30 34 32 52 59 45 41 28 26 18 23 17 33 54 48 64 79 92 83 67 63 42 35 15 10 0 9 19 25 34 38 35 26 15
70 59 141 155 75 126 71 58 122 147 118 146 19 27 150 81 72 130 52 104 107 21 110 127 152 49 107 130 4 56 138 118 71 17 126 28 129 129 172 33 161 65 119 130 17 153 45 63 141 153 95 120 61 80 152 64 153 49 141 65 149 54 32 35 65 60 21 22 25 23 43 50 36 32 37 34 20 30 25 24 46 40 56 70 99 90 73 71 51 44 23 19 9 0 10 16 25 29 26 17 10
67 56 150 164 76 136 68 49 131 147 114 155 11 23 159 73 79 139 44 113 102 32 119 137 161 46 116 139 9 52 147 127 80 25 135 24 136 139 181 26 170 61 129 139 18 163 39 58 149 162 95 128 57 80 161 59 161 54 150 58 158 47 28 44 61 56 20 18 18 15 35 42 28 23 43 42 26 35 32 21 42 36 53 67 99 90 74 75 60 53 34 27 19 10 0 9 22 30 27 18 16
64 51 156 172 81 144 65 43 139 153 121 161 7 17 168 68 86 148 39 122 104 39 128 145 167 40 122 148 15 52 153 136 86 31 144 17 142 147 189 17 179 59 135 148 24 171 33 52 156 168 101 135 55 86 169 53 168 60 159 52 164 38 26 50 60 54 26 20 9 9 29 35 21 16 49 48 32 41 38 20 43 37 50 64 105 96 79 81 66 59 41 34 25 16 9 0 15 22 27 25 22
79 61 159 157 95 129 74 37 124 166 136 167 20 4 152 68 96 132 45 106 118 42 112 130 181 27 127 132 26 67 155 120 92 42 128 7 153 132 174 21 163 74 130 132 37 156 26 54 168 174 114 140 69 99 154 56 173 73 143 54 166 40 40 60 75 69 40 34 13 16 28 34 17 12 61 59 45 54 49 34 57 50 64 79 118 109 93 94 72 65 46 43 34 25 22 15 0 8 12 15 24
84 68 153 151 99 123 81 41 118 170 141 171 28 12 147 76 100 127 53 100 126 46 106 124 175 33 131 127 29 72 150 114 96 46 123 14 157 126 168 29 158 78 125 127 41 150 30 62 162 178 119 144 74 103 148 64 153 77 138 62 160 47 47 64 79 73 44 42 20 23 35 42 25 20 65 63 49 58 53 41 65 57 70 84 122 114 97 98 76 69 50 47 38 29 30 22 8 0 6 14 20
88 72 147 145 96 117 85 49 112 167 135 168 32 16 141 80 97 121 57 95 123 43 101 118 169 38 129 121 27 73 144 109 93 43 117 18 154 120 162 33 152 82 119 121 38 144 37 66 157 175 116 141 78 100 142 68 147 74 132 66 155 51 49 61 82 77 41 39 25 27 39 45 29 24 62 60 46 55 50 42 63 57 73 88 120 111 94 95 73 66 47 44 35 26 27 27 12 6 0 8 14
79 68 149 149 87 121 80 48 117 158 126 159 27 17 145 79 88 125 54 99 114 34 105 122 171 39 120 125 18 64 146 113 84 34 121 17 145 124 166 32 156 74 121 125 30 148 37 65 159 166 107 132 69 92 147 67 165 65 136 66 157 51 40 52 73 68 32 30 23 25 39 45 29 23 53 51 37 46 41 33 54 48 65 79 111 102 85 86 64 57 38 35 26 17 18 25 15 14 8 0 7
77 66 144 153 81 124 78 56 120 153 124 148 26 26 148 87 78 128 58 102 114 24 108 125 166 48 109 128 10 63 141 116 74 22 124 26 135 127 170 40 159 72 116 128 24 151 44 70 153 155 101 122 68 86 150 71 155 54 139 71 151 58 38 42 72 67 27 29 29 28 46 53 36 31 42 40 30 39 34 31 53 47 63 77 105 96 79 77 53 46 27 24 15 10 16 22 24 20 14 7 0