0 128 186 196 63 220 58 46 181 51 174 247 62 206 46 193 60 119 194 181 69 186 113 47 201 103 89 79 111 74 201 73 229 201 99 211 142 101 114 161 60 144 62 99 74 66 191 144 229 237 60 58 183 161 224 136 86 60 226 77 126 64 36 82 9 13 56 45 63 57 65 65 64 67 78 88 66 71 71 44 21 27 15 0 97 88 84 86 100 105 92 85 79 70 67 64 79 84 88 79 77
128 0 159 168 97 127 119 125 57 97 146 154 125 101 121 165 108 9 166 57 116 159 24 126 109 75 98 91 83 87 174 106 202 174 29 183 18 96 86 96 116 20 125 102 77 117 99 51 202 144 108 109 64 96 196 108 95 89 198 115 99 120 91 50 120 118 72 81 91 88 109 115 100 95 56 41 64 61 58 84 107 101 114 128 81 75 60 52 32 24 42 48 58 67 76 82 87 91 89 80 69
186 159 0 22 135 153 167 172 209 148 31 193 167 235 165 19 150 162 57 209 150 0 164 173 132 84 210 203 99 199 28 137 92 28 133 36 173 108 225 248 163 174 167 113 189 157 124 206 92 164 150 151 212 248 87 247 120 136 89 146 237 159 147 135 181 176 134 138 132 135 151 156 136 131 139 133 131 134 128 140 162 156 172 186 204 195 179 170 146 139 120 117 113 117 126 134 119 113 107 111 115
196 168 22 0 144 162 177 182 219 158 30 202 176 244 175 3 159 171 66 219 159 22 173 183 141 93 219 213 109 208 6 146 102 6 142 31 182 117 234 258 173 184 176 122 198 167 134 215 102 174 159 160 221 258 96 256 129 146 98 155 247 169 157 144 190 185 143 147 142 144 160 165 146 140 148 143 140 144 138 150 171 165 182 196 214 205 188 179 156 149 130 127 122 126 135 144 128 122 117 121 124
63 97 135 144 0 202 29 40 149 14 122 216 33 175 33 141 18 97 142 149 23 135 99 41 173 51 117 105 67 100 150 16 178 150 68 159 111 38 132 176 25 112 33 41 96 23 163 147 178 214 18 19 152 176 172 155 23 8 174 28 145 27 31 64 59 53 35 28 5 11 15 21 7 4 63 63 46 54 51 28 42 38 48 63 112 103 86 88 81 74 55 48 40 31 22 16 16 23 27 27 34
220 127 153 162 202 0 211 217 176 189 140 30 217 180 213 159 200 134 103 176 221 153 138 218 46 157 199 193 165 188 168 208 106 168 121 177 141 179 213 219 208 143 217 184 178 222 39 174 106 22 200 201 178 219 100 235 185 181 102 217 225 230 183 142 212 210 164 173 183 180 214 220 204 199 148 133 156 153 150 176 199 193 206 220 192 183 167 153 126 116 134 140 150 159 168 174 187 181 175 177 172
58 119 167 177 29 211 0 16 172 24 155 239 10 197 8 174 14 119 175 172 18 167 118 16 200 84 129 118 100 114 182 31 210 182 90 192 133 64 150 194 7 135 10 56 114 11 190 165 210 229 14 10 174 194 205 173 50 31 207 24 163 13 40 80 56 50 54 46 33 33 18 12 26 31 79 82 62 71 68 46 39 39 44 58 130 121 104 106 102 97 78 71 63 54 46 41 43 50 54 54 60
46 125 172 182 40 217 16 0 178 30 160 244 19 203 10 178 24 125 180 178 31 172 119 1 199 89 124 113 105 109 187 43 215 187 96 197 139 76 150 194 19 141 19 68 108 23 189 165 215 235 24 21 180 194 210 172 61 41 212 37 163 20 37 80 49 41 54 44 44 44 30 24 36 41 79 85 63 71 69 43 35 34 38 46 130 121 104 106 102 102 84 77 70 62 57 51 53 61 65 65 69
181 57 209 219 149 176 172 178 0 150 197 181 177 52 173 216 161 64 217 0 169 209 76 179 157 126 111 119 134 116 224 158 252 224 82 234 41 147 96 79 169 38 177 153 116 170 147 51 252 178 161 162 13 79 247 112 148 141 249 168 108 173 144 103 173 170 125 134 144 141 162 168 152 147 109 94 117 114 110 137 159 153 167 181 94 97 101 107 87 76 94 101 111 120 128 135 140 144 141 132 122
51 97 148 158 14 189 24 30 150 0 136 216 33 175 25 155 16 97 156 150 28 148 94 31 170 65 111 99 81 94 164 27 191 164 69 173 111 52 126 170 22 112 33 52 90 26 160 141 191 206 16 16 152 170 186 149 37 13 188 34 139 29 17 56 47 41 29 21 16 16 20 25 18 18 55 58 39 47 44 20 30 24 36 51 106 97 80 82 78 74 57 50 45 36 28 23 30 37 41 38 42
174 146 31 30 122 140 155 160 197 136 0 180 154 222 153 26 137 149 44 197 137 31 151 161 119 71 197 191 87 186 35 124 80 35 120 45 160 95 212 236 151 162 154 100 176 145 112 193 80 152 137 138 199 236 74 234 107 124 76 133 225 147 135 122 168 163 122 125 120 122 138 143 124 119 126 121 118 122 116 128 149 143 160 174 192 183 166 157 134 127 108 105 100 104 113 122 106 100 95 99 102
247 154 193 202 216 30 239 244 181 216 180 0 244 151 240 199 227 161 143 181 240 193 166 246 66 177 227 220 185 215 208 227 146 208 148 217 169 198 240 247 235 171 244 204 205 237 59 202 146 9 227 228 176 247 140 262 205 208 142 236 252 239 210 170 240 237 192 201 210 207 228 235 219 214 176 160 183 181 177 204 226 220 233 247 220 211 195 181 153 143 161 168 178 186 195 201 206 201 195 197 188
62 125 167 176 33 217 10 19 177 33 154 244 0 203 15 173 17 125 174 177 18 167 124 19 204 83 134 123 99 119 182 30 210 182 96 191 139 63 156 199 11 140 0 55 119 11 194 170 210 234 17 16 180 199 204 178 51 36 206 23 168 8 47 85 60 54 59 51 37 39 19 14 29 34 84 87 68 76 73 51 46 43 48 62 135 126 109 111 107 102 83 76 68 59 51 46 46 54 58 57 65
206 101 235 244 175 180 197 203 52 175 222 151 203 0 199 241 186 108 242 52 194 235 121 204 183 151 161 169 159 166 250 184 277 250 107 259 91 172 147 130 194 87 203 178 164 195 173 102 277 149 186 187 47 130 272 162 173 167 274 193 159 198 169 128 199 196 150 159 169 166 187 193 178 173 134 119 142 139 136 162 185 179 192 206 145 147 152 139 112 102 120 126 136 145 154 160 166 169 167 158 147
46 121 165 175 33 213 8 10 173 25 153 240 15 199 0 171 18 121 173 173 22 165 114 11 204 82 120 110 98 105 180 36 208 180 94 190 135 69 146 189 11 136 15 61 104 16 194 160 208 230 18 14 176 189 203 168 54 34 205 29 158 16 33 76 48 42 49 39 37 37 23 16 29 34 75 80 59 66 64 38 30 30 36 46 125 116 100 101 98 98 82 75 67 58 50 44 46 54 58 58 63
193 165 19 3 141 159 174 178 216 155 26 199 173 241 171 0 156 168 63 216 156 19 170 180 138 90 216 210 106 205 9 143 98 9 139 28 179 114 231 255 169 181 173 119 195 164 131 212 98 171 156 157 218 255 93 253 126 143 95 152 244 166 154 141 187 182 140 144 138 141 157 162 142 137 145 140 137 140 135 147 168 162 178 193 211 202 185 176 152 145 127 124 119 123 132 141 125 119 114 118 121
60 108 150 159 18 200 14 24 161 16 137 227 17 186 18 156 0 108 157 161 12 150 107 26 189 66 124 113 82 108 165 20 193 165 79 174 122 54 139 182 9 123 17 46 103 10 179 153 193 217 0 3 163 182 187 161 39 19 189 19 151 13 33 68 56 50 42 34 21 22 7 9 14 19 67 70 51 59 56 34 39 33 45 60 118 109 93 94 90 85 67 60 51 42 35 29 31 39 43 42 48
119 9 162 171 97 134 119 125 64 97 149 161 125 108 121 168 108 0 169 64 116 162 26 126 116 79 91 84 85 80 177 106 205 177 29 187 25 108 94 103 116 27 125 113 70 117 106 58 205 152 108 109 71 103 199 116 95 89 201 115 107 120 91 50 110 109 72 81 91 88 109 115 100 95 50 41 64 61 58 84 107 101 114 119 74 68 53 45 25 25 42 48 58 67 76 82 88 91 89 80 69
194 166 57 66 142 103 175 180 217 156 44 143 174 242 173 63 157 169 0 217 157 57 171 181 81 91 217 211 107 206 72 144 42 72 140 81 180 115 232 256 171 182 174 120 196 165 74 213 42 114 157 158 219 256 36 254 127 144 38 153 245 167 155 142 188 183 142 145 140 142 158 163 144 138 146 141 138 142 136 148 169 163 180 194 212 203 186 177 154 147 128 125 120 124 133 142 126 120 115 119 122
181 57 209 219 149 176 172 178 0 150 197 181 177 52 173 216 161 64 217 0 169 209 76 179 157 126 111 119 134 116 224 158 252 224 82 234 41 147 96 79 169 38 177 153 116 170 147 51 252 178 161 162 13 79 247 112 148 141 249 168 108 173 144 103 173 170 125 134 144 141 162 168 152 147 109 94 117 114 110 137 159 153 167 181 94 97 101 107 87 76 94 101 111 120 128 135 140 144 141 132 122
69 116 150 159 23 221 18 31 169 28 137 240 18 194 22 156 12 116 157 169 0 150 118 32 192 66 136 123 82 119 165 13 193 165 87 174 130 46 151 194 14 132 18 38 115 9 182 165 193 232 12 14 171 194 187 173 37 29 189 8 163 11 45 81 66 61 54 46 27 32 9 7 17 22 80 84 63 71 68 46 49 44 55 69 130 122 105 106 101 93 75 70 61 52 44 37 34 40 46 45 53
186 159 0 22 135 153 167 172 209 148 31 193 167 235 165 19 150 162 57 209 150 0 164 173 132 84 210 203 99 199 28 137 92 28 133 36 173 108 225 248 163 174 167 113 189 157 124 206 92 164 150 151 212 248 87 247 120 136 89 146 237 159 147 135 181 176 134 138 132 135 151 156 136 131 139 133 131 134 128 140 162 156 172 186 204 195 179 170 146 139 120 117 113 117 126 134 119 113 107 111 115
113 24 164 173 99 138 118 119 76 94 151 166 124 121 114 170 107 26 171 76 118 164 0 120 120 81 84 78 87 73 179 108 207 179 31 188 39 110 73 83 115 40 124 115 63 119 110 38 207 156 107 108 84 83 201 95 97 91 203 117 86 122 84 41 104 103 65 75 93 90 111 117 102 97 44 41 57 50 54 78 97 90 101 113 67 61 46 39 19 27 44 50 60 69 78 84 90 93 91 82 71
47 126 173 183 41 218 16 1 179 31 161 246 19 204 11 180 26 126 181 179 32 173 120 0 200 90 125 115 106 110 188 44 216 188 97 198 140 77 152 195 20 142 19 69 110 24 190 166 216 236 26 22 181 195 211 174 62 43 213 37 164 21 38 82 50 43 55 45 45 45 31 25 38 43 81 86 65 72 70 44 36 35 39 47 131 122 105 107 103 104 85 78 72 63 58 52 55 62 66 66 70
201 109 132 141 173 46 200 199 157 170 119 66 204 183 204 138 189 116 81 157 192 132 120 200 0 128 181 174 136 170 147 179 85 147 102 156 123 150 194 201 196 125 204 155 159 193 10 156 85 58 189 190 160 201 79 216 156 162 81 188 207 201 165 124 194 191 146 155 171 162 185 191 175 170 130 114 137 135 131 158 180 174 187 201 174 165 149 135 108 97 115 122 132 140 149 155 158 152 146 148 143
103 75 84 93 51 157 84 89 126 65 71 177 83 151 82 90 66 79 91 126 66 84 81 90 128 0 126 120 16 115 99 53 126 99 49 108 89 24 141 165 80 91 83 30 105 74 118 122 126 169 66 68 128 165 121 164 36 53 123 62 154 76 64 51 97 92 51 54 49 51 67 73 53 48 55 50 47 51 45 57 78 72 89 103 121 112 95 86 63 56 37 34 29 33 42 51 35 30 24 28 31
89 98 210 219 117 199 129 124 111 111 197 227 134 161 120 216 124 91 217 111 136 210 84 125 181 126 0 16 137 15 225 132 253 225 86 234 100 145 38 88 127 98 134 149 22 134 171 79 253 217 124 121 122 88 247 60 133 110 249 141 50 137 99 77 82 84 83 91 113 107 128 133 123 119 73 81 84 75 82 94 90 90 89 89 21 18 36 47 74 84 97 95 98 105 105 110 124 128 125 116 111
79 91 203 213 105 193 118 113 119 99 191 220 123 169 110 210 113 84 211 119 123 203 78 115 174 120 16 0 130 8 218 119 246 218 80 228 99 132 48 96 116 97 123 136 18 121 164 87 246 210 113 110 131 96 241 70 120 97 243 131 61 123 86 70 71 73 70 79 101 95 117 120 110 107 66 74 72 68 70 81 79 79 79 79 30 23 30 41 67 78 91 88 85 92 92 98 111 115 112 104 98
111 83 99 109 67 165 100 105 134 81 87 185 99 159 98 106 82 85 107 134 82 99 87 106 136 16 137 130 0 126 114 69 142 114 60 124 97 41 152 175 96 99 99 45 116 90 126 130 142 177 82 83 136 175 137 174 52 65 139 78 164 92 72 62 106 101 61 63 65 64 83 88 69 63 66 60 58 61 55 65 87 81 97 111 132 123 106 97 73 62 47 44 40 44 52 58 51 45 40 44 36
74 87 199 208 100 188 114 109 116 94 186 215 119 166 105 205 108 80 206 116 119 199 73 110 170 115 15 8 126 0 214 115 242 214 75 223 94 128 45 92 112 92 119 132 12 117 160 83 242 206 108 106 127 92 236 67 116 93 238 127 57 119 81 66 67 69 66 74 96 90 113 115 106 102 61 70 67 64 65 77 75 75 74 74 26 19 25 36 63 73 86 84 81 88 88 94 107 111 108 99 94
201 174 28 6 150 168 182 187 224 164 35 208 182 250 180 9 165 177 72 224 165 28 179 188 147 99 225 218 114 214 0 152 107 0 148 37 188 123 240 263 178 189 182 128 204 173 139 221 107 180 165 166 227 263 102 262 135 152 104 161 252 174 162 150 196 191 149 153 147 150 166 171 151 146 154 148 146 149 143 155 177 171 187 201 219 211 194 185 161 154 135 132 128 132 141 149 134 128 122 126 130
73 106 137 146 16 208 31 43 158 27 124 227 30 184 36 143 20 106 144 158 13 137 108 44 179 53 132 119 69 115 152 0 180 152 77 161 120 33 147 191 27 121 30 25 111 21 169 146 180 219 20 23 161 191 174 169 25 23 176 9 159 23 44 78 69 63 50 42 20 25 14 19 11 14 77 78 60 69 66 42 52 47 58 73 127 118 101 102 90 83 64 63 52 43 37 30 23 27 35 34 42
229 202 92 102 178 106 210 215 252 191 80 146 210 277 208 98 193 205 42 252 193 92 207 216 85 126 253 246 142 242 107 180 0 107 176 117 216 151 268 291 206 217 210 156 232 200 77 249 0 118 193 194 254 291 6 290 163 179 7 189 280 202 190 178 224 219 177 181 175 178 194 199 179 174 182 176 174 177 171 183 205 199 215 229 247 238 222 213 189 182 163 160 156 160 169 177 162 156 150 154 158
201 174 28 6 150 168 182 187 224 164 35 208 182 250 180 9 165 177 72 224 165 28 179 188 147 99 225 218 114 214 0 152 107 0 148 37 188 123 240 263 178 189 182 128 204 173 139 221 107 180 165 166 227 263 102 262 135 152 104 161 252 174 162 150 196 191 149 153 147 150 166 171 151 146 154 148 146 149 143 155 177 171 187 201 219 211 194 185 161 154 135 132 128 132 141 149 134 128 122 126 130
99 29 133 142 68 121 90 96 82 69 120 148 96 107 94 139 79 29 140 82 87 133 31 97 102 49 86 80 60 75 148 77 176 148 0 157 43 79 100 115 87 45 96 84 65 88 92 69 176 138 79 80 84 115 170 122 66 60 172 86 112 91 63 29 93 89 44 53 62 59 80 86 71 66 35 20 35 35 29 56 78 72 85 99 79 70 54 41 13 6 13 19 29 38 47 53 59 62 60 51 40
211 183 36 31 159 177 192 197 234 173 45 217 191 259 190 28 174 187 81 234 174 36 188 198 156 108 234 228 124 223 37 161 117 37 157 0 197 132 249 273 188 199 191 138 213 182 149 230 117 189 174 175 236 273 111 272 144 161 113 170 262 184 172 159 205 200 159 162 157 159 175 181 161 156 163 158 155 159 153 165 186 180 197 211 229 220 203 194 171 164 145 142 137 141 150 159 143 138 132 136 139
142 18 173 182 111 141 133 139 41 111 160 169 139 91 135 179 122 25 180 41 130 173 39 140 123 89 100 99 97 94 188 120 216 188 43 197 0 111 86 87 130 6 139 116 84 131 113 51 216 159 122 123 52 87 210 108 109 103 212 129 98 134 105 64 135 132 87 95 105 102 123 129 114 109 70 55 78 75 72 98 121 115 128 142 84 84 69 66 46 38 56 62 72 81 90 96 102 105 103 94 83
101 96 108 117 38 179 64 76 147 52 95 198 63 172 69 114 54 108 115 147 46 108 110 77 150 24 145 132 41 128 123 33 151 123 79 132 111 0 160 194 60 112 63 10 123 54 140 148 151 190 54 55 149 194 145 182 16 44 147 42 172 56 67 81 97 91 61 59 40 45 48 53 40 35 82 79 65 74 70 59 80 75 86 101 139 130 114 115 92 85 66 63 54 46 47 40 26 18 20 28 35
114 86 225 234 132 213 150 150 96 126 212 240 156 147 146 231 139 94 232 96 151 225 73 152 194 141 38 48 152 45 240 147 268 240 100 249 86 160 0 60 147 84 156 164 44 149 184 64 268 230 139 140 108 60 262 31 148 125 264 156 22 152 114 92 106 109 98 106 128 123 143 148 138 134 88 96 99 90 97 109 115 115 114 114 22 30 49 61 88 98 112 110 113 120 120 126 139 143 140 131 126
161 96 248 258 176 219 194 194 79 170 236 247 199 130 189 255 182 103 256 79 194 248 83 195 201 165 88 96 175 92 263 191 291 263 115 273 87 194 60 0 190 85 199 199 91 193 191 49 291 237 182 184 91 0 286 45 181 169 288 200 48 195 157 115 153 156 141 150 172 166 187 191 181 178 119 118 132 125 128 152 162 159 161 161 71 73 91 98 102 113 128 133 141 150 163 169 174 178 175 166 155
60 116 163 173 25 208 7 19 169 22 151 235 11 194 11 169 9 116 171 169 14 163 115 20 196 80 127 116 96 112 178 27 206 178 87 188 130 60 147 190 0 131 11 52 111 7 186 161 206 225 9 7 171 190 201 169 46 27 203 20 159 9 38 76 57 51 50 42 29 30 13 7 21 26 75 78 59 67 64 42 39 37 45 60 126 117 101 102 98 93 75 68 59 50 42 37 38 46 50 50 57
144 20 174 184 112 143 135 141 38 112 162 171 140 87 136 181 123 27 182 38 132 174 40 142 125 91 98 97 99 92 189 121 217 189 45 199 6 112 84 85 131 0 140 118 81 133 115 49 217 161 123 125 50 85 212 106 111 104 214 130 96 136 107 66 136 133 88 97 107 104 125 131 115 110 72 57 80 77 73 100 122 116 129 144 82 82 67 68 47 39 57 64 74 82 91 98 103 107 104 95 85
62 125 167 176 33 217 10 19 177 33 154 244 0 203 15 173 17 125 174 177 18 167 124 19 204 83 134 123 99 119 182 30 210 182 96 191 139 63 156 199 11 140 0 55 119 11 194 170 210 234 17 16 180 199 204 178 51 36 206 23 168 8 47 85 60 54 59 51 37 39 19 14 29 34 84 87 68 76 73 51 46 43 48 62 135 126 109 111 107 102 83 76 68 59 51 46 46 54 58 57 65
99 102 113 122 41 184 56 68 153 52 100 204 55 178 61 119 46 113 120 153 38 113 115 69 155 30 149 136 45 132 128 25 156 128 84 138 116 10 164 199 52 118 55 0 128 46 145 152 156 196 46 48 155 199 150 186 21 48 152 34 176 48 69 85 94 88 65 63 44 49 39 45 36 39 86 84 70 79 74 63 77 72 83 99 144 135 118 119 97 90 71 68 59 50 52 45 30 22 24 32 39
74 77 189 198 96 178 114 108 116 90 176 205 119 164 104 195 103 70 196 116 115 189 63 110 159 105 22 18 116 12 204 111 232 204 65 213 84 123 44 91 111 81 119 128 0 113 149 75 232 195 103 104 127 91 226 66 111 89 228 120 56 116 77 56 66 68 61 70 92 86 107 111 102 98 51 59 63 53 61 72 74 74 73 74 27 18 14 26 53 63 76 73 76 83 84 89 102 107 104 95 89
66 117 157 167 23 222 11 23 170 26 145 237 11 195 16 164 10 117 165 170 9 157 119 24 193 74 134 121 90 117 173 21 200 173 88 182 131 54 149 193 7 133 11 46 113 0 183 164 200 234 10 12 172 193 195 171 41 29 197 14 162 4 43 79 63 57 52 44 27 31 9 3 19 24 78 81 61 69 67 45 45 42 51 66 129 120 103 105 101 95 76 69 61 52 44 37 36 44 47 47 55
191 99 124 134 163 39 190 189 147 160 112 59 194 173 194 131 179 106 74 147 182 124 110 190 10 118 171 164 126 160 139 169 77 139 92 149 113 140 184 191 186 115 194 145 149 183 0 146 77 51 179 180 150 191 72 206 146 152 74 178 197 191 155 114 184 181 136 145 161 152 175 182 165 160 120 104 127 125 121 148 170 164 177 191 164 155 139 125 98 87 105 112 122 130 139 145 148 142 136 139 133
144 51 206 215 147 174 165 165 51 141 193 202 170 102 160 212 153 58 213 51 165 206 38 166 156 122 79 87 130 83 221 146 249 221 69 230 51 148 64 49 161 49 170 152 75 164 146 0 249 192 153 154 63 49 243 86 135 139 245 155 76 166 128 82 137 142 107 121 138 133 158 162 152 135 86 85 99 92 95 123 136 130 141 144 62 65 61 65 57 65 82 88 98 107 116 122 127 131 129 120 109
229 202 92 102 178 106 210 215 252 191 80 146 210 277 208 98 193 205 42 252 193 92 207 216 85 126 253 246 142 242 107 180 0 107 176 117 216 151 268 291 206 217 210 156 232 200 77 249 0 118 193 194 254 291 6 290 163 179 7 189 280 202 190 178 224 219 177 181 175 178 194 199 179 174 182 176 174 177 171 183 205 199 215 229 247 238 222 213 189 182 163 160 156 160 169 177 162 156 150 154 158
237 144 164 174 214 22 229 235 178 206 152 9 234 149 230 171 217 152 114 178 232 164 156 236 58 169 217 210 177 206 180 219 118 180 138 189 159 190 230 237 225 161 234 196 195 234 51 192 118 0 217 218 173 237 112 252 197 198 114 228 243 242 201 160 230 227 182 191 200 198 226 232 216 211 166 150 173 171 167 194 216 210 223 237 210 201 185 171 143 133 151 158 168 176 185 191 198 193 187 189 184
60 108 150 159 18 200 14 24 161 16 137 227 17 186 18 156 0 108 157 161 12 150 107 26 189 66 124 113 82 108 165 20 193 165 79 174 122 54 139 182 9 123 17 46 103 10 179 153 193 217 0 3 163 182 187 161 39 19 189 19 151 13 33 68 56 50 42 34 21 22 7 9 14 19 67 70 51 59 56 34 39 33 45 60 118 109 93 94 90 85 67 60 51 42 35 29 31 39 43 42 48
58 109 151 160 19 201 10 21 162 16 138 228 16 187 14 157 3 109 158 162 14 151 108 22 190 68 121 110 83 106 166 23 194 166 80 175 123 55 140 184 7 125 16 48 104 12 180 154 194 218 3 0 164 184 188 162 40 20 190 22 152 14 32 70 54 48 43 35 22 23 10 10 15 20 69 72 52 60 57 35 37 31 43 58 120 111 94 95 92 86 68 61 52 43 36 30 32 40 44 43 49
183 64 212 221 152 178 174 180 13 152 199 176 180 47 176 218 163 71 219 13 171 212 84 181 160 128 122 131 136 127 227 161 254 227 84 236 52 149 108 91 171 50 180 155 127 172 150 63 254 173 163 164 0 91 249 123 150 144 251 170 120 175 146 105 176 173 127 136 146 143 164 170 155 150 111 96 119 116 113 139 162 156 169 183 106 108 113 109 89 79 97 103 113 122 131 137 142 146 144 135 124
161 96 248 258 176 219 194 194 79 170 236 247 199 130 189 255 182 103 256 79 194 248 83 195 201 165 88 96 175 92 263 191 291 263 115 273 87 194 60 0 190 85 199 199 91 193 191 49 291 237 182 184 91 0 286 45 181 169 288 200 48 195 157 115 153 156 141 150 172 166 187 191 181 178 119 118 132 125 128 152 162 159 161 161 71 73 91 98 102 113 128 133 141 150 163 169 174 178 175 166 155
224 196 87 96 172 100 205 210 247 186 74 140 204 272 203 93 187 199 36 247 187 87 201 211 79 121 247 241 137 236 102 174 6 102 170 111 210 145 262 286 201 212 204 150 226 195 72 243 6 112 187 188 249 286 0 284 157 174 9 183 275 197 185 172 218 213 172 175 170 172 188 193 174 168 176 171 168 172 166 178 199 193 210 224 242 233 216 207 184 177 158 155 150 154 163 172 156 150 145 149 152
136 108 247 256 155 235 173 172 112 149 234 262 178 162 168 253 161 116 254 112 173 247 95 174 216 164 60 70 174 67 262 169 290 262 122 272 108 182 31 45 169 106 178 186 66 171 206 86 290 252 161 162 123 45 284 0 170 147 286 178 9 174 136 114 128 131 120 128 150 145 165 170 160 156 110 118 121 112 120 131 137 137 136 136 44 52 71 83 110 120 134 132 135 142 142 148 161 165 162 153 148
86 95 120 129 23 185 50 61 148 37 107 205 51 173 54 126 39 95 127 148 37 120 97 62 156 36 133 120 52 116 135 25 163 135 66 144 109 16 148 181 46 111 51 21 111 41 146 135 163 197 39 40 150 181 157 170 0 29 159 34 160 44 52 68 82 76 49 43 22 25 35 39 25 20 69 66 52 62 57 43 65 60 71 86 127 118 102 103 79 72 53 50 41 33 31 24 10 6 12 18 28
60 89 136 146 8 181 31 41 141 13 124 208 36 167 34 143 19 89 144 141 29 136 91 43 162 53 110 97 65 93 152 23 179 152 60 161 103 44 125 169 27 104 36 48 89 29 152 139 179 198 19 20 144 169 174 147 29 0 176 34 137 31 23 56 55 49 28 20 4 3 20 27 13 10 55 55 38 46 43 20 39 33 45 60 105 96 79 80 73 66 47 40 32 23 15 10 18 25 29 27 29
226 198 89 98 174 102 207 212 249 188 76 142 206 274 205 95 189 201 38 249 189 89 203 213 81 123 249 243 139 238 104 176 7 104 172 113 212 147 264 288 203 214 206 152 228 197 74 245 7 114 189 190 251 288 9 286 159 176 0 185 277 199 187 174 220 215 173 177 172 174 190 195 176 170 178 173 170 174 168 180 201 195 212 226 244 235 218 209 186 179 160 157 152 156 165 174 158 152 147 151 154
77 115 146 155 28 217 24 37 168 34 133 236 23 193 29 152 19 115 153 168 8 146 117 37 188 62 141 131 78 127 161 9 189 161 86 170 129 42 156 200 20 130 23 34 120 14 178 155 189 228 19 22 170 200 183 178 34 34 185 0 169 16 50 86 74 69 59 51 31 36 14 13 21 23 85 89 71 76 77 52 57 52 63 77 136 127 110 112 99 92 73 74 61 52 48 41 33 37 44 44 51
126 99 237 247 145 225 163 163 108 139 225 252 168 159 158 244 151 107 245 108 163 237 86 164 207 154 50 61 164 57 252 159 280 252 112 262 98 172 22 48 159 96 168 176 56 162 197 76 280 243 151 152 120 48 275 9 160 137 277 169 0 164 126 104 119 121 110 119 140 135 156 160 150 147 100 108 112 102 110 121 127 128 126 126 34 42 61 73 100 110 124 122 125 132 132 138 151 155 152 144 138
64 120 159 169 27 230 13 20 173 29 147 239 8 198 16 166 13 120 167 173 11 159 122 21 201 76 137 123 92 119 174 23 202 174 91 184 134 56 152 195 9 136 8 48 116 4 191 166 202 242 13 14 175 195 197 174 44 31 199 16 164 0 45 81 62 56 55 47 30 34 12 7 22 28 80 83 64 72 69 47 47 44 50 64 131 122 106 107 103 97 79 72 63 54 47 38 40 47 51 51 58
36 91 147 157 31 183 40 37 144 17 135 210 47 169 33 154 33 91 155 144 45 147 84 38 165 64 99 86 72 81 162 44 190 162 63 172 105 67 114 157 38 107 47 69 77 43 155 128 190 201 33 32 146 157 185 136 52 23 187 50 126 45 0 46 31 25 20 10 26 21 37 42 35 32 45 51 29 37 35 9 15 9 21 36 93 84 68 69 68 68 53 47 40 32 28 26 40 47 49 40 38
82 50 135 144 64 142 80 80 103 56 122 170 85 128 76 141 68 50 142 103 81 135 41 82 124 51 77 70 62 66 150 78 178 150 29 159 64 81 92 115 76 66 85 85 56 79 114 82 178 160 68 70 105 115 172 114 68 56 174 86 104 81 46 0 73 72 27 36 58 53 73 77 69 64 8 10 19 12 14 39 62 56 69 82 72 63 46 37 24 28 22 19 27 35 44 50 60 64 61 52 42
9 120 181 190 59 212 56 49 173 47 168 240 60 199 48 187 56 110 188 173 66 181 104 50 194 97 82 71 106 67 196 69 224 196 93 205 135 97 106 153 57 136 60 94 66 63 184 137 224 230 56 54 176 153 218 128 82 55 220 74 119 62 31 73 0 6 51 45 58 53 60 62 60 63 69 80 57 62 64 40 18 23 12 9 89 80 76 78 91 98 86 80 73 65 61 60 75 79 82 73 72
13 118 176 185 53 210 50 41 170 41 163 237 54 196 42 182 50 109 183 170 61 176 103 43 191 92 84 73 101 69 191 63 219 191 89 200 132 91 109 156 51 133 54 88 68 57 181 142 219 227 50 48 173 156 213 131 76 49 215 69 121 56 25 72 6 0 46 35 52 47 54 56 54 57 68 77 56 61 61 34 12 17 6 13 92 83 82 84 90 95 82 75 68 60 56 54 69 73 77 68 67
56 72 134 143 35 164 54 54 125 29 122 192 59 150 49 140 42 72 142 125 54 134 65 55 146 51 83 70 61 66 149 50 177 149 44 159 87 61 98 141 50 88 59 65 61 52 136 107 177 182 42 43 127 141 172 120 49 28 173 59 110 55 20 27 51 46 0 10 31 27 46 51 41 37 26 32 9 17 16 13 35 29 42 56 77 68 51 53 48 50 37 31 24 21 20 26 40 44 41 32 27
45 81 138 147 28 173 46 44 134 21 125 201 51 159 39 144 34 81 145 134 46 138 75 45 155 54 91 79 63 74 153 42 181 153 53 162 95 59 106 150 42 97 51 63 70 44 145 121 181 191 34 35 136 150 175 128 43 20 177 51 119 47 10 36 45 35 10 0 23 18 38 43 33 29 35 41 19 27 25 3 24 18 31 45 86 77 60 62 58 58 44 37 30 22 18 20 34 42 39 30 29
63 91 132 142 5 183 33 44 144 16 120 210 37 169 37 138 21 91 140 144 27 132 93 45 171 49 113 101 65 96 147 20 175 147 62 157 105 40 128 172 29 107 37 44 92 27 161 138 175 200 21 22 146 172 170 150 22 4 172 31 140 30 26 58 58 52 31 23 0 5 18 25 11 6 57 57 40 49 45 23 42 36 49 63 108 99 82 84 75 68 50 43 34 25 18 9 13 20 25 23 29
57 88 135 144 11 180 33 44 141 16 122 207 39 166 37 141 22 88 142 141 32 135 90 45 162 51 107 95 64 90 150 25 178 150 59 159 102 45 123 166 30 104 39 49 86 31 152 133 178 198 22 23 143 166 172 145 25 3 174 36 135 34 21 53 53 47 27 18 5 0 23 29 16 10 52 55 35 44 40 18 36 30 43 57 102 93 76 78 72 65 47 40 32 23 15 9 16 23 27 25 28
65 109 151 160 15 214 18 30 162 20 138 228 19 187 23 157 7 109 158 162 9 151 111 31 185 67 128 117 83 113 166 14 194 166 80 175 123 48 143 187 13 125 19 39 107 9 175 158 194 226 7 10 164 187 188 165 35 20 190 14 156 12 37 73 60 54 46 38 18 23 0 7 10 16 72 75 55 63 61 39 43 38 49 65 123 114 97 99 93 86 68 61 52 43 35 29 28 35 39 39 46
65 115 156 165 21 220 12 24 168 25 143 235 14 193 16 162 9 115 163 168 7 156 117 25 191 73 133 120 88 115 171 19 199 171 86 181 129 53 148 191 7 131 14 45 111 3 182 162 199 232 9 10 170 191 193 170 39 27 195 13 160 7 42 77 62 56 51 43 25 29 7 0 17 22 76 79 60 68 65 43 46 41 51 65 127 118 101 103 99 93 74 67 59 50 42 35 34 42 45 45 53
64 100 136 146 7 204 26 36 152 18 124 219 29 178 29 142 14 100 144 152 17 136 102 38 175 53 123 110 69 106 151 11 179 151 71 161 114 40 138 181 21 115 29 36 102 19 165 152 179 216 14 15 155 181 174 160 25 13 176 21 150 22 35 69 60 54 41 33 11 16 10 17 0 6 68 68 51 60 56 33 43 37 49 64 117 108 92 93 84 77 58 54 45 36 28 21 17 25 29 29 36
67 95 131 140 4 199 31 41 147 18 119 214 34 173 34 137 19 95 138 147 22 131 97 43 170 48 119 107 63 102 146 14 174 146 66 156 109 35 134 178 26 110 34 39 98 24 160 135 174 211 19 20 150 178 168 156 20 10 170 23 147 28 32 64 63 57 37 29 6 10 16 22 6 0 63 64 46 54 51 30 45 42 52 67 114 105 88 90 79 72 53 50 41 32 23 16 12 20 24 23 31
78 56 139 148 63 148 79 79 109 55 126 176 84 134 75 145 67 50 146 109 80 139 44 81 130 55 73 66 66 61 154 77 182 154 35 163 70 82 88 119 75 72 84 86 51 78 120 86 182 166 67 69 111 119 176 110 69 55 178 85 100 80 45 8 69 68 26 35 57 52 72 76 68 63 0 17 18 8 14 38 61 55 66 78 67 58 41 36 28 33 26 24 28 37 43 49 61 65 62 53 42
88 41 133 143 63 133 82 85 94 58 121 160 87 119 80 140 70 41 141 94 84 133 41 86 114 50 81 74 60 70 148 78 176 148 20 158 55 79 96 118 78 57 87 84 59 81 104 85 176 150 70 72 96 118 171 118 66 55 173 89 108 83 51 10 80 77 32 41 57 55 75 79 68 64 17 0 24 20 17 44 66 60 74 88 75 66 50 39 21 18 20 18 26 34 42 48 59 63 60 51 40
66 64 131 140 46 156 62 63 117 39 118 183 68 142 59 137 51 64 138 117 63 131 57 65 137 47 84 72 58 67 146 60 174 146 35 155 78 65 99 132 59 80 68 70 63 61 127 99 174 173 51 52 119 132 168 121 52 38 170 71 112 64 29 19 57 56 9 19 40 35 55 60 51 46 18 24 0 9 7 22 45 39 52 66 79 70 53 51 41 41 29 24 18 20 26 32 45 49 46 37 30
71 61 134 144 54 153 71 71 114 47 122 181 76 139 66 140 59 61 142 114 71 134 50 72 135 51 75 68 61 64 149 69 177 149 35 159 75 74 90 125 67 77 76 79 53 69 125 92 177 171 59 60 116 125 172 112 62 46 174 76 102 72 37 12 62 61 17 27 49 44 63 68 60 54 8 20 9 0 7 30 52 46 59 71 69 60 44 41 34 39 29 26 23 30 35 41 54 58 55 46 39
71 58 128 138 51 150 68 69 110 44 116 177 73 136 64 135 56 58 136 110 68 128 54 70 131 45 82 70 55 65 143 66 171 143 29 153 72 70 97 128 64 73 73 74 61 67 121 95 171 167 56 57 113 128 166 120 57 43 168 77 110 69 35 14 64 61 16 25 45 40 61 65 56 51 14 17 7 7 0 28 50 44 57 71 77 68 51 49 37 35 22 19 17 25 32 38 49 53 50 41 34
44 84 140 150 28 176 46 43 137 20 128 204 51 162 38 147 34 84 148 137 46 140 78 44 158 57 94 81 65 77 155 42 183 155 56 165 98 59 109 152 42 100 51 63 72 45 148 123 183 194 34 35 139 152 178 131 43 20 180 52 121 47 9 39 40 34 13 3 23 18 39 43 33 30 38 44 22 30 28 0 23 17 30 44 88 79 63 64 61 61 46 39 33 24 21 20 34 41 42 33 31
21 107 162 171 42 199 39 35 159 30 149 226 46 185 30 168 39 107 169 159 49 162 97 36 180 78 90 79 87 75 177 52 205 177 78 186 121 80 115 162 39 122 46 77 74 45 170 136 205 216 39 37 162 162 199 137 65 39 201 57 127 47 15 62 18 12 35 24 42 36 43 46 43 45 61 66 45 52 50 23 0 6 6 21 98 89 76 78 84 84 68 61 54 46 42 43 57 65 63 54 53
27 101 156 165 38 193 39 34 153 24 143 220 43 179 30 162 33 101 163 153 44 156 90 35 174 72 90 79 81 75 171 47 199 171 72 180 115 75 115 159 37 116 43 72 74 42 164 130 199 210 33 31 156 159 193 137 60 33 195 52 128 44 9 56 23 17 29 18 36 30 38 41 37 42 55 60 39 46 44 17 6 0 13 27 95 86 69 71 78 78 62 55 48 40 36 37 50 57 57 48 47
15 114 172 182 48 206 44 38 167 36 160 233 48 192 36 178 45 114 180 167 55 172 101 39 187 89 89 79 97 74 187 58 215 187 85 197 128 86 114 161 45 129 48 83 73 51 177 141 215 223 45 43 169 161 210 136 71 45 212 63 126 50 21 69 12 6 42 31 49 43 49 51 49 52 66 74 52 59 57 30 6 13 0 15 97 88 80 82 88 91 78 71 64 56 53 50 64 70 73 65 63
0 128 186 196 63 220 58 46 181 51 174 247 62 206 46 193 60 119 194 181 69 186 113 47 201 103 89 79 111 74 201 73 229 201 99 211 142 101 114 161 60 144 62 99 74 66 191 144 229 237 60 58 183 161 224 136 86 60 226 77 126 64 36 82 9 13 56 45 63 57 65 65 64 67 78 88 66 71 71 44 21 27 15 0 97 88 84 86 100 105 92 85 79 70 67 64 79 84 88 79 77
97 81 204 214 112 192 130 130 94 106 192 220 135 145 125 211 118 74 212 94 130 204 67 131 174 121 21 30 132 26 219 127 247 219 79 229 84 139 22 71 126 82 135 144 27 129 164 62 247 210 118 120 106 71 242 44 127 105 244 136 34 131 93 72 89 92 77 86 108 102 123 127 117 114 67 75 79 69 77 88 98 95 97 97 0 9 28 41 67 77 92 89 92 99 99 105 118 122 120 111 105
88 75 195 205 103 183 121 121 97 97 183 211 126 147 116 202 109 68 203 97 122 195 61 122 165 112 18 23 123 19 211 118 238 211 70 220 84 130 30 73 117 82 126 135 18 120 155 65 238 201 109 111 108 73 233 52 118 96 235 127 42 122 84 63 80 83 68 77 99 93 114 118 108 105 58 66 70 60 68 79 89 86 88 88 9 0 20 32 58 69 83 80 83 90 90 96 109 114 111 102 96
84 60 179 188 86 167 104 104 101 80 166 195 109 152 100 185 93 53 186 101 105 179 46 105 149 95 36 30 106 25 194 101 222 194 54 203 69 114 49 91 101 67 109 118 14 103 139 61 222 185 93 94 113 91 216 71 102 79 218 110 61 106 68 46 76 82 51 60 82 76 97 101 92 88 41 50 53 44 51 63 76 69 80 84 28 20 0 16 42 53 66 64 67 73 74 79 93 97 94 85 79
86 52 170 179 88 153 106 106 107 82 157 181 111 139 101 176 94 45 177 107 106 170 39 107 135 86 47 41 97 36 185 102 213 185 41 194 66 115 61 98 102 68 111 119 26 105 125 65 213 171 94 95 109 98 207 83 103 80 209 112 73 107 69 37 78 84 53 62 84 78 99 103 93 90 36 39 51 41 49 64 78 71 82 86 41 32 16 0 28 39 53 55 63 71 75 81 94 98 95 86 77
100 32 146 156 81 126 102 102 87 78 134 153 107 112 98 152 90 25 154 87 101 146 19 103 108 63 74 67 73 63 161 90 189 161 13 171 46 92 88 102 98 47 107 97 53 101 98 57 189 143 90 92 89 102 184 110 79 73 186 99 100 103 68 24 91 90 48 58 75 72 93 99 84 79 28 21 41 34 37 61 84 78 88 100 67 58 42 28 0 11 26 32 42 51 60 66 72 76 73 64 53
105 24 139 149 74 116 97 102 76 74 127 143 102 102 98 145 85 25 147 76 93 139 27 104 97 56 84 78 62 73 154 83 182 154 6 164 38 85 98 113 93 39 102 90 63 95 87 65 182 133 85 86 79 113 177 120 72 66 179 92 110 97 68 28 98 95 50 58 68 65 86 93 77 72 33 18 41 39 35 61 84 78 91 105 77 69 53 39 11 0 19 25 35 44 53 59 65 69 66 57 46
92 42 120 130 55 134 78 84 94 57 108 161 83 120 82 127 67 42 128 94 75 120 44 85 115 37 97 91 47 86 135 64 163 135 13 145 56 66 112 128 75 57 83 71 76 76 105 82 163 151 67 68 97 128 158 134 53 47 160 73 124 79 53 22 86 82 37 44 50 47 68 74 58 53 26 20 29 29 22 46 68 62 78 92 92 83 66 53 26 19 0 7 15 23 34 41 46 50 47 38 27
85 48 117 127 48 140 71 77 101 50 105 168 76 126 75 124 60 48 125 101 70 117 50 78 122 34 95 88 44 84 132 63 160 132 19 142 62 63 110 133 68 64 76 68 73 69 112 88 160 158 60 61 103 133 155 132 50 40 157 74 122 72 47 19 80 75 31 37 43 40 61 67 54 50 24 18 24 26 19 39 61 55 71 85 89 80 64 55 32 25 7 0 10 19 27 34 43 47 44 35 24
79 58 113 122 40 150 63 70 111 45 100 178 68 136 67 119 51 58 120 111 61 113 60 72 132 29 98 85 40 81 128 52 156 128 29 137 72 54 113 141 59 74 68 59 76 61 122 98 156 168 51 52 113 141 150 135 41 32 152 61 125 63 40 27 73 68 24 30 34 32 52 59 45 41 28 26 18 23 17 33 54 48 64 79 92 83 67 63 42 35 15 10 0 9 19 25 34 38 35 26 15
70 67 117 126 31 159 54 62 120 36 104 186 59 145 58 123 42 67 124 120 52 117 69 63 140 33 105 92 44 88 132 43 160 132 38 141 81 46 120 150 50 82 59 50 83 52 130 107 160 176 42 43 122 150 154 142 33 23 156 52 132 54 32 35 65 60 21 22 25 23 43 50 36 32 37 34 20 30 25 24 46 40 56 70 99 90 73 71 51 44 23 19 9 0 10 16 25 29 26 17 10
67 76 126 135 22 168 46 57 128 28 113 195 51 154 50 132 35 76 133 128 44 126 78 58 149 42 105 92 52 88 141 37 169 141 47 150 90 47 120 163 42 91 51 52 84 44 139 116 169 185 35 36 131 163 163 142 31 15 165 48 132 47 28 44 61 56 20 18 18 15 35 42 28 23 43 42 26 35 32 21 42 36 53 67 99 90 74 75 60 53 34 27 19 10 0 9 22 30 27 18 16
64 82 134 144 16 174 41 51 135 23 122 201 46 160 44 141 29 82 142 135 37 134 84 52 155 51 110 98 58 94 149 30 177 149 53 159 96 40 126 169 37 98 46 45 89 37 145 122 177 191 29 30 137 169 172 148 24 10 174 41 138 38 26 50 60 54 26 20 9 9 29 35 21 16 49 48 32 41 38 20 43 37 50 64 105 96 79 81 66 59 41 34 25 16 9 0 15 22 27 25 22
79 87 119 128 16 187 43 53 140 30 106 206 46 166 46 125 31 88 126 140 34 119 90 55 158 35 124 111 51 107 134 23 162 134 59 143 102 26 139 174 38 103 46 30 102 36 148 127 162 198 31 32 142 174 156 161 10 18 158 33 151 40 40 60 75 69 40 34 13 16 28 34 17 12 61 59 45 54 49 34 57 50 64 79 118 109 93 94 72 65 46 43 34 25 22 15 0 8 12 15 24
84 91 113 122 23 181 50 61 144 37 100 201 54 169 54 119 39 91 120 144 40 113 93 62 152 30 128 115 45 111 128 27 156 128 62 138 105 18 143 178 46 107 54 22 107 44 142 131 156 193 39 40 146 178 150 165 6 25 152 37 155 47 47 64 79 73 44 42 20 23 35 42 25 20 65 63 49 58 53 41 65 57 70 84 122 114 97 98 76 69 50 47 38 29 30 22 8 0 6 14 20
88 89 107 117 27 175 54 65 141 41 95 195 58 167 58 114 43 89 115 141 46 107 91 66 146 24 125 112 40 108 122 35 150 122 60 132 103 20 140 175 50 104 58 24 104 47 136 129 150 187 43 44 144 175 145 162 12 29 147 44 152 51 49 61 82 77 41 39 25 27 39 45 29 24 62 60 46 55 50 42 63 57 73 88 120 111 94 95 73 66 47 44 35 26 27 27 12 6 0 8 14
79 80 111 121 27 177 54 65 132 38 99 197 57 158 58 118 42 80 119 132 45 111 82 66 148 28 116 104 44 99 126 34 154 126 51 136 94 28 131 166 50 95 57 32 95 47 139 120 154 189 42 43 135 166 149 153 18 27 151 44 144 51 40 52 73 68 32 30 23 25 39 45 29 23 53 51 37 46 41 33 54 48 65 79 111 102 85 86 64 57 38 35 26 17 18 25 15 14 8 0 7
77 69 115 124 34 172 60 69 122 42 102 188 65 147 63 121 48 69 122 122 53 115 71 70 143 31 111 98 36 94 130 42 158 130 40 139 83 35 126 155 57 85 65 39 89 55 133 109 158 184 48 49 124 155 152 148 28 29 154 51 138 58 38 42 72 67 27 29 29 28 46 53 36 31 42 40 30 39 34 31 53 47 63 77 105 96 79 77 53 46 27 24 15 10 16 22 24 20 14 7 0