0 51 200 221 4 176 87 176 65 52 128 241 95 34 193 226 65 178 46 111 57 135 188 69 189 133 52 76 220 56 231 63 138 21 196 201 19 196 152 57 148 189 60 226 85 79 191 241 61 4 206 207 73 180 54 228 42 200 30 201 191 64 36 82 9 13 56 45 63 57 65 65 64 67 78 88 66 71 71 44 21 27 15 0 97 88 84 86 100 105 92 85 79 70 67 64 79 84 88 79 77
51 0 225 224 47 192 67 192 37 59 173 244 97 38 203 229 84 203 33 122 98 151 191 40 199 144 18 42 223 53 234 41 171 36 199 226 53 199 168 24 190 199 19 229 130 46 201 244 72 50 222 223 118 183 52 231 18 224 60 204 216 30 52 99 54 49 72 63 59 61 42 36 51 56 98 104 82 89 87 62 47 49 47 51 142 133 117 119 121 121 105 99 90 81 73 68 69 76 80 80 87
200 225 0 75 204 151 174 151 190 161 207 59 133 179 33 79 140 22 202 135 233 114 131 190 28 89 209 192 74 167 85 184 151 191 139 2 183 139 47 200 176 29 211 80 160 187 31 59 147 204 181 182 163 123 169 81 200 0 172 145 9 200 163 122 192 190 144 153 169 160 184 190 173 168 128 113 136 133 129 156 178 172 186 200 172 163 147 133 106 96 114 120 130 139 148 154 156 150 145 147 141
221 224 75 0 225 239 168 240 190 179 274 49 128 198 94 24 175 83 200 134 268 201 86 185 89 164 211 186 2 176 0 182 238 210 94 77 207 94 109 202 263 90 211 25 227 182 92 49 162 225 270 271 229 78 179 26 211 75 196 99 70 194 182 170 216 211 169 173 167 170 186 191 171 166 174 168 166 169 163 175 197 191 207 221 240 231 214 205 181 174 155 152 148 152 161 169 154 148 142 147 150
4 47 204 225 0 180 91 180 67 56 130 245 99 38 197 230 69 182 51 115 53 139 192 72 193 137 51 75 224 60 235 66 139 25 200 205 23 200 156 57 149 193 59 230 86 79 195 245 65 0 210 211 75 184 58 232 42 204 34 205 195 63 40 86 13 17 60 49 67 61 68 68 68 71 82 92 70 75 75 48 25 31 19 4 99 90 85 93 104 109 96 89 83 74 71 68 83 88 92 83 81
176 192 151 239 180 0 164 5 163 137 115 196 127 155 140 244 116 129 168 129 199 49 206 164 135 105 179 168 238 143 249 156 78 167 214 152 159 214 103 170 60 136 181 244 104 164 138 196 123 179 46 48 125 198 145 246 176 151 148 219 142 168 139 98 168 165 120 129 139 136 157 163 147 142 104 89 112 109 105 132 154 148 162 176 99 101 105 102 82 71 89 96 106 115 123 130 135 139 136 127 117
87 67 174 168 91 164 0 165 33 44 175 188 41 53 152 173 77 152 50 66 144 123 135 27 148 93 53 29 167 37 178 31 153 69 143 175 76 143 115 45 182 148 53 173 128 24 150 188 51 91 194 195 130 127 37 175 61 174 74 148 165 37 58 89 83 77 64 56 34 39 28 33 24 28 91 87 74 83 78 56 66 61 72 87 141 132 115 116 100 93 74 71 62 54 51 44 31 37 43 43 53
176 192 151 240 180 5 165 0 163 138 120 197 128 155 141 244 116 130 169 129 209 49 206 165 136 105 180 169 239 144 249 157 83 168 214 153 160 214 104 171 65 137 182 245 110 165 139 197 124 180 44 45 130 198 146 246 177 151 149 220 143 168 140 99 169 166 121 130 139 137 157 164 148 143 105 89 112 110 106 133 155 149 162 176 104 106 111 103 83 72 90 97 107 115 124 130 136 140 137 128 118
65 37 190 190 67 163 33 163 0 29 162 210 63 32 168 195 64 168 17 88 120 122 157 6 164 109 21 14 189 22 200 7 155 41 165 191 55 165 139 12 174 164 23 195 115 14 166 210 41 67 193 194 116 149 22 197 33 190 54 170 181 7 41 77 62 56 50 42 24 29 6 1 16 22 76 81 59 67 65 43 46 40 50 65 127 118 101 103 99 92 74 67 58 49 41 35 34 41 45 45 52
52 59 161 179 56 137 44 138 29 0 133 199 52 26 152 183 36 140 36 70 109 96 145 32 148 93 44 41 177 7 188 23 127 39 153 163 40 153 114 35 146 148 46 183 86 39 150 199 20 56 167 169 88 137 9 185 45 161 36 159 153 33 16 49 48 42 22 14 11 6 25 29 20 17 48 51 31 39 37 14 31 25 38 52 99 90 73 75 71 66 53 46 38 29 21 15 25 32 36 34 35
128 173 207 274 130 115 175 120 162 133 0 294 163 140 196 279 101 185 160 166 134 107 241 165 192 156 177 174 273 139 284 156 72 136 249 208 119 249 159 167 59 192 179 279 48 172 194 294 133 130 161 162 55 233 142 281 164 207 115 254 198 166 128 106 121 123 112 121 142 137 157 162 152 148 102 110 113 104 112 123 129 130 128 128 36 44 63 75 102 112 126 124 127 134 134 140 153 157 154 146 140
241 244 59 49 245 196 188 197 210 199 294 0 148 218 78 54 195 67 220 154 288 221 106 205 73 134 231 206 48 196 59 202 258 230 114 61 227 114 93 222 283 74 231 54 247 202 76 0 181 245 193 202 249 98 199 56 231 59 216 119 54 214 202 190 236 231 189 193 187 190 206 211 191 186 194 188 186 189 183 195 217 211 227 241 260 251 234 225 201 194 175 172 168 172 181 189 174 168 162 166 170
95 97 133 128 99 127 41 128 63 52 163 148 0 71 112 132 62 111 73 25 142 88 94 58 107 52 84 59 126 49 137 55 121 83 102 134 80 102 74 75 150 107 84 132 116 55 110 148 35 98 157 158 117 86 52 134 85 133 69 108 125 67 56 57 89 84 48 46 40 43 59 64 44 39 61 55 53 62 50 49 70 64 80 95 128 119 102 92 68 61 42 39 35 33 34 43 27 21 16 20 23
34 38 179 198 38 155 53 155 32 26 140 218 71 0 170 202 47 157 19 88 91 114 164 36 165 110 36 45 197 21 207 28 134 16 172 180 25 172 131 28 152 165 39 203 93 46 168 218 39 38 185 186 85 156 19 204 25 179 25 178 170 36 15 62 32 26 35 26 31 30 30 33 29 32 61 67 45 52 50 25 13 11 20 34 106 97 80 82 84 84 69 62 55 47 42 38 44 52 56 53 54
193 203 33 94 197 140 152 141 168 152 196 78 112 170 0 98 129 11 181 113 222 103 150 169 5 68 188 170 92 153 103 163 140 182 158 34 179 158 37 179 165 8 190 99 149 166 2 78 133 197 170 172 152 142 155 100 192 33 168 164 24 179 154 111 188 183 133 145 148 146 162 169 152 147 117 102 125 122 119 147 168 162 179 193 161 152 136 122 95 85 103 109 115 123 134 140 135 129 123 126 120
226 229 79 24 230 244 173 244 195 183 279 54 132 202 98 0 180 87 205 139 273 205 90 189 94 169 215 191 26 180 20 186 242 215 98 81 211 98 113 207 267 95 215 1 232 186 96 54 166 229 274 275 233 82 183 2 216 79 200 104 74 199 187 174 220 215 173 177 172 174 190 195 176 170 178 173 170 174 168 180 201 195 212 226 244 235 218 209 186 179 160 157 152 156 165 174 158 152 147 151 154
65 84 140 175 69 116 77 116 64 36 101 195 62 47 129 180 0 118 64 68 99 75 142 67 125 89 79 76 174 42 185 58 95 59 150 141 47 150 92 70 113 125 81 180 54 74 127 195 33 69 146 147 55 134 44 182 71 140 36 155 131 68 32 19 56 55 14 23 45 42 60 64 54 51 15 27 14 8 14 26 49 42 53 65 66 57 41 42 40 45 34 31 29 32 34 39 52 57 54 45 39
178 203 22 83 182 129 152 130 168 140 185 67 111 157 11 87 118 0 181 113 211 92 139 168 7 68 188 170 81 146 92 163 130 169 147 23 162 147 26 178 154 8 190 88 138 166 9 67 126 182 160 161 141 131 148 89 179 22 151 153 13 178 141 101 171 168 123 132 148 138 162 168 152 147 107 91 114 112 108 135 157 151 164 178 151 142 126 112 84 74 92 99 109 117 126 132 135 129 123 125 120
46 33 202 200 51 168 50 169 17 36 160 220 73 19 181 205 64 181 0 98 104 128 167 22 177 122 18 28 199 29 210 20 154 26 175 204 43 175 145 10 172 177 21 205 113 31 179 220 49 50 199 200 104 159 29 207 15 202 44 180 194 16 33 76 48 42 49 39 37 37 23 16 29 34 75 80 59 66 64 38 30 30 36 46 125 116 100 101 98 98 82 75 67 58 50 44 46 54 58 58 63
111 122 135 134 115 129 66 129 88 70 166 154 25 88 113 139 68 113 98 0 158 90 101 82 109 54 108 84 133 71 144 79 127 100 109 136 97 109 76 100 152 109 108 139 119 79 111 154 51 115 159 160 121 93 76 141 109 135 86 114 126 92 72 62 106 101 61 63 65 64 83 88 69 63 66 60 58 61 55 65 87 81 97 111 132 123 106 97 73 62 47 44 40 44 52 58 51 45 40 44 36
57 98 233 268 53 199 144 209 120 109 134 288 142 91 222 273 99 211 104 158 0 165 235 125 217 181 105 128 267 113 278 119 147 78 243 234 68 243 185 110 152 218 109 273 89 132 220 288 118 53 239 240 80 227 111 275 95 233 75 248 224 116 92 116 66 70 103 102 120 114 121 121 121 124 108 124 109 105 111 101 78 84 72 57 101 93 93 104 126 138 132 128 126 118 114 121 136 141 135 126 124
135 151 114 201 139 49 123 49 122 96 107 221 88 114 103 205 75 92 128 90 165 0 167 123 99 68 138 127 199 102 210 115 55 126 175 115 118 175 67 129 82 100 140 206 86 123 101 221 82 139 93 95 88 159 105 207 135 114 107 181 106 127 98 57 127 125 79 88 98 95 116 122 107 102 63 48 71 68 65 91 114 108 121 135 88 82 67 59 39 31 49 55 65 74 83 89 94 98 96 87 76
188 191 131 86 192 206 135 206 157 145 241 106 94 164 150 90 142 139 167 101 235 167 0 151 146 131 177 153 84 142 95 148 204 177 10 133 173 10 153 169 229 146 177 90 194 148 148 106 128 191 236 237 195 17 145 92 178 131 162 15 126 161 149 136 182 177 135 139 134 136 152 157 138 132 140 135 132 135 130 142 163 157 173 188 206 197 180 171 148 141 122 119 114 118 127 136 120 114 109 113 116
69 40 190 185 72 164 27 165 6 32 165 205 58 36 169 189 67 168 22 82 125 123 151 0 164 109 27 9 183 26 194 10 159 45 159 192 59 159 141 17 177 164 27 189 118 10 167 205 44 72 194 196 119 143 25 191 37 190 57 165 182 11 45 81 66 61 54 46 27 32 9 7 17 22 80 84 63 71 68 46 49 44 55 69 130 122 105 106 101 93 75 70 61 52 44 37 34 40 46 45 53
189 199 28 89 193 135 148 136 164 148 192 73 107 165 5 94 125 7 177 109 217 99 146 164 0 63 184 166 88 149 99 158 136 178 154 30 174 154 32 174 160 3 186 94 145 162 3 73 129 192 166 167 147 138 151 96 188 28 163 159 20 174 150 107 183 178 129 140 144 142 158 164 148 143 113 98 121 118 114 143 164 158 175 189 157 148 132 118 91 80 98 105 110 119 129 135 130 125 119 121 116
133 144 89 164 137 105 93 105 109 93 156 134 52 110 68 169 89 68 122 54 181 68 131 109 63 0 128 111 163 93 174 103 105 122 139 91 119 139 50 119 130 63 130 169 109 106 66 134 74 137 135 136 111 123 96 171 133 89 108 144 81 119 95 71 128 123 79 85 89 86 103 109 93 87 77 62 73 82 78 87 109 103 119 133 121 112 96 82 55 44 62 62 55 64 74 80 75 69 64 66 61
52 18 209 211 51 179 53 180 21 44 177 231 84 36 188 215 79 188 18 108 105 138 177 27 184 128 0 29 209 38 220 26 170 37 185 211 57 185 156 8 189 183 7 216 130 32 186 231 57 51 209 211 121 169 37 217 15 209 61 191 201 17 50 92 55 50 66 58 44 45 26 21 36 41 91 94 74 83 80 58 48 47 48 52 142 133 116 118 114 109 90 83 75 66 58 53 53 61 65 64 72
76 42 192 186 75 168 29 169 14 41 174 206 59 45 170 191 76 170 28 84 128 127 153 9 166 111 29 0 185 35 196 18 168 54 161 193 68 161 133 21 186 166 29 191 127 4 168 206 51 75 198 200 128 145 34 193 39 192 67 166 183 13 54 89 76 70 63 55 34 40 17 13 24 30 88 92 72 80 77 55 59 53 64 76 139 130 114 115 105 98 79 77 69 60 51 45 38 42 50 49 57
220 223 74 2 224 238 167 239 189 177 273 48 126 197 92 26 174 81 199 133 267 199 84 183 88 163 209 185 0 175 13 180 237 209 92 75 205 92 107 201 261 89 209 27 226 181 90 48 160 224 268 269 227 76 178 28 210 74 195 98 68 193 181 168 215 210 168 171 166 168 184 190 170 165 173 167 164 168 162 174 195 189 206 220 238 229 212 204 180 173 154 151 147 150 159 168 152 147 141 145 148
56 53 167 176 60 143 37 144 22 7 139 196 49 21 153 180 42 146 29 71 113 102 142 26 149 93 38 35 175 0 185 17 133 38 150 169 44 150 120 28 152 149 40 181 92 33 151 196 21 60 173 175 94 134 2 182 39 167 44 156 159 27 23 55 52 46 28 20 9 9 18 23 14 12 54 57 37 45 43 20 34 30 41 56 105 96 79 81 77 72 54 47 39 30 22 16 25 32 34 32 36
231 234 85 0 235 249 178 249 200 188 284 59 137 207 103 20 185 92 210 144 278 210 95 194 99 174 220 196 13 185 0 191 248 220 103 86 216 103 118 212 272 100 220 21 237 191 101 59 171 235 279 280 238 87 188 22 221 85 205 109 79 204 192 179 225 220 179 182 177 179 195 201 181 176 183 178 175 179 173 185 206 200 217 231 249 240 223 215 191 184 165 162 157 161 170 179 163 158 152 156 159
63 41 184 182 66 156 31 157 7 23 156 202 55 28 163 186 58 163 20 79 119 115 148 10 158 103 26 18 180 17 191 0 150 39 156 186 51 156 133 16 168 158 28 187 109 19 161 202 34 66 186 187 110 140 16 188 31 184 50 162 176 13 36 71 59 53 45 37 19 22 3 8 11 16 70 75 54 62 59 37 41 36 49 63 121 112 96 97 92 85 67 60 52 43 35 26 28 36 40 39 47
138 171 151 238 139 78 153 83 155 127 72 258 121 134 140 242 95 130 154 127 147 55 204 159 136 105 170 168 237 133 248 150 0 140 212 153 128 212 104 161 41 137 172 243 62 166 138 258 117 140 124 125 73 196 135 244 158 151 117 218 143 160 122 76 130 136 100 114 132 127 151 155 146 137 79 78 92 85 89 117 130 123 134 138 56 58 54 59 54 62 79 94 102 110 118 124 125 129 126 117 106
21 36 191 210 25 167 69 168 41 39 136 230 83 16 182 215 59 169 26 100 78 126 177 45 178 122 37 54 209 38 220 39 140 0 185 193 17 185 144 33 159 177 45 215 92 55 180 230 52 25 197 198 81 169 36 216 27 191 24 190 183 39 26 74 21 15 48 38 47 44 42 41 46 49 73 79 57 65 63 37 11 17 11 21 104 96 86 88 96 96 81 74 67 59 56 51 61 68 72 68 66
196 199 139 94 200 214 143 214 165 153 249 114 102 172 158 98 150 147 175 109 243 175 10 159 154 139 185 161 92 150 103 156 212 185 0 141 181 3 161 177 237 155 185 98 202 156 156 114 136 199 244 245 203 27 153 100 186 139 170 6 134 169 157 144 190 185 143 147 142 144 160 165 146 140 148 143 140 144 138 150 171 165 182 196 214 205 188 179 156 149 130 127 122 126 135 144 128 122 117 121 124
201 226 2 77 205 152 175 153 191 163 208 61 134 180 34 81 141 23 204 136 234 115 133 192 30 91 211 193 75 169 86 186 153 193 141 0 185 141 49 202 177 31 213 82 161 189 32 61 149 205 183 184 164 125 171 83 202 2 174 147 10 201 165 124 194 191 146 155 171 162 185 191 175 170 130 114 137 135 131 158 180 174 187 201 174 165 149 135 108 97 115 122 132 140 149 155 158 152 146 148 143
19 53 183 207 23 159 76 160 55 40 119 227 80 25 179 211 47 162 43 97 68 118 173 59 174 119 57 68 205 44 216 51 128 17 181 185 0 181 136 50 139 174 61 212 76 69 177 227 51 23 189 191 64 165 42 213 46 183 11 187 175 59 24 64 11 9 42 36 51 45 53 55 52 55 60 70 48 53 54 36 11 16 10 19 88 79 74 76 82 89 77 71 64 56 52 52 67 72 73 64 63
196 199 139 94 200 214 143 214 165 153 249 114 102 172 158 98 150 147 175 109 243 175 10 159 154 139 185 161 92 150 103 156 212 185 3 141 181 0 161 177 237 155 185 99 202 156 156 114 136 199 244 245 203 27 153 100 186 139 170 6 134 169 157 144 190 185 144 147 142 144 160 166 146 141 148 143 140 144 138 150 171 165 182 196 214 205 188 179 156 149 130 127 122 126 135 144 128 123 117 121 124
152 168 47 109 156 103 115 104 139 114 159 93 74 131 37 113 92 26 145 76 185 67 153 141 32 50 156 133 107 120 118 133 104 144 161 49 136 161 0 147 128 33 158 113 112 129 34 93 100 156 134 135 115 145 122 115 153 47 125 167 39 144 116 75 145 142 97 106 115 113 133 140 124 119 81 65 88 86 82 109 131 125 138 152 125 116 100 86 59 48 66 73 83 91 100 106 112 92 86 104 94
57 24 200 202 57 170 45 171 12 35 167 222 75 28 179 207 70 178 10 100 110 129 169 17 174 119 8 21 201 28 212 16 161 33 177 202 50 177 147 0 180 174 11 207 120 24 177 222 48 57 200 201 113 161 28 209 20 200 53 182 192 9 42 83 55 49 56 48 35 36 17 11 27 32 82 85 65 73 71 48 41 39 43 57 133 124 107 109 105 99 81 74 66 57 49 43 44 52 55 55 63
148 190 176 263 149 60 182 65 174 146 59 283 150 152 165 267 113 154 172 152 152 82 229 177 160 130 189 186 261 152 272 168 41 159 237 177 139 237 128 180 0 161 191 267 64 184 163 283 136 149 106 107 74 221 154 269 177 176 136 243 167 178 140 95 140 142 119 133 150 145 170 174 164 156 98 97 111 104 107 135 148 142 147 148 58 60 73 77 81 86 103 112 120 129 136 142 153 157 154 145 135
189 199 29 90 193 136 148 137 164 148 192 74 107 165 8 95 125 8 177 109 218 100 146 164 3 63 183 166 89 149 100 158 137 177 155 31 174 155 33 174 161 0 185 95 145 162 6 74 129 192 167 168 148 139 151 97 188 29 163 160 21 174 150 108 183 178 135 140 144 141 158 164 148 143 114 98 121 119 115 143 164 158 174 189 158 149 133 119 92 81 99 106 110 119 129 135 130 124 119 121 116
60 19 211 211 59 181 53 182 23 46 179 231 84 39 190 215 81 190 21 108 109 140 177 27 186 130 7 29 209 40 220 28 172 45 185 213 61 185 158 11 191 185 0 215 132 32 188 231 59 59 211 213 123 169 39 217 19 211 64 191 203 17 53 94 63 58 68 60 46 47 28 23 38 43 93 96 76 85 82 60 51 49 54 60 144 135 118 120 116 111 92 85 77 68 60 55 55 63 67 66 74
226 229 80 25 230 244 173 245 195 183 279 54 132 203 99 1 180 88 205 139 273 206 90 189 94 169 216 191 27 181 21 187 243 215 98 82 212 99 113 207 267 95 215 0 232 187 97 54 166 230 274 276 233 83 184 3 216 80 201 104 74 199 187 175 221 216 174 178 172 175 191 196 176 171 179 173 171 174 168 180 202 196 212 226 244 235 219 210 186 179 160 157 153 157 166 174 159 153 147 151 155
85 130 160 227 86 104 128 110 115 86 48 247 116 93 149 232 54 138 113 119 89 86 194 118 145 109 130 127 226 92 237 109 62 92 202 161 76 202 112 120 64 145 132 232 0 125 147 247 86 87 151 152 12 186 95 233 117 160 72 207 151 119 81 59 77 80 65 74 95 90 110 115 105 101 55 63 66 57 65 76 86 83 85 85 13 4 16 28 55 65 79 77 80 87 87 93 106 110 107 99 93
79 46 187 182 79 164 24 165 14 39 172 202 55 46 166 186 74 166 31 79 132 123 148 10 162 106 32 4 181 33 191 19 166 55 156 189 69 156 129 24 184 162 32 187 125 0 164 202 50 79 194 195 126 140 32 188 43 187 67 162 179 16 52 88 76 70 61 53 33 38 15 15 23 25 87 90 73 78 78 53 59 54 64 79 137 129 112 113 100 93 75 76 62 54 50 43 34 38 45 45 53
191 201 31 92 195 138 150 139 166 150 194 76 110 168 2 96 127 9 179 111 220 101 148 167 3 66 186 168 90 151 101 161 138 180 156 32 177 156 34 177 163 6 188 97 147 164 0 76 131 195 168 169 150 140 153 98 190 31 166 162 22 176 152 109 186 181 131 143 146 144 160 167 150 145 115 100 123 120 117 145 166 160 177 191 159 150 134 120 93 83 101 107 113 121 131 138 133 127 121 124 118
241 244 59 49 245 196 188 197 210 199 294 0 148 218 78 54 195 67 220 154 288 221 106 205 73 134 231 206 48 196 59 202 258 230 114 61 227 114 93 222 283 74 231 54 247 202 76 0 181 245 193 202 249 98 199 56 231 59 216 119 54 214 202 190 236 231 189 193 187 190 206 211 191 186 194 188 186 189 183 195 217 211 227 241 260 251 234 225 201 194 175 172 168 172 181 189 174 168 162 166 170
61 72 147 162 65 123 51 124 41 20 133 181 35 39 133 166 33 126 49 51 118 82 128 44 129 74 57 51 160 21 171 34 117 52 136 149 51 136 100 48 136 129 59 166 86 50 131 181 0 65 153 155 88 120 23 168 59 147 40 142 139 46 26 43 60 51 19 16 17 14 35 41 28 23 43 42 25 34 31 18 40 34 47 61 99 90 73 74 60 53 34 27 19 11 4 8 23 31 28 19 18
4 50 204 225 0 179 91 180 67 56 130 245 98 38 197 229 69 182 50 115 53 139 191 72 192 137 51 75 224 60 235 66 140 25 199 205 23 199 156 57 149 192 59 230 87 79 195 245 65 0 210 211 75 183 58 231 41 204 33 205 195 63 39 86 12 17 60 49 66 61 68 68 68 71 82 91 70 74 75 48 25 31 18 4 99 90 86 93 104 109 96 89 82 74 70 68 83 87 91 82 81
206 222 181 270 210 46 194 44 193 167 161 193 157 185 170 274 146 160 199 159 239 93 236 194 166 135 209 198 268 173 279 186 124 197 244 183 189 244 134 200 106 167 211 274 151 194 168 193 153 210 0 10 169 228 176 276 206 181 178 250 173 198 169 128 199 196 150 159 169 166 187 193 178 173 134 119 142 139 136 162 185 179 192 206 145 147 152 139 112 102 120 126 136 145 154 160 166 169 167 158 147
207 223 182 271 211 48 195 45 194 169 162 202 158 186 172 275 147 161 200 160 240 95 237 196 167 136 211 200 269 175 280 187 125 198 245 184 191 245 135 201 107 168 213 276 152 195 169 202 155 211 10 0 170 229 177 277 208 182 180 251 174 199 170 130 200 197 152 161 170 167 188 195 179 174 136 120 143 141 137 164 186 180 193 207 146 148 153 141 113 103 121 128 138 146 155 161 167 171 168 159 148
73 118 163 229 75 125 130 130 116 88 55 249 117 85 152 233 55 141 104 121 80 88 195 119 147 111 121 128 227 94 238 110 73 81 203 164 64 203 115 113 74 148 123 233 12 126 150 249 88 75 169 170 0 187 96 235 110 163 60 209 154 120 82 61 65 68 66 75 97 91 112 116 106 103 56 64 68 58 66 77 74 74 73 73 24 15 19 31 58 68 81 78 81 88 88 94 107 111 109 100 94
180 183 123 78 184 198 127 198 149 137 233 98 86 156 142 82 134 131 159 93 227 159 17 143 138 123 169 145 76 134 87 140 196 169 27 125 165 27 145 161 221 139 169 83 186 140 140 98 120 183 228 229 187 0 137 84 170 123 154 33 118 153 141 128 174 169 128 131 126 128 144 149 130 124 132 127 124 128 122 134 155 149 166 180 198 189 172 163 140 133 114 111 106 110 119 128 112 106 101 105 108
54 52 169 179 58 145 37 146 22 9 142 199 52 19 155 183 44 148 29 76 111 105 145 25 151 96 37 34 178 2 188 16 135 36 153 171 42 153 122 28 154 151 39 184 95 32 153 199 23 58 176 177 96 137 0 185 37 169 42 159 161 26 21 57 50 44 31 23 12 12 18 22 13 13 56 59 40 48 45 23 33 29 39 54 107 98 81 83 79 75 56 49 41 32 24 19 25 33 37 34 38
228 231 81 26 232 246 175 246 197 185 281 56 134 204 100 2 182 89 207 141 275 207 92 191 96 171 217 193 28 182 22 188 244 216 100 83 213 100 115 209 269 97 217 3 233 188 98 56 168 231 276 277 235 84 185 0 218 81 202 106 76 201 189 176 222 217 175 179 174 176 192 197 177 172 180 175 172 175 170 182 203 197 213 228 246 237 220 211 188 180 162 159 154 158 167 176 160 154 149 153 156
42 18 200 211 42 176 61 177 33 45 164 231 85 25 192 216 71 179 15 109 95 135 178 37 188 133 15 39 210 39 221 31 158 27 186 202 46 186 153 20 177 188 19 216 117 43 190 231 59 41 206 208 110 170 37 218 0 200 50 191 192 27 39 86 45 40 59 47 48 48 34 31 40 46 85 90 69 76 74 46 37 36 38 42 130 121 104 106 107 106 87 80 74 65 60 55 58 65 69 69 72
200 224 0 75 204 151 174 151 190 161 207 59 133 179 33 79 140 22 202 135 233 114 131 190 28 89 209 192 74 167 85 184 151 191 139 2 183 139 47 200 176 29 211 80 160 187 31 59 147 204 181 182 163 123 169 81 200 0 172 145 8 200 163 122 192 189 144 153 169 160 184 190 173 168 128 113 136 133 129 156 178 172 186 200 172 163 147 133 106 95 114 120 130 139 148 154 156 150 145 147 141
30 60 172 196 34 148 74 149 54 36 115 216 69 25 168 200 36 151 44 86 75 107 162 57 163 108 61 67 195 44 205 50 117 24 170 174 11 170 125 53 136 163 64 201 72 67 166 216 40 33 178 180 60 154 42 202 50 172 0 176 164 58 20 53 21 19 31 25 47 41 51 54 51 53 49 59 37 42 43 25 15 15 17 30 84 75 63 65 71 78 66 60 53 45 41 43 57 65 62 53 52
201 204 145 99 205 219 148 220 170 159 254 119 108 178 164 104 155 153 180 114 248 181 15 165 159 144 191 166 98 156 109 162 218 190 6 147 187 6 167 182 243 160 191 104 207 162 162 119 142 205 250 251 209 33 159 106 191 145 176 0 139 174 162 150 196 191 149 153 147 150 166 171 151 146 154 148 146 149 143 155 177 171 187 201 220 211 194 185 161 154 135 132 128 132 141 149 134 128 122 127 130
191 216 9 70 195 142 165 143 181 153 198 54 125 170 24 74 131 13 194 126 224 106 126 182 20 81 201 183 68 159 79 176 143 183 134 10 175 134 39 192 167 21 203 74 151 179 22 54 139 195 173 174 154 118 161 76 192 8 164 139 0 191 155 114 184 181 136 145 161 152 175 182 165 160 120 104 127 125 121 148 170 164 177 191 164 155 139 125 98 87 105 112 122 130 139 145 148 142 136 139 133
64 30 200 194 63 168 37 168 7 33 166 214 67 36 179 199 68 178 16 92 116 127 161 11 174 119 17 13 193 27 204 13 160 39 169 201 59 169 144 9 178 174 17 199 119 16 176 214 46 63 198 199 120 153 26 201 27 200 58 174 191 0 45 81 62 56 55 47 30 34 12 7 22 28 80 83 64 72 69 47 47 44 50 64 131 122 106 107 103 97 79 72 63 54 47 38 40 47 51 51 58
36 52 163 182 40 139 58 140 41 16 128 202 56 15 154 187 32 141 33 72 92 98 149 45 150 95 50 54 181 23 192 36 122 26 157 165 24 157 116 42 140 150 53 187 81 52 152 202 26 39 169 170 82 141 21 189 39 163 20 162 155 45 0 46 31 25 20 10 26 21 37 42 35 32 45 51 29 37 35 9 15 9 21 36 93 84 68 69 68 68 53 47 40 32 28 26 40 47 49 40 38
82 99 122 170 86 98 89 99 77 49 106 190 57 62 111 174 19 101 76 62 116 57 136 81 107 71 92 89 168 55 179 71 76 74 144 124 64 144 75 83 95 108 94 175 59 88 109 190 43 86 128 130 61 128 57 176 86 122 53 150 114 81 46 0 73 72 27 36 58 53 73 77 69 64 8 10 19 12 14 39 62 56 69 82 72 63 46 37 24 28 22 19 27 35 44 50 60 64 61 52 42
9 54 192 216 13 168 83 169 62 48 121 236 89 32 188 220 56 171 48 106 66 127 182 66 183 128 55 76 215 52 225 59 130 21 190 194 11 190 145 55 140 183 63 221 77 76 186 236 60 12 199 200 65 174 50 222 45 192 21 196 184 62 31 73 0 6 51 45 58 53 60 62 60 63 69 80 57 62 64 40 18 23 12 9 89 80 76 78 91 98 86 80 73 65 61 60 75 79 82 73 72
13 49 190 211 17 165 77 166 56 42 123 231 84 26 183 215 55 168 42 101 70 125 177 61 178 123 50 70 210 46 220 53 136 15 185 191 9 185 142 49 142 178 58 216 80 70 181 231 51 17 196 197 68 169 44 217 40 189 19 191 181 56 25 72 6 0 46 35 52 47 54 56 54 57 68 77 56 61 61 34 12 17 6 13 92 83 82 84 90 95 82 75 68 60 56 54 69 73 77 68 67
56 72 144 169 60 120 64 121 50 22 112 189 48 35 133 173 14 123 49 61 103 79 135 54 129 79 66 63 168 28 179 45 100 48 143 146 42 144 97 56 119 135 68 174 65 61 131 189 19 60 150 152 66 128 31 175 59 144 31 149 136 55 20 27 51 46 0 10 31 27 46 51 41 37 26 32 9 17 16 13 35 29 42 56 77 68 51 53 48 50 37 31 24 21 20 26 40 44 41 32 27
45 63 153 173 49 129 56 130 42 14 121 193 46 26 145 177 23 132 39 63 102 88 139 46 140 85 58 55 171 20 182 37 114 38 147 155 36 147 106 48 133 140 60 178 74 53 143 193 16 49 159 161 75 131 23 179 47 153 25 153 145 47 10 36 45 35 10 0 23 18 38 43 33 29 35 41 19 27 25 3 24 18 31 45 86 77 60 62 58 58 44 37 30 22 18 20 34 42 39 30 29
63 59 169 167 67 139 34 139 24 11 142 187 40 31 148 172 45 148 37 65 120 98 134 27 144 89 44 34 166 9 177 19 132 47 142 171 51 142 115 35 150 144 46 172 95 33 146 187 17 66 169 170 97 126 12 174 48 169 47 147 161 30 26 58 58 52 31 23 0 5 18 25 11 6 57 57 40 49 45 23 42 36 49 63 108 99 82 84 75 68 50 43 34 25 18 9 13 20 25 23 29
57 61 160 170 61 136 39 137 29 6 137 190 43 30 146 174 42 138 37 64 114 95 136 32 142 86 45 40 168 9 179 22 127 44 144 162 45 144 113 36 145 141 47 175 90 38 144 190 14 61 166 167 91 128 12 176 48 160 41 150 152 34 21 53 53 47 27 18 5 0 23 29 16 10 52 55 35 44 40 18 36 30 43 57 102 93 76 78 72 65 47 40 32 23 15 9 16 23 27 25 28
65 42 184 186 68 157 28 157 6 25 157 206 59 30 162 190 60 162 23 83 121 116 152 9 158 103 26 17 184 18 195 3 151 42 160 185 53 160 133 17 170 158 28 191 110 15 160 206 35 68 187 188 112 144 18 192 34 184 51 166 175 12 37 73 60 54 46 38 18 23 0 7 10 16 72 75 55 63 61 39 43 38 49 65 123 114 97 99 93 86 68 61 52 43 35 29 28 35 39 39 46
65 36 190 191 68 163 33 164 1 29 162 211 64 33 169 195 64 168 16 88 121 122 157 7 164 109 21 13 190 23 201 8 155 41 165 191 55 166 140 11 174 164 23 196 115 15 167 211 41 68 193 195 116 149 22 197 31 190 54 171 182 7 42 77 62 56 51 43 25 29 7 0 17 22 76 79 60 68 65 43 46 41 51 65 127 118 101 103 99 93 74 67 59 50 42 35 34 42 45 45 53
64 51 173 171 68 147 24 148 16 20 152 191 44 29 152 176 54 152 29 69 121 107 138 17 148 93 36 24 170 14 181 11 146 46 146 175 52 146 124 27 164 148 38 176 105 23 150 191 28 68 178 179 106 130 13 177 40 173 51 151 165 22 35 69 60 54 41 33 11 16 10 17 0 6 68 68 51 60 56 33 43 37 49 64 117 108 92 93 84 77 58 54 45 36 28 21 17 25 29 29 36
67 56 168 166 71 142 28 143 22 17 148 186 39 32 147 170 51 147 34 63 124 102 132 22 143 87 41 30 165 12 176 16 137 49 140 170 55 141 119 32 156 143 43 171 101 25 145 186 23 71 173 174 103 124 13 172 46 168 53 146 160 28 32 64 63 57 37 29 6 10 16 22 6 0 63 64 46 54 51 30 45 42 52 67 114 105 88 90 79 72 53 50 41 32 23 16 12 20 24 23 31
78 98 128 174 82 104 91 105 76 48 102 194 61 61 117 178 15 107 75 66 108 63 140 80 113 77 91 88 173 54 183 70 79 73 148 130 60 148 81 82 98 114 93 179 55 87 115 194 43 82 134 136 56 132 56 180 85 128 49 154 120 80 45 8 69 68 26 35 57 52 72 76 68 63 0 17 18 8 14 38 61 55 66 78 67 58 41 36 28 33 26 24 28 37 43 49 61 65 62 53 42
88 104 113 168 92 89 87 89 81 51 110 188 55 67 102 173 27 91 80 60 124 48 135 84 98 62 94 92 167 57 178 75 78 79 143 114 70 143 65 85 97 98 96 173 63 90 100 188 42 91 119 120 64 127 59 175 90 113 59 148 104 83 51 10 80 77 32 41 57 55 75 79 68 64 17 0 24 20 17 44 66 60 74 88 75 66 50 39 21 18 20 18 26 34 42 48 59 63 60 51 40
66 82 136 166 70 112 74 112 59 31 113 186 53 45 125 170 14 114 59 58 109 71 132 63 121 73 74 72 164 37 175 54 92 57 140 137 48 140 88 65 111 121 76 171 66 73 123 186 25 70 142 143 68 124 40 172 69 136 37 146 127 64 29 19 57 56 9 19 40 35 55 60 51 46 18 24 0 9 7 22 45 39 52 66 79 70 53 51 41 41 29 24 18 20 26 32 45 49 46 37 30
71 89 133 169 75 109 83 110 67 39 104 189 62 52 122 174 8 112 66 61 105 68 135 71 118 82 83 80 168 45 179 62 85 65 144 135 53 144 86 73 104 119 85 174 57 78 120 189 34 74 139 141 58 128 48 175 76 133 42 149 125 72 37 12 62 61 17 27 49 44 63 68 60 54 8 20 9 0 7 30 52 46 59 71 69 60 44 41 34 39 29 26 23 30 35 41 54 58 55 46 39
71 87 129 163 75 105 78 106 65 37 112 183 50 50 119 168 14 108 64 55 111 65 130 68 114 78 80 77 162 43 173 59 89 63 138 131 54 138 82 71 107 115 82 168 65 78 117 183 31 75 136 137 66 122 45 170 74 129 43 143 121 69 35 14 64 61 16 25 45 40 61 65 56 51 14 17 7 7 0 28 50 44 57 71 77 68 51 49 37 35 22 19 17 25 32 38 49 53 50 41 34
44 62 156 175 48 132 56 133 43 14 123 195 49 25 147 180 26 135 38 65 101 91 142 46 143 87 58 55 174 20 185 37 117 37 150 158 36 150 109 48 135 143 60 180 76 53 145 195 18 48 162 164 77 134 23 182 46 156 25 155 148 47 9 39 40 34 13 3 23 18 39 43 33 30 38 44 22 30 28 0 23 17 30 44 88 79 63 64 61 61 46 39 33 24 21 20 34 41 42 33 31
21 47 178 197 25 154 66 155 46 31 129 217 70 13 168 201 49 157 30 87 78 114 163 49 164 109 48 59 195 34 206 41 130 11 171 180 11 171 131 41 148 164 51 202 86 59 166 217 40 25 185 186 74 155 33 203 37 178 15 177 170 47 15 62 18 12 35 24 42 36 43 46 43 45 61 66 45 52 50 23 0 6 6 21 98 89 76 78 84 84 68 61 54 46 42 43 57 65 63 54 53
27 49 172 191 31 148 61 149 40 25 130 211 64 11 162 195 42 151 30 81 84 108 157 44 158 103 47 53 189 30 200 36 123 17 165 174 16 165 125 39 142 158 49 196 83 54 160 211 34 31 179 180 74 149 29 197 36 172 15 171 164 44 9 56 23 17 29 18 36 30 38 41 37 42 55 60 39 46 44 17 6 0 13 27 95 86 69 71 78 78 62 55 48 40 36 37 50 57 57 48 47
15 47 186 207 19 162 72 162 50 38 128 227 80 20 179 212 53 164 36 97 72 121 173 55 175 119 48 64 206 41 217 49 134 11 182 187 10 182 138 43 147 174 54 212 85 64 177 227 47 18 192 193 73 166 39 213 38 186 17 187 177 50 21 69 12 6 42 31 49 43 49 51 49 52 66 74 52 59 57 30 6 13 0 15 97 88 80 82 88 91 78 71 64 56 53 50 64 70 73 65 63
0 51 200 221 4 176 87 176 65 52 128 241 95 34 193 226 65 178 46 111 57 135 188 69 189 133 52 76 220 56 231 63 138 21 196 201 19 196 152 57 148 189 60 226 85 79 191 241 61 4 206 207 73 180 54 228 42 200 30 201 191 64 36 82 9 13 56 45 63 57 65 65 64 67 78 88 66 71 71 44 21 27 15 0 97 88 84 86 100 105 92 85 79 70 67 64 79 84 88 79 77
97 142 172 240 99 99 141 104 127 99 36 260 128 106 161 244 66 151 125 132 101 88 206 130 157 121 142 139 238 105 249 121 56 104 214 174 88 214 125 133 58 158 144 244 13 137 159 260 99 99 145 146 24 198 107 246 130 172 84 220 164 131 93 72 89 92 77 86 108 102 123 127 117 114 67 75 79 69 77 88 98 95 97 97 0 9 28 41 67 77 92 89 92 99 99 105 118 122 120 111 105
88 133 163 231 90 101 132 106 118 90 44 251 119 97 152 235 57 142 116 123 93 82 197 122 148 112 133 130 229 96 240 112 58 96 205 165 79 205 116 124 60 149 135 235 4 129 150 251 90 90 147 148 15 189 98 237 121 163 75 211 155 122 84 63 80 83 68 77 99 93 114 118 108 105 58 66 70 60 68 79 89 86 88 88 9 0 20 32 58 69 83 80 83 90 90 96 109 114 111 102 96
84 117 147 214 85 105 115 111 101 73 63 234 102 80 136 218 41 126 100 106 93 67 180 105 132 96 116 114 212 79 223 96 54 86 188 149 74 188 100 107 73 133 118 219 16 112 134 234 73 86 152 153 19 172 81 220 104 147 63 194 139 106 68 46 76 82 51 60 82 76 97 101 92 88 41 50 53 44 51 63 76 69 80 84 28 20 0 16 42 53 66 64 67 73 74 79 93 97 94 85 79
86 119 133 205 93 102 116 103 103 75 75 225 92 82 122 209 42 112 101 97 104 59 171 106 118 82 118 115 204 81 215 97 59 88 179 135 76 179 86 109 77 119 120 210 28 113 120 225 74 93 139 141 31 163 83 211 106 133 65 185 125 107 69 37 78 84 53 62 84 78 99 103 93 90 36 39 51 41 49 64 78 71 82 86 41 32 16 0 28 39 53 55 63 71 75 81 94 98 95 86 77
100 121 106 181 104 82 100 83 99 71 102 201 68 84 95 186 40 84 98 73 126 39 148 101 91 55 114 105 180 77 191 92 54 96 156 108 82 156 59 105 81 92 116 186 55 100 93 201 60 104 112 113 58 140 79 188 107 106 71 161 98 103 68 24 91 90 48 58 75 72 93 99 84 79 28 21 41 34 37 61 84 78 88 100 67 58 42 28 0 11 26 32 42 51 60 66 72 76 73 64 53
105 121 96 174 109 71 93 72 92 66 112 194 61 84 85 179 45 74 98 62 138 31 141 93 80 44 109 98 173 72 184 85 62 96 149 97 89 149 48 99 86 81 111 179 65 93 83 194 53 109 102 103 68 133 75 180 106 95 78 154 87 97 68 28 98 95 50 58 68 65 86 93 77 72 33 18 41 39 35 61 84 78 91 105 77 69 53 39 11 0 19 25 35 44 53 59 65 69 66 57 46
92 105 114 155 96 89 74 90 74 53 126 175 42 69 103 160 34 92 82 47 132 49 122 75 98 62 90 79 154 54 165 67 79 81 130 115 77 130 66 81 103 99 92 160 79 75 101 175 34 96 120 121 81 114 56 162 87 114 66 135 105 79 53 22 86 82 37 44 50 47 68 74 58 53 26 20 29 29 22 46 68 62 78 92 92 83 66 53 26 19 0 7 15 23 34 41 46 50 47 38 27
85 99 120 152 89 96 71 97 67 46 124 172 39 62 109 157 31 99 75 44 128 55 119 70 105 62 83 77 151 47 162 60 94 74 127 122 71 127 73 74 112 106 85 157 77 76 107 172 27 89 126 128 78 111 49 159 80 120 60 132 112 72 47 19 80 75 31 37 43 40 61 67 54 50 24 18 24 26 19 39 61 55 71 85 89 80 64 55 32 25 7 0 10 19 27 34 43 47 44 35 24
79 90 130 148 83 106 62 107 58 38 127 168 35 55 115 152 29 109 67 40 126 65 114 61 110 55 75 69 147 39 157 52 102 67 122 132 64 122 83 66 120 110 77 153 80 62 113 168 19 82 136 138 81 106 41 154 74 130 53 128 122 63 40 27 73 68 24 30 34 32 52 59 45 41 28 26 18 23 17 33 54 48 64 79 92 83 67 63 42 35 15 10 0 9 19 25 34 38 35 26 15
70 81 139 152 74 115 54 115 49 29 134 172 33 47 123 156 32 117 58 44 118 74 118 52 119 64 66 60 150 30 161 43 110 59 126 140 56 126 91 57 129 119 68 157 87 54 121 172 11 74 145 146 88 110 32 158 65 139 45 132 130 54 32 35 65 60 21 22 25 23 43 50 36 32 37 34 20 30 25 24 46 40 56 70 99 90 73 71 51 44 23 19 9 0 10 16 25 29 26 17 10
67 73 148 161 71 123 51 124 41 21 134 181 34 42 134 165 34 126 50 52 114 83 127 44 129 74 58 51 159 22 170 35 118 56 135 149 52 135 100 49 136 129 60 166 87 50 131 181 4 70 154 155 88 119 24 167 60 148 41 141 139 47 28 44 61 56 20 18 18 15 35 42 28 23 43 42 26 35 32 21 42 36 53 67 99 90 74 75 60 53 34 27 19 10 0 9 22 30 27 18 16
64 68 154 169 68 130 44 130 35 15 140 189 43 38 140 174 39 132 44 58 121 89 136 37 135 80 53 45 168 16 179 26 124 51 144 155 52 144 106 43 142 135 55 174 93 43 138 189 8 68 160 161 94 128 19 176 55 154 43 149 145 38 26 50 60 54 26 20 9 9 29 35 21 16 49 48 32 41 38 20 43 37 50 64 105 96 79 81 66 59 41 34 25 16 9 0 15 22 27 25 22
79 69 156 154 83 135 31 136 34 25 153 174 27 44 135 158 52 135 46 51 136 94 120 34 130 75 53 38 152 25 163 28 125 61 128 158 67 128 112 44 153 130 55 159 106 34 133 174 23 83 166 167 107 112 25 160 58 156 57 134 148 40 40 60 75 69 40 34 13 16 28 34 17 12 61 59 45 54 49 34 57 50 64 79 118 109 93 94 72 65 46 43 34 25 22 15 0 8 12 15 24
84 76 150 148 88 139 37 140 41 32 157 168 21 52 129 152 57 129 54 45 141 98 114 40 125 69 61 42 147 32 158 36 129 68 122 152 72 123 92 52 157 124 63 153 110 38 127 168 31 87 169 171 111 106 33 154 65 150 65 128 142 47 47 64 79 73 44 42 20 23 35 42 25 20 65 63 49 58 53 41 65 57 70 84 122 114 97 98 76 69 50 47 38 29 30 22 8 0 6 14 20
88 80 145 142 92 136 43 137 45 36 154 162 16 56 123 147 54 123 58 40 135 96 109 46 119 64 65 50 141 34 152 40 126 72 117 146 73 117 86 55 154 119 67 147 107 45 121 162 28 91 167 168 109 101 37 149 69 145 62 122 136 51 49 61 82 77 41 39 25 27 39 45 29 24 62 60 46 55 50 42 63 57 73 88 120 111 94 95 73 66 47 44 35 26 27 27 12 6 0 8 14
79 80 147 147 83 127 43 128 45 34 146 166 20 53 126 151 45 125 58 44 126 87 113 45 121 66 64 49 145 32 156 39 117 68 121 148 64 121 104 55 145 121 66 151 99 45 124 166 19 82 158 159 100 105 34 153 69 147 53 127 139 51 40 52 73 68 32 30 23 25 39 45 29 23 53 51 37 46 41 33 54 48 65 79 111 102 85 86 64 57 38 35 26 17 18 25 15 14 8 0 7
77 87 141 150 81 117 53 118 52 35 140 170 23 54 120 154 39 120 63 36 124 76 116 53 116 61 72 57 148 36 159 47 106 66 124 143 63 124 94 63 135 116 74 155 93 53 118 170 18 81 147 148 94 108 38 156 72 141 52 130 133 58 38 42 72 67 27 29 29 28 46 53 36 31 42 40 30 39 34 31 53 47 63 77 105 96 79 77 53 46 27 24 15 10 16 22 24 20 14 7 0