0 196 26 189 103 191 48 67 181 228 77 241 224 220 87 226 71 92 106 59 237 196 46 224 61 135 203 181 191 177 25 43 196 34 191 82 89 77 229 46 164 204 36 195 88 19 237 229 214 133 99 60 179 193 92 106 59 226 95 116 198 64 36 82 9 13 56 45 63 57 65 65 64 67 78 88 66 71 71 44 21 27 15 0 97 88 84 86 100 105 92 85 79 70 67 64 79 84 88 79 77
196 0 176 154 224 5 177 137 17 100 146 114 97 92 143 99 136 147 233 154 174 8 154 97 177 175 75 219 5 27 221 171 3 172 5 228 122 151 102 182 154 242 232 9 193 183 174 101 160 138 234 190 18 159 147 233 154 99 188 156 4 169 157 144 190 185 144 147 142 144 160 166 146 141 148 143 140 144 138 150 171 165 182 196 214 205 188 179 156 149 130 127 122 126 135 144 128 123 117 121 124
26 176 0 169 110 172 23 50 162 208 51 222 205 200 62 207 54 75 112 33 220 176 24 205 36 118 183 164 172 158 51 23 176 9 172 89 66 63 210 27 146 187 62 176 85 21 220 210 196 114 105 47 159 174 75 112 33 207 91 99 179 39 19 66 23 17 39 30 40 35 40 40 38 41 65 71 49 56 54 29 8 12 11 26 106 97 81 83 88 88 73 66 59 51 47 43 53 61 65 59 58
189 154 169 0 167 149 179 119 139 96 152 73 92 88 148 94 115 96 178 156 70 154 146 92 178 99 113 141 149 135 214 173 154 165 149 175 124 115 97 184 38 164 202 153 132 176 70 61 53 63 178 190 137 5 96 178 156 94 118 80 156 174 150 107 183 178 129 140 144 142 158 164 148 143 113 98 121 118 114 143 164 158 175 189 157 148 132 118 91 80 98 105 110 119 129 135 130 125 119 121 116
103 224 110 167 0 219 135 93 209 256 139 269 252 248 150 254 91 84 41 123 220 224 107 252 146 84 231 97 219 206 99 132 224 115 219 53 135 75 257 140 146 109 93 223 35 90 220 257 196 130 39 158 207 171 84 41 123 254 44 82 226 141 103 81 96 98 87 96 118 112 133 137 127 124 77 85 89 79 87 98 104 105 103 103 13 19 38 50 77 87 102 99 102 109 109 115 128 132 129 121 115
191 5 172 149 219 0 173 133 12 96 142 109 92 88 138 94 132 142 229 149 170 4 149 92 173 171 71 215 0 23 216 167 5 168 0 223 118 146 97 177 150 238 228 4 188 179 170 97 155 134 230 186 14 154 142 229 149 95 184 152 8 165 153 140 186 181 139 143 137 140 156 161 141 136 144 138 136 139 134 145 167 161 177 191 210 201 184 175 151 144 126 122 118 122 131 139 124 118 112 117 120
48 177 23 179 135 173 0 60 162 209 38 222 205 201 52 207 63 85 136 25 230 177 31 205 14 127 184 174 173 159 68 5 177 18 173 115 61 73 210 7 156 196 79 177 104 44 230 210 206 123 128 24 160 184 85 136 25 207 110 109 179 16 32 75 46 40 49 39 39 39 25 19 31 37 74 80 59 66 64 38 31 29 34 48 125 116 99 101 97 97 79 72 65 57 52 46 49 56 60 60 64
67 137 50 119 93 133 60 0 122 169 62 183 165 161 70 167 4 28 102 45 172 137 31 165 68 69 144 116 133 119 92 57 137 46 133 95 49 20 170 65 98 138 104 137 62 54 172 170 148 69 103 80 120 124 28 102 45 168 64 50 139 63 31 23 61 57 12 21 39 34 57 58 50 45 22 23 4 14 9 24 46 40 53 67 83 74 57 55 43 39 27 21 15 17 25 31 42 46 43 34 27
181 17 162 139 209 12 162 122 0 85 132 99 82 78 128 84 121 132 219 139 159 17 139 82 163 160 60 205 12 12 206 157 17 158 12 213 107 136 87 167 139 227 217 16 178 168 159 87 145 124 219 175 19 144 132 219 139 84 173 142 19 154 142 129 176 171 129 133 127 129 146 151 131 126 134 128 125 129 123 135 156 150 167 181 199 190 174 165 141 134 115 112 108 111 121 129 114 108 102 106 109
228 100 208 96 256 96 209 169 85 0 178 56 22 28 175 3 168 179 265 185 116 100 185 5 209 207 59 251 96 82 253 203 100 204 96 260 154 182 9 213 120 274 264 100 225 215 116 43 102 170 266 222 83 100 179 265 185 1 220 188 102 201 189 176 222 217 175 179 174 176 192 197 177 172 180 175 172 175 170 182 203 197 213 228 246 237 220 211 188 180 162 159 154 158 167 176 160 154 149 153 156
77 146 51 152 139 142 38 62 132 178 0 192 175 171 14 177 64 83 148 22 220 146 39 175 31 115 153 161 142 128 102 33 146 43 142 136 35 78 180 43 112 184 114 146 108 69 220 180 180 96 149 44 129 156 83 148 22 177 114 96 149 23 46 81 73 67 53 45 22 28 14 19 13 16 80 80 63 71 68 45 56 51 62 77 129 120 103 105 92 85 66 65 54 45 39 33 26 30 37 37 44
241 114 222 73 269 109 222 183 99 56 192 0 52 48 188 54 182 192 279 199 86 114 199 52 223 221 73 202 109 95 266 217 114 218 109 273 168 196 57 227 98 224 277 113 238 229 86 12 79 134 279 235 97 78 192 279 199 54 234 202 116 214 202 190 236 231 189 193 187 190 206 211 191 186 194 188 186 189 183 195 217 211 227 241 260 251 234 225 201 194 175 172 168 172 181 189 174 168 162 166 170
224 97 205 92 252 92 205 165 82 22 175 52 0 6 171 21 165 175 262 182 112 97 182 23 206 204 56 248 92 78 249 200 97 201 92 256 151 179 27 210 117 270 260 96 221 212 112 40 98 167 262 218 80 97 175 262 182 20 216 185 99 197 185 173 219 214 172 176 170 173 189 194 174 169 177 171 169 172 166 178 200 194 210 224 242 233 217 208 184 177 158 155 151 155 164 172 157 151 145 149 153
220 92 200 88 248 88 201 161 78 28 171 48 6 0 167 27 160 171 258 178 108 92 178 24 202 199 52 244 88 74 245 195 92 197 88 252 146 175 29 206 113 266 256 92 217 207 108 36 94 163 258 214 75 93 171 258 178 27 212 181 95 193 181 168 215 210 168 171 166 168 184 190 170 165 173 167 164 168 162 174 195 189 206 220 238 229 212 204 180 173 154 151 147 150 159 168 152 147 141 145 148
87 143 62 148 150 138 52 70 128 175 14 188 171 167 0 173 71 91 160 30 216 143 50 171 45 123 150 170 138 124 112 47 143 53 138 146 42 89 176 57 108 192 124 142 119 79 216 176 176 92 160 58 126 153 91 160 30 173 125 104 145 37 58 89 83 77 64 56 34 39 28 33 24 28 91 87 74 83 78 56 66 61 72 87 141 132 115 116 100 93 74 71 62 54 51 44 31 37 43 43 53
226 99 207 94 254 94 207 167 84 3 177 54 21 27 173 0 166 177 264 184 114 99 184 2 208 206 58 250 94 80 251 202 98 203 94 258 153 181 6 212 119 272 262 98 223 214 114 42 100 169 264 220 82 99 177 264 184 2 218 187 101 199 187 175 221 216 174 178 172 175 191 196 176 171 179 173 171 174 168 180 202 196 212 226 244 235 219 210 186 179 160 157 153 157 166 174 159 153 147 151 155
71 136 54 115 91 132 63 4 121 168 64 182 165 160 71 166 0 24 101 47 168 136 32 164 70 65 143 112 132 118 96 60 136 50 132 96 49 18 170 68 94 134 99 136 60 57 168 169 144 68 101 82 119 120 24 101 47 167 62 47 138 65 34 19 64 60 15 24 41 36 59 60 52 48 21 19 7 12 6 27 49 43 57 71 81 72 56 53 39 36 23 17 15 18 26 32 43 46 44 35 27
92 147 75 96 84 142 85 28 132 179 83 192 175 171 91 177 24 0 94 70 148 147 57 175 93 46 154 92 142 129 108 82 147 71 142 92 70 20 180 90 75 115 111 146 53 75 148 180 125 59 94 105 130 100 0 94 70 177 47 27 149 88 56 12 82 82 36 46 60 58 79 85 71 67 18 6 28 23 23 49 71 65 78 92 75 66 49 39 19 16 25 22 29 38 45 51 63 67 64 55 44
106 233 112 178 41 229 136 102 219 265 148 279 262 258 160 264 101 94 0 133 231 233 116 262 149 112 240 135 229 215 97 134 233 117 229 42 145 85 267 140 157 147 88 233 50 93 231 267 207 141 15 160 216 183 94 0 133 264 58 96 236 151 113 91 98 100 97 105 127 121 142 146 137 133 87 95 98 89 96 108 106 106 106 106 36 33 50 61 88 98 111 109 112 118 119 124 138 142 139 130 124
59 154 33 156 123 149 25 45 139 185 22 199 182 178 30 184 47 70 133 0 224 154 22 182 26 106 161 153 149 135 84 20 154 25 149 118 38 61 187 30 116 175 95 153 92 51 224 187 185 100 133 38 137 161 70 133 0 184 98 88 156 21 29 64 55 49 37 29 14 13 11 16 8 13 63 65 46 54 51 29 38 33 44 59 113 104 88 89 85 77 58 51 43 34 26 22 25 33 37 36 44
237 174 220 70 220 170 230 172 159 116 220 86 112 108 216 114 168 148 231 224 0 174 199 112 235 151 133 172 170 156 251 227 174 216 170 228 192 168 118 235 95 198 254 174 185 223 0 98 37 131 231 247 157 75 148 231 224 115 171 133 176 242 201 160 230 227 182 191 200 198 226 232 216 211 166 150 173 171 167 194 216 210 223 237 210 201 185 171 143 133 151 158 168 176 185 191 198 193 187 189 184
196 8 176 154 224 4 177 137 17 100 146 114 97 92 143 99 136 147 233 154 174 0 154 97 178 175 75 219 4 27 221 171 6 173 4 228 122 151 102 182 154 242 232 2 193 183 174 102 160 138 234 190 18 159 147 233 154 99 188 156 9 169 157 144 191 186 144 147 142 144 160 166 146 141 149 143 140 144 138 150 171 165 182 196 214 205 188 180 156 149 130 127 122 126 135 144 128 123 117 121 124
46 154 24 146 107 149 31 31 139 185 39 199 182 178 50 184 32 57 116 22 199 154 0 182 44 97 160 143 149 135 71 29 153 20 149 103 44 44 187 36 125 166 82 153 76 38 199 187 175 91 117 52 137 151 57 116 22 184 82 78 156 38 10 47 42 36 20 12 18 13 30 34 27 24 46 51 30 38 36 11 25 19 32 46 97 88 71 73 69 67 50 43 36 28 24 20 32 39 44 37 35
224 97 205 92 252 92 205 165 82 5 175 52 23 24 171 2 164 175 262 182 112 97 182 0 206 203 56 248 92 78 249 200 96 201 92 256 151 179 8 210 117 270 260 96 221 212 112 40 98 167 262 218 80 97 175 262 182 4 216 185 99 197 185 173 219 214 172 176 170 173 189 194 174 169 177 171 169 172 166 178 200 194 210 224 242 233 217 208 184 177 158 155 151 155 164 172 157 151 145 149 152
61 177 36 178 146 173 14 68 163 209 31 223 206 202 45 208 70 93 149 26 235 178 44 206 0 133 184 179 173 159 81 17 177 32 173 128 61 84 211 18 138 202 92 177 115 57 235 211 212 122 142 12 160 183 93 149 26 208 121 114 180 9 46 87 59 53 60 52 38 40 21 15 31 36 86 88 69 77 74 52 45 43 47 61 137 128 111 112 109 103 85 78 69 60 53 47 48 55 59 59 66
135 175 118 99 84 171 127 69 160 207 115 221 204 199 123 206 65 46 112 106 151 175 97 203 133 0 182 54 171 157 146 125 175 114 171 116 101 65 209 132 78 74 149 175 62 120 151 208 128 67 110 145 158 103 46 112 106 206 55 20 177 127 98 57 127 125 79 88 98 95 116 122 107 102 63 48 71 68 65 91 114 108 121 135 88 82 67 59 39 31 49 55 65 74 83 89 94 98 96 87 76
203 75 183 113 231 71 184 144 60 59 153 73 56 52 150 58 143 154 240 161 133 75 160 56 184 182 0 226 71 57 228 178 75 179 71 235 129 158 61 189 161 249 239 75 200 190 133 61 119 145 241 197 58 118 154 240 161 58 195 163 77 176 164 151 197 192 151 154 149 151 167 172 153 148 155 150 147 151 145 157 178 172 189 203 221 212 195 186 163 156 137 134 129 133 142 151 135 129 124 128 131
181 219 164 141 97 215 174 116 205 251 161 202 248 244 170 250 112 92 135 153 172 219 143 248 179 54 226 0 215 201 195 171 219 160 215 147 148 112 253 179 120 45 198 219 107 167 172 189 170 110 133 191 202 146 92 135 153 250 104 66 222 173 145 104 174 171 126 135 144 142 162 169 153 148 110 94 117 115 111 138 160 154 167 181 104 107 111 108 88 77 95 102 112 120 129 135 141 145 142 133 123
191 5 172 149 219 0 173 133 12 96 142 109 92 88 138 94 132 142 229 149 170 4 149 92 173 171 71 215 0 23 216 167 5 168 0 223 118 146 97 177 150 238 228 4 188 179 170 97 155 134 230 186 14 154 142 229 149 95 184 152 8 165 153 140 186 181 139 143 137 140 156 161 141 136 144 138 136 139 134 145 167 161 177 191 210 201 184 175 151 144 126 122 118 122 131 139 124 118 112 117 120
177 27 158 135 206 23 159 119 12 82 128 95 78 74 124 80 118 129 215 135 156 27 135 78 159 157 57 201 23 0 202 153 27 154 23 209 104 132 83 163 136 224 214 27 174 165 156 83 141 120 216 172 24 140 129 215 135 81 170 138 29 151 139 126 172 167 125 129 123 126 142 147 127 122 130 124 122 125 120 131 153 147 163 177 196 187 170 161 137 130 112 108 104 108 117 125 110 104 99 103 106
25 221 51 214 99 216 68 92 206 253 102 266 249 245 112 251 96 108 97 84 251 221 71 249 81 146 228 195 216 202 0 71 221 59 216 63 114 88 254 66 178 204 11 220 84 44 251 254 228 158 86 76 204 203 108 97 84 251 92 130 223 84 61 98 34 38 81 70 88 82 89 89 89 92 89 105 91 86 96 69 46 52 40 25 92 83 79 90 108 119 117 110 104 95 92 89 104 109 113 104 102
43 171 23 173 132 167 5 57 157 203 33 217 200 195 47 202 60 82 134 20 227 171 29 200 17 125 178 171 167 153 71 0 171 16 167 113 56 70 205 10 133 194 82 171 101 43 227 205 203 118 127 27 154 178 82 134 20 202 107 106 174 22 30 73 45 39 46 37 33 34 19 19 26 31 72 78 56 63 62 36 27 27 33 43 123 114 97 98 95 95 78 72 63 54 46 41 43 51 55 54 60
196 3 176 154 224 5 177 137 17 100 146 114 97 92 143 98 136 147 233 154 174 6 153 96 177 175 75 219 5 27 221 171 0 172 5 228 122 151 102 182 154 242 232 8 193 183 174 101 160 138 234 190 18 158 147 233 154 99 188 156 2 169 157 144 190 185 143 147 142 144 160 165 146 140 148 143 140 144 138 150 171 165 182 196 214 205 188 179 156 149 130 127 122 126 135 144 128 122 117 121 124
34 172 9 165 115 168 18 46 158 204 43 218 201 197 53 203 50 71 117 25 216 173 20 201 32 114 179 160 168 154 59 16 172 0 168 96 57 59 206 23 143 183 70 172 84 28 216 206 193 110 110 42 155 170 71 117 25 203 91 95 175 36 15 62 32 26 35 26 31 30 30 33 29 32 61 67 45 52 50 25 13 11 20 34 106 97 80 82 84 84 69 62 55 47 42 38 44 52 56 53 54
191 5 172 149 219 0 173 133 12 96 142 109 92 88 138 94 132 142 229 149 170 4 149 92 173 171 71 215 0 23 216 167 5 168 0 223 118 146 97 177 150 238 228 4 188 179 170 97 155 134 230 186 14 154 142 229 149 95 184 152 8 165 153 140 186 181 139 143 137 140 156 161 141 136 144 138 136 139 134 145 167 161 177 191 210 201 184 175 151 144 126 122 118 122 131 139 124 118 112 117 120
82 228 89 175 53 223 115 95 213 260 136 273 256 252 146 258 96 92 42 118 228 228 103 256 128 116 235 147 223 209 63 113 228 96 223 0 136 83 261 116 154 159 55 227 52 69 228 261 204 139 28 136 211 180 92 42 118 258 61 100 230 130 92 89 74 76 90 93 115 109 123 126 123 121 84 92 91 85 91 94 83 86 82 82 48 43 48 59 86 96 109 106 107 109 110 112 126 133 130 122 116
89 122 66 124 135 118 61 49 107 154 35 168 151 146 42 153 49 70 145 38 192 122 44 151 61 101 129 148 118 104 114 56 122 57 118 136 0 67 156 66 84 170 125 122 104 81 192 155 153 69 145 72 105 129 70 145 38 153 110 83 124 52 52 67 84 78 47 45 25 28 40 47 30 25 68 66 52 61 56 46 70 62 75 89 125 117 100 101 79 72 53 50 41 32 33 27 13 7 6 14 21
77 151 63 115 75 146 73 20 136 182 78 196 179 175 89 181 18 20 85 61 168 151 44 179 84 65 158 112 146 132 88 70 151 59 146 83 67 0 184 77 94 134 91 150 44 60 168 184 144 78 86 96 134 120 20 85 61 181 45 46 153 79 43 10 68 66 24 33 55 50 70 74 66 61 2 19 16 7 14 36 59 53 65 77 66 57 40 36 30 35 28 26 31 36 41 48 60 64 62 53 46
229 102 210 97 257 97 210 170 87 9 180 57 27 29 176 6 170 180 267 187 118 102 187 8 211 209 61 253 97 83 254 205 102 206 97 261 156 184 0 215 122 276 265 101 226 217 118 45 103 172 267 223 85 102 180 267 187 8 222 190 104 202 190 178 224 219 177 181 175 178 194 199 179 174 182 176 174 177 171 183 205 199 215 229 247 238 222 213 189 182 163 160 156 160 169 177 162 156 150 154 158
46 182 27 184 140 177 7 65 167 213 43 227 210 206 57 212 68 90 140 30 235 182 36 210 18 132 189 179 177 163 66 10 182 23 177 116 66 77 215 0 161 201 77 181 109 48 235 215 211 128 133 25 165 189 90 140 30 212 114 113 184 20 37 80 49 41 54 44 44 44 30 24 36 41 79 85 63 71 69 43 35 34 38 46 130 121 104 106 102 102 84 77 70 62 57 51 53 61 65 65 69
164 154 146 38 146 150 156 98 139 120 112 98 117 113 108 119 94 75 157 116 95 154 125 117 138 78 161 120 150 136 178 133 154 143 150 154 84 94 122 161 0 143 181 154 111 149 95 86 71 46 157 150 137 43 75 157 116 119 97 59 156 134 127 86 156 153 108 117 104 124 118 124 108 103 92 77 100 97 93 120 142 136 149 164 136 127 111 97 70 59 77 84 94 103 111 118 90 85 79 81 76
204 242 187 164 109 238 196 138 227 274 184 224 270 266 192 272 134 115 147 175 198 242 166 270 202 74 249 45 238 224 204 194 242 183 238 159 170 134 276 201 143 0 201 242 120 189 198 212 193 133 145 214 225 169 115 147 175 273 121 89 244 196 167 126 197 194 148 157 167 164 185 191 176 171 132 117 140 137 134 160 183 177 190 204 116 118 125 130 110 100 118 124 134 143 152 158 164 167 165 156 145
36 232 62 202 93 228 79 104 217 264 114 277 260 256 124 262 99 111 88 95 254 232 82 260 92 149 239 198 228 214 11 82 232 70 228 55 125 91 265 77 181 201 0 232 81 45 254 265 231 165 69 88 215 206 111 88 95 263 89 133 234 95 72 101 45 49 93 81 99 93 101 100 100 103 92 109 90 89 95 80 57 64 51 36 85 76 77 88 111 122 116 112 115 107 103 100 115 120 124 115 113
195 9 176 153 223 4 177 137 16 100 146 113 96 92 142 98 136 146 233 153 174 2 153 96 177 175 75 219 4 27 220 171 8 172 4 227 122 150 101 181 154 242 232 0 192 183 174 101 159 138 234 190 18 158 146 233 153 99 188 156 10 169 157 144 190 185 143 147 141 144 160 165 145 140 148 142 140 143 138 149 171 165 181 195 214 205 188 179 155 148 129 126 122 126 135 143 128 122 116 121 124
88 193 85 132 35 188 104 62 178 225 108 238 221 217 119 223 60 53 50 92 185 193 76 221 115 62 200 107 188 174 84 101 193 84 188 52 104 44 226 109 111 120 81 192 0 75 185 226 161 96 47 127 176 137 53 50 92 223 8 46 195 110 72 50 81 86 56 65 86 81 101 106 96 92 46 53 57 48 56 67 80 74 84 88 25 19 4 16 42 53 70 68 71 78 78 84 97 101 98 90 84
19 183 21 176 90 179 44 54 168 215 69 229 212 207 79 214 57 75 93 51 223 183 38 212 57 120 190 167 179 165 44 43 183 28 179 69 81 60 217 48 149 189 45 183 75 0 223 216 199 120 85 65 166 181 75 93 51 214 81 101 185 63 27 65 10 10 44 37 54 49 56 59 56 58 62 72 50 54 56 38 14 19 13 19 84 75 71 73 84 90 79 73 66 58 54 54 68 75 75 66 65
237 174 220 70 220 170 230 172 159 116 220 86 112 108 216 114 168 148 231 224 0 174 199 112 235 151 133 172 170 156 251 227 174 216 170 228 192 168 118 235 95 198 254 174 185 223 0 98 37 131 231 247 157 75 148 231 224 115 171 133 176 242 201 160 230 227 182 191 200 198 226 232 216 211 166 150 173 171 167 194 216 210 223 237 210 201 185 171 143 133 151 158 168 176 185 191 198 193 187 189 184
229 101 210 61 257 97 210 170 87 43 180 12 40 36 176 42 169 180 267 187 98 102 187 40 211 208 61 189 97 83 254 205 101 206 97 261 155 184 45 215 86 212 265 101 226 216 98 0 67 122 267 223 84 66 180 267 187 42 221 190 104 202 190 177 224 219 177 181 175 177 194 199 179 174 182 176 173 177 171 183 204 198 215 229 247 238 222 213 189 182 163 160 156 159 169 177 162 156 150 154 157
214 160 196 53 196 155 206 148 145 102 180 79 98 94 176 100 144 125 207 185 37 160 175 98 212 128 119 170 155 141 228 203 160 193 155 204 153 144 103 211 71 193 231 159 161 199 37 67 0 113 207 223 143 58 125 207 185 100 147 109 162 206 177 136 206 203 158 167 177 174 195 201 185 180 142 127 150 147 143 170 192 186 199 214 186 177 161 147 120 109 127 134 144 153 161 168 173 153 147 165 155
133 138 114 63 130 134 123 69 124 170 96 134 167 163 92 169 68 59 141 100 131 138 91 167 122 67 145 110 134 120 158 118 138 110 134 139 69 78 172 128 46 133 165 138 96 120 131 122 113 0 142 134 121 68 59 141 100 169 87 49 141 118 94 71 128 123 79 85 88 86 102 109 92 87 77 61 73 82 78 87 108 102 119 133 121 112 96 82 54 43 62 61 55 63 74 80 75 69 63 66 60
99 234 105 178 39 230 128 103 219 266 149 279 262 258 160 264 101 94 15 133 231 234 117 262 142 110 241 133 230 216 86 127 234 110 230 28 145 86 267 133 157 145 69 234 47 85 231 267 207 142 0 153 217 183 94 15 133 264 56 94 236 143 113 91 91 93 97 106 128 122 143 140 137 134 87 95 99 89 97 108 99 99 98 99 34 30 50 62 88 99 112 109 112 119 119 125 138 142 140 131 125
60 190 47 190 158 186 24 80 175 222 44 235 218 214 58 220 82 105 160 38 247 190 52 218 12 145 197 191 186 172 76 27 190 42 186 136 72 96 223 25 150 214 88 190 127 65 247 223 223 134 153 0 173 195 105 160 38 221 133 126 192 22 56 98 63 58 72 64 50 52 33 27 42 48 98 100 81 89 86 64 56 53 56 60 148 139 123 124 120 115 97 90 81 72 65 59 60 67 71 71 78
179 18 159 137 207 14 160 120 19 83 129 97 80 75 126 82 119 130 216 137 157 18 137 80 160 158 58 202 14 24 204 154 18 155 14 211 105 134 85 165 137 225 215 18 176 166 157 84 143 121 217 173 0 142 130 216 137 82 171 139 20 152 140 127 173 168 127 130 125 127 143 149 129 124 131 126 123 127 121 133 154 148 165 179 197 188 171 162 139 132 113 110 105 109 118 127 111 106 100 104 107
193 159 174 5 171 154 184 124 144 100 156 78 97 93 153 99 120 100 183 161 75 159 151 97 183 103 118 146 154 140 203 178 158 170 154 180 129 120 102 189 43 169 206 158 137 181 75 66 58 68 183 195 142 0 100 183 161 99 123 85 161 179 155 112 188 183 134 145 149 146 163 169 153 147 118 102 125 123 119 147 169 163 179 193 162 153 137 123 95 85 103 110 115 124 134 140 135 129 124 126 121
92 147 75 96 84 142 85 28 132 179 83 192 175 171 91 177 24 0 94 70 148 147 57 175 93 46 154 92 142 129 108 82 147 71 142 92 70 20 180 90 75 115 111 146 53 75 148 180 125 59 94 105 130 100 0 94 70 177 47 27 149 88 56 12 82 82 36 46 60 58 79 85 71 67 18 6 28 23 23 49 71 65 78 92 75 66 49 39 19 16 25 22 29 38 45 51 63 67 64 55 44
106 233 112 178 41 229 136 102 219 265 148 279 262 258 160 264 101 94 0 133 231 233 116 262 149 112 240 135 229 215 97 134 233 117 229 42 145 85 267 140 157 147 88 233 50 93 231 267 207 141 15 160 216 183 94 0 133 264 58 96 236 151 113 91 98 100 97 105 127 121 142 146 137 133 87 95 98 89 96 108 106 106 106 106 36 33 50 61 88 98 111 109 112 118 119 124 138 142 139 130 124
59 154 33 156 123 149 25 45 139 185 22 199 182 178 30 184 47 70 133 0 224 154 22 182 26 106 161 153 149 135 84 20 154 25 149 118 38 61 187 30 116 175 95 153 92 51 224 187 185 100 133 38 137 161 70 133 0 184 98 88 156 21 29 64 55 49 37 29 14 13 11 16 8 13 63 65 46 54 51 29 38 33 44 59 113 104 88 89 85 77 58 51 43 34 26 22 25 33 37 36 44
226 99 207 94 254 95 207 168 84 1 177 54 20 27 173 2 167 177 264 184 115 99 184 4 208 206 58 250 95 81 251 202 99 203 95 258 153 181 8 212 119 273 263 99 223 214 115 42 100 169 264 221 82 99 177 264 184 0 219 187 101 200 188 175 221 216 174 178 172 175 191 196 176 171 179 173 171 174 168 180 202 196 212 226 245 236 219 210 186 179 160 157 153 157 166 174 159 153 147 152 155
95 188 91 118 44 184 110 64 173 220 114 234 216 212 125 218 62 47 58 98 171 188 82 216 121 55 195 104 184 170 92 107 188 91 184 61 110 45 222 114 97 121 89 188 8 81 171 221 147 87 56 133 171 123 47 58 98 219 0 39 190 116 78 46 86 93 62 71 92 87 107 112 102 98 45 48 60 50 58 73 87 80 91 95 34 28 13 10 37 47 62 63 72 80 84 89 103 107 104 95 86
116 156 99 80 82 152 109 50 142 188 96 202 185 181 104 187 47 27 96 88 133 156 78 185 114 20 163 66 152 138 130 106 156 95 152 100 83 46 190 113 59 89 133 156 46 101 133 190 109 49 94 126 139 85 27 96 88 187 39 0 159 108 79 39 109 106 61 70 79 76 97 104 88 83 44 29 52 50 46 72 95 89 102 116 72 66 51 43 23 12 30 36 47 55 64 70 76 80 77 68 57
198 4 179 156 226 8 179 139 19 102 149 116 99 95 145 101 138 149 236 156 176 9 156 99 180 177 77 222 8 29 223 174 2 175 8 230 124 153 104 184 156 244 234 10 195 185 176 104 162 141 236 192 20 161 149 236 156 101 190 159 0 171 159 146 193 188 146 150 144 146 163 168 148 143 151 145 142 146 140 152 173 167 184 198 216 207 191 182 158 151 132 129 125 128 138 146 131 125 119 123 126
64 169 39 174 141 165 16 63 154 201 23 214 197 193 37 199 65 88 151 21 242 169 38 197 9 127 176 173 165 151 84 22 169 36 165 130 52 79 202 20 134 196 95 169 110 63 242 202 206 118 143 22 152 179 88 151 21 200 116 108 171 0 45 81 62 56 55 47 30 34 12 7 22 28 80 83 64 72 69 47 47 44 50 64 131 122 106 107 103 97 79 72 63 54 47 38 40 47 51 51 58
36 157 19 150 103 153 32 31 142 189 46 202 185 181 58 187 34 56 113 29 201 157 10 185 46 98 164 145 153 139 61 30 157 15 153 92 52 43 190 37 127 167 72 157 72 27 201 190 177 94 113 56 140 155 56 113 29 188 78 79 159 45 0 46 31 25 20 10 26 21 37 42 35 32 45 51 29 37 35 9 15 9 21 36 93 84 68 69 68 68 53 47 40 32 28 26 40 47 49 40 38
82 144 66 107 81 140 75 23 129 176 81 190 173 168 89 175 19 12 91 64 160 144 47 173 87 57 151 104 140 126 98 73 144 62 140 89 67 10 178 80 86 126 101 144 50 65 160 177 136 71 91 98 127 112 12 91 64 175 46 39 146 81 46 0 73 72 27 36 58 53 73 77 69 64 8 10 19 12 14 39 62 56 69 82 72 63 46 37 24 28 22 19 27 35 44 50 60 64 61 52 42
9 190 23 183 96 186 46 61 176 222 73 236 219 215 83 221 64 82 98 55 230 191 42 219 59 127 197 174 186 172 34 45 190 32 186 74 84 68 224 49 156 197 45 190 81 10 230 224 206 128 91 63 173 188 82 98 55 221 86 109 193 62 31 73 0 6 51 45 58 53 60 62 60 63 69 80 57 62 64 40 18 23 12 9 89 80 76 78 91 98 86 80 73 65 61 60 75 79 82 73 72
13 185 17 178 98 181 40 57 171 217 67 231 214 210 77 216 60 82 100 49 227 186 36 214 53 125 192 171 181 167 38 39 185 26 181 76 78 66 219 41 153 194 49 185 86 10 227 219 203 123 93 58 168 183 82 100 49 216 93 106 188 56 25 72 6 0 46 35 52 47 54 56 54 57 68 77 56 61 61 34 12 17 6 13 92 83 82 84 90 95 82 75 68 60 56 54 69 73 77 68 67
56 144 39 129 87 139 49 12 129 175 53 189 172 168 64 174 15 36 97 37 182 144 20 172 60 79 151 126 139 125 81 46 143 35 139 90 47 24 177 54 108 148 93 143 56 44 182 177 158 79 97 72 127 134 36 97 37 174 62 61 146 55 20 27 51 46 0 10 31 27 46 51 41 37 26 32 9 17 16 13 35 29 42 56 77 68 51 53 48 50 37 31 24 21 20 26 40 44 41 32 27
45 147 30 140 96 143 39 21 133 179 45 193 176 171 56 178 24 46 105 29 191 147 12 176 52 88 154 135 143 129 70 37 147 26 143 93 45 33 181 44 117 157 81 147 65 37 191 181 167 85 106 64 130 145 46 105 29 178 71 70 150 47 10 36 45 35 10 0 23 18 38 43 33 29 35 41 19 27 25 3 24 18 31 45 86 77 60 62 58 58 44 37 30 22 18 20 34 42 39 30 29
63 142 40 144 118 137 39 39 127 174 22 187 170 166 34 172 41 60 127 14 200 142 18 170 38 98 149 144 137 123 88 33 142 31 137 115 25 55 175 44 104 167 99 141 86 54 200 175 177 88 128 50 125 149 60 127 14 172 92 79 144 30 26 58 58 52 31 23 0 5 18 25 11 6 57 57 40 49 45 23 42 36 49 63 108 99 82 84 75 68 50 43 34 25 18 9 13 20 25 23 29
57 144 35 142 112 140 39 34 129 176 28 190 173 168 39 175 36 58 121 13 198 144 13 173 40 95 151 142 140 126 82 34 144 30 140 109 28 50 178 44 124 164 93 144 81 49 198 177 174 86 122 52 127 146 58 121 13 175 87 76 146 34 21 53 53 47 27 18 5 0 23 29 16 10 52 55 35 44 40 18 36 30 43 57 102 93 76 78 72 65 47 40 32 23 15 9 16 23 27 25 28
65 160 40 158 133 156 25 57 146 192 14 206 189 184 28 191 59 79 142 11 226 160 30 189 21 116 167 162 156 142 89 19 160 30 156 123 40 70 194 30 118 185 101 160 101 56 226 194 195 102 143 33 143 163 79 142 11 191 107 97 163 12 37 73 60 54 46 38 18 23 0 7 10 16 72 75 55 63 61 39 43 38 49 65 123 114 97 99 93 86 68 61 52 43 35 29 28 35 39 39 46
65 166 40 164 137 161 19 58 151 197 19 211 194 190 33 196 60 85 146 16 232 166 34 194 15 122 172 169 161 147 89 19 165 33 161 126 47 74 199 24 124 191 100 165 106 59 232 199 201 109 140 27 149 169 85 146 16 196 112 104 168 7 42 77 62 56 51 43 25 29 7 0 17 22 76 79 60 68 65 43 46 41 51 65 127 118 101 103 99 93 74 67 59 50 42 35 34 42 45 45 53
64 146 38 148 127 141 31 50 131 177 13 191 174 170 24 176 52 71 137 8 216 146 27 174 31 107 153 153 141 127 89 26 146 29 141 123 30 66 179 36 108 176 100 145 96 56 216 179 185 92 137 42 129 153 71 137 8 176 102 88 148 22 35 69 60 54 41 33 11 16 10 17 0 6 68 68 51 60 56 33 43 37 49 64 117 108 92 93 84 77 58 54 45 36 28 21 17 25 29 29 36
67 141 41 143 124 136 37 45 126 172 16 186 169 165 28 171 48 67 133 13 211 141 24 169 36 102 148 148 136 122 92 31 140 32 136 121 25 61 174 41 103 171 103 140 92 58 211 174 180 87 134 48 124 147 67 133 13 171 98 83 143 28 32 64 63 57 37 29 6 10 16 22 6 0 63 64 46 54 51 30 45 42 52 67 114 105 88 90 79 72 53 50 41 32 23 16 12 20 24 23 31
78 148 65 113 77 144 74 22 134 180 80 194 177 173 91 179 21 18 87 63 166 149 46 177 86 63 155 110 144 130 89 72 148 61 144 84 68 2 182 79 92 132 92 148 46 62 166 182 142 77 87 98 131 118 18 87 63 179 45 44 151 80 45 8 69 68 26 35 57 52 72 76 68 63 0 17 18 8 14 38 61 55 66 78 67 58 41 36 28 33 26 24 28 37 43 49 61 65 62 53 42
88 143 71 98 85 138 80 23 128 175 80 188 171 167 87 173 19 6 95 65 150 143 51 171 88 48 150 94 138 124 105 78 143 67 138 92 66 19 176 85 77 117 109 142 53 72 150 176 127 61 95 100 126 102 6 95 65 173 48 29 145 83 51 10 80 77 32 41 57 55 75 79 68 64 17 0 24 20 17 44 66 60 74 88 75 66 50 39 21 18 20 18 26 34 42 48 59 63 60 51 40
66 140 49 121 89 136 59 4 125 172 63 186 169 164 74 171 7 28 98 46 173 140 30 169 69 71 147 117 136 122 91 56 140 45 136 91 52 16 174 63 100 140 90 140 57 50 173 173 150 73 99 81 123 125 28 98 46 171 60 52 142 64 29 19 57 56 9 19 40 35 55 60 51 46 18 24 0 9 7 22 45 39 52 66 79 70 53 51 41 41 29 24 18 20 26 32 45 49 46 37 30
71 144 56 118 79 139 66 14 129 175 71 189 172 168 83 174 12 23 89 54 171 144 38 172 77 68 151 115 139 125 86 63 144 52 139 85 61 7 177 71 97 137 89 143 48 54 171 177 147 82 89 89 127 123 23 89 54 174 50 50 146 72 37 12 62 61 17 27 49 44 63 68 60 54 8 20 9 0 7 30 52 46 59 71 69 60 44 41 34 39 29 26 23 30 35 41 54 58 55 46 39
71 138 54 114 87 134 64 9 123 170 68 183 166 162 78 168 6 23 96 51 167 138 36 166 74 65 145 111 134 120 96 62 138 50 134 91 56 14 171 69 93 134 95 138 56 56 167 171 143 78 97 86 121 119 23 96 51 168 58 46 140 69 35 14 64 61 16 25 45 40 61 65 56 51 14 17 7 7 0 28 50 44 57 71 77 68 51 49 37 35 22 19 17 25 32 38 49 53 50 41 34
44 150 29 143 98 145 38 24 135 182 45 195 178 174 56 180 27 49 108 29 194 150 11 178 52 91 157 138 145 131 69 36 150 25 145 94 46 36 183 43 120 160 80 149 67 38 194 183 170 87 108 64 133 147 49 108 29 180 73 72 152 47 9 39 40 34 13 3 23 18 39 43 33 30 38 44 22 30 28 0 23 17 30 44 88 79 63 64 61 61 46 39 33 24 21 20 34 41 42 33 31
21 171 8 164 104 167 31 46 156 203 56 217 200 195 66 202 49 71 106 38 216 171 25 200 45 114 178 160 167 153 46 27 171 13 167 83 70 59 205 35 142 183 57 171 80 14 216 204 192 108 99 56 154 169 71 106 38 202 87 95 173 47 15 62 18 12 35 24 42 36 43 46 43 45 61 66 45 52 50 23 0 6 6 21 98 89 76 78 84 84 68 61 54 46 42 43 57 65 63 54 53
27 165 12 158 105 161 29 40 150 197 51 211 194 189 61 196 43 65 106 33 210 165 19 194 43 108 172 154 161 147 52 27 165 11 161 86 62 53 199 34 136 177 64 165 74 19 210 198 186 102 99 53 148 163 65 106 33 196 80 89 167 44 9 56 23 17 29 18 36 30 38 41 37 42 55 60 39 46 44 17 6 0 13 27 95 86 69 71 78 78 62 55 48 40 36 37 50 57 57 48 47
15 182 11 175 103 177 34 53 167 213 62 227 210 206 72 212 57 78 106 44 223 182 32 210 47 121 189 167 177 163 40 33 182 20 177 82 75 65 215 38 149 190 51 181 84 13 223 215 199 119 98 56 165 179 78 106 44 212 91 102 184 50 21 69 12 6 42 31 49 43 49 51 49 52 66 74 52 59 57 30 6 13 0 15 97 88 80 82 88 91 78 71 64 56 53 50 64 70 73 65 63
0 196 26 189 103 191 48 67 181 228 77 241 224 220 87 226 71 92 106 59 237 196 46 224 61 135 203 181 191 177 25 43 196 34 191 82 89 77 229 46 164 204 36 195 88 19 237 229 214 133 99 60 179 193 92 106 59 226 95 116 198 64 36 82 9 13 56 45 63 57 65 65 64 67 78 88 66 71 71 44 21 27 15 0 97 88 84 86 100 105 92 85 79 70 67 64 79 84 88 79 77
97 214 106 157 13 210 125 83 199 246 129 260 242 238 141 244 81 75 36 113 210 214 97 242 137 88 221 104 210 196 92 123 214 106 210 48 125 66 247 130 136 116 85 214 25 84 210 247 186 121 34 148 197 162 75 36 113 245 34 72 216 131 93 72 89 92 77 86 108 102 123 127 117 114 67 75 79 69 77 88 98 95 97 97 0 9 28 41 67 77 92 89 92 99 99 105 118 122 120 111 105
88 205 97 148 19 201 116 74 190 237 120 251 233 229 132 235 72 66 33 104 201 205 88 233 128 82 212 107 201 187 83 114 205 97 201 43 117 57 238 121 127 118 76 205 19 75 201 238 177 112 30 139 188 153 66 33 104 236 28 66 207 122 84 63 80 83 68 77 99 93 114 118 108 105 58 66 70 60 68 79 89 86 88 88 9 0 20 32 58 69 83 80 83 90 90 96 109 114 111 102 96
84 188 81 132 38 184 99 57 174 220 103 234 217 212 115 219 56 49 50 88 185 188 71 217 111 67 195 111 184 170 79 97 188 80 184 48 100 40 222 104 111 125 77 188 4 71 185 222 161 96 50 123 171 137 49 50 88 219 13 51 191 106 68 46 76 82 51 60 82 76 97 101 92 88 41 50 53 44 51 63 76 69 80 84 28 20 0 16 42 53 66 64 67 73 74 79 93 97 94 85 79
86 179 83 118 50 175 101 55 165 211 105 225 208 204 116 210 53 39 61 89 171 180 73 208 112 59 186 108 175 161 90 98 179 82 175 59 101 36 213 106 97 130 88 179 16 73 171 213 147 82 62 124 162 123 39 61 89 210 10 43 182 107 69 37 78 84 53 62 84 78 99 103 93 90 36 39 51 41 49 64 78 71 82 86 41 32 16 0 28 39 53 55 63 71 75 81 94 98 95 86 77
100 156 88 91 77 151 97 43 141 188 92 201 184 180 100 186 39 19 88 85 143 156 69 184 109 39 163 88 151 137 108 95 156 84 151 86 79 30 189 102 70 110 111 155 42 84 143 189 120 54 88 120 139 95 19 88 85 186 37 23 158 103 68 24 91 90 48 58 75 72 93 99 84 79 28 21 41 34 37 61 84 78 88 100 67 58 42 28 0 11 26 32 42 51 60 66 72 76 73 64 53
105 149 88 80 87 144 97 39 134 180 85 194 177 173 93 179 36 16 98 77 133 149 67 177 103 31 156 77 144 130 119 95 149 84 144 96 72 35 182 102 59 100 122 148 53 90 133 182 109 43 99 115 132 85 16 98 77 179 47 12 151 97 68 28 98 95 50 58 68 65 86 93 77 72 33 18 41 39 35 61 84 78 91 105 77 69 53 39 11 0 19 25 35 44 53 59 65 69 66 57 46
92 130 73 98 102 126 79 27 115 162 66 175 158 154 74 160 23 25 111 58 151 130 50 158 85 49 137 95 126 112 117 78 130 69 126 109 53 28 163 84 77 118 116 129 70 79 151 163 127 62 112 97 113 103 25 111 58 160 62 30 132 79 53 22 86 82 37 44 50 47 68 74 58 53 26 20 29 29 22 46 68 62 78 92 92 83 66 53 26 19 0 7 15 23 34 41 46 50 47 38 27
85 127 66 105 99 122 72 21 112 159 65 172 155 151 71 157 17 22 109 51 158 127 43 155 78 55 134 102 122 108 110 72 127 62 122 106 50 26 160 77 84 124 112 126 68 73 158 160 134 61 109 90 110 110 22 109 51 157 63 36 129 72 47 19 80 75 31 37 43 40 61 67 54 50 24 18 24 26 19 39 61 55 71 85 89 80 64 55 32 25 7 0 10 19 27 34 43 47 44 35 24
79 122 59 110 102 118 65 15 108 154 54 168 151 147 62 153 15 29 112 43 168 122 36 151 69 65 129 112 118 104 104 63 122 55 118 107 41 31 156 70 94 134 115 122 71 66 168 156 144 55 112 81 105 115 29 112 43 153 72 47 125 63 40 27 73 68 24 30 34 32 52 59 45 41 28 26 18 23 17 33 54 48 64 79 92 83 67 63 42 35 15 10 0 9 19 25 34 38 35 26 15
70 126 51 119 109 122 57 17 111 158 45 172 155 150 54 157 18 38 118 34 176 126 28 155 60 74 133 120 122 108 95 54 126 47 122 109 32 36 160 62 103 143 107 126 78 58 176 159 153 63 119 72 109 124 38 118 34 157 80 55 128 54 32 35 65 60 21 22 25 23 43 50 36 32 37 34 20 30 25 24 46 40 56 70 99 90 73 71 51 44 23 19 9 0 10 16 25 29 26 17 10
67 135 47 129 109 131 52 25 121 167 39 181 164 159 51 166 26 45 119 26 185 135 24 164 53 83 142 129 131 117 92 46 135 42 131 110 33 41 169 57 111 152 103 135 78 54 185 169 161 74 119 65 118 134 45 119 26 166 84 64 138 47 28 44 61 56 20 18 18 15 35 42 28 23 43 42 26 35 32 21 42 36 53 67 99 90 74 75 60 53 34 27 19 10 0 9 22 30 27 18 16
64 144 43 135 115 139 46 31 129 176 33 189 172 168 44 174 32 51 124 22 191 144 20 172 47 89 151 135 139 125 89 41 144 38 139 112 27 48 177 51 118 158 100 143 84 54 191 177 168 80 125 59 127 140 51 124 22 174 89 70 146 38 26 50 60 54 26 20 9 9 29 35 21 16 49 48 32 41 38 20 43 37 50 64 105 96 79 81 66 59 41 34 25 16 9 0 15 22 27 25 22
79 128 53 130 128 124 49 42 114 160 26 174 157 152 31 159 43 63 138 25 198 128 32 157 48 94 135 141 124 110 104 43 128 44 124 126 13 60 162 53 90 164 115 128 97 68 198 162 173 75 138 60 111 135 63 138 25 159 103 76 131 40 40 60 75 69 40 34 13 16 28 34 17 12 61 59 45 54 49 34 57 50 64 79 118 109 93 94 72 65 46 43 34 25 22 15 0 8 12 15 24
84 123 61 125 132 118 56 46 108 154 30 168 151 147 37 153 46 67 142 33 193 123 39 151 55 98 129 145 118 104 109 51 122 52 118 133 7 64 156 61 85 167 120 122 101 75 193 156 153 69 142 67 106 129 67 142 33 153 107 80 125 47 47 64 79 73 44 42 20 23 35 42 25 20 65 63 49 58 53 41 65 57 70 84 122 114 97 98 76 69 50 47 38 29 30 22 8 0 6 14 20
88 117 65 119 129 112 60 43 102 149 37 162 145 141 43 147 44 64 139 37 187 117 44 145 59 96 124 142 112 99 113 55 117 56 112 130 6 62 150 65 79 165 124 116 98 75 187 150 147 63 140 71 100 124 64 139 37 147 104 77 119 51 49 61 82 77 41 39 25 27 39 45 29 24 62 60 46 55 50 42 63 57 73 88 120 111 94 95 73 66 47 44 35 26 27 27 12 6 0 8 14
79 121 59 121 121 117 60 34 106 153 37 166 149 145 43 151 35 55 130 36 189 121 37 149 59 87 128 133 117 103 104 54 121 53 117 122 14 53 154 65 81 156 115 121 90 66 189 154 165 66 131 71 104 126 55 130 36 152 95 68 123 51 40 52 73 68 32 30 23 25 39 45 29 23 53 51 37 46 41 33 54 48 65 79 111 102 85 86 64 57 38 35 26 17 18 25 15 14 8 0 7
77 124 58 116 115 120 64 27 109 156 44 170 153 148 53 155 27 44 124 44 184 124 35 152 66 76 131 123 120 106 102 60 124 54 120 116 21 46 158 69 76 145 113 124 84 65 184 157 155 60 125 78 107 121 44 124 44 155 86 57 126 58 38 42 72 67 27 29 29 28 46 53 36 31 42 40 30 39 34 31 53 47 63 77 105 96 79 77 53 46 27 24 15 10 16 22 24 20 14 7 0