0 78 92 12 226 77 137 128 65 50 137 74 66 144 200 130 247 207 60 194 27 186 49 203 67 43 223 13 179 218 58 75 190 143 67 229 57 114 60 228 27 38 181 52 177 43 200 102 99 246 12 229 66 107 192 50 142 76 226 180 177 64 36 82 9 13 56 45 63 57 65 65 64 67 78 88 66 71 71 44 21 27 15 0 97 88 84 86 100 105 92 85 79 70 67 64 79 84 88 79 77
78 0 115 65 186 6 125 171 13 35 125 121 13 131 160 173 237 195 33 154 67 173 36 163 23 50 183 67 139 206 91 80 163 130 12 189 25 156 33 188 68 47 141 105 137 40 187 39 142 234 79 189 13 146 165 43 171 7 186 140 165 17 51 86 75 69 60 52 32 37 14 14 22 24 85 89 72 77 77 52 58 53 63 78 136 127 111 112 100 93 74 75 66 53 49 42 34 38 45 45 52
92 115 0 87 206 116 57 81 105 122 57 32 104 63 179 82 177 136 122 173 69 108 111 182 94 67 203 86 159 147 138 38 115 63 109 209 111 66 122 207 76 105 160 48 157 109 129 113 51 176 103 209 104 55 117 121 77 118 206 159 100 110 72 33 83 86 57 64 88 84 101 106 96 94 33 35 49 40 46 67 80 74 84 92 46 37 21 7 24 34 49 50 59 67 75 81 91 95 92 83 73
12 65 87 0 215 64 126 127 53 44 126 72 54 132 188 129 236 196 54 182 20 174 40 191 54 32 212 2 168 206 63 65 179 131 55 218 46 112 54 216 21 32 170 50 166 37 188 89 98 235 24 218 54 106 181 44 140 66 215 168 166 52 24 71 10 4 45 34 51 46 52 53 51 54 69 76 55 62 60 33 8 16 2 12 96 87 83 85 91 94 81 74 67 59 55 53 66 72 76 67 66
226 186 206 215 0 190 208 279 195 217 208 229 190 214 103 281 143 276 215 96 203 254 219 58 171 180 23 214 50 224 274 175 96 213 195 42 207 264 215 3 210 218 84 225 80 213 80 149 250 146 238 42 190 254 98 226 261 191 1 83 246 199 187 175 221 216 174 178 172 175 191 196 176 171 179 173 171 174 168 180 202 196 212 226 244 235 219 210 186 179 160 157 153 157 166 174 159 153 147 151 155
77 6 116 64 190 0 128 172 12 30 128 121 12 135 164 174 241 199 29 158 66 177 31 167 27 51 187 66 143 209 87 81 167 134 11 193 20 157 29 192 67 42 145 104 141 36 191 43 143 238 74 193 12 147 169 39 178 2 190 144 169 12 52 87 74 68 61 53 32 38 15 13 22 28 86 90 70 78 75 53 57 52 62 77 137 128 112 113 104 97 78 75 67 58 49 43 37 41 49 48 56
137 125 57 126 208 128 0 101 124 142 0 86 121 6 181 103 163 94 142 175 112 47 137 184 104 94 204 125 160 104 180 66 102 5 128 210 131 87 142 209 119 137 162 103 159 135 116 107 78 162 149 210 121 73 104 152 60 129 208 161 48 129 100 59 130 127 81 90 100 97 118 124 109 104 65 50 73 70 67 93 116 110 123 137 85 84 69 61 41 33 51 57 67 76 85 91 97 100 98 89 78
128 171 81 127 279 172 101 0 162 178 101 58 160 98 253 2 254 162 179 246 116 106 167 256 150 123 276 125 232 173 166 107 193 102 165 282 167 23 179 281 120 161 234 76 230 165 207 175 31 253 135 282 160 45 195 173 68 174 279 233 116 166 128 106 121 123 112 121 142 137 157 162 152 148 102 110 113 104 112 123 129 130 128 128 36 44 63 75 102 112 126 124 127 134 134 140 153 157 154 146 140
65 13 105 53 195 12 124 162 0 23 124 111 5 131 169 163 234 194 23 163 55 173 23 172 21 40 192 54 148 205 81 70 165 130 4 198 12 147 23 197 56 34 150 93 146 29 190 48 132 233 66 198 5 137 167 33 168 14 195 149 164 7 41 77 62 56 50 42 24 29 6 1 16 22 76 81 59 67 65 43 46 40 50 65 127 118 101 103 99 92 74 67 58 49 41 35 34 41 45 45 52
50 35 122 44 217 30 142 178 23 0 142 118 27 149 191 180 252 212 9 185 59 191 21 194 43 57 214 46 170 223 57 87 187 148 22 220 10 164 9 219 61 15 172 96 168 16 211 70 149 251 45 220 27 154 189 13 185 30 217 171 182 19 52 94 53 48 67 59 46 47 28 22 38 43 93 96 76 84 82 59 47 48 46 50 144 135 118 119 116 110 92 85 77 67 60 54 55 63 66 66 74
137 125 57 126 208 128 0 101 124 142 0 86 121 6 181 103 163 94 142 175 112 47 137 184 104 94 204 125 160 104 180 66 102 5 128 210 131 87 142 209 119 137 162 103 159 135 116 107 78 162 149 210 121 73 104 152 60 129 208 161 48 129 100 59 130 127 81 90 100 97 118 124 109 104 65 50 73 70 67 93 116 110 123 137 85 84 69 61 41 33 51 57 67 76 85 91 97 100 98 89 78
74 121 32 72 229 121 86 58 111 118 86 0 110 81 202 60 205 165 128 196 61 112 111 205 100 73 225 70 181 176 111 56 144 91 114 231 113 44 128 230 65 106 183 22 180 109 158 124 30 204 80 231 110 37 146 118 72 123 229 182 122 116 77 56 66 68 61 70 92 86 107 111 102 98 51 59 63 53 61 72 74 74 73 74 27 18 14 26 53 63 76 73 76 83 84 89 102 107 104 95 89
66 13 104 54 190 12 121 160 5 27 121 110 0 127 164 162 231 191 27 157 55 169 29 167 16 39 187 55 143 202 85 69 161 127 7 193 16 145 27 192 56 35 145 93 141 31 185 43 131 230 67 193 0 136 163 37 166 14 190 144 161 11 40 76 63 57 49 41 21 26 3 5 11 18 75 78 58 66 63 41 46 40 51 66 125 117 100 101 96 89 71 64 55 46 38 31 29 36 40 40 47
144 131 63 132 214 135 6 98 131 149 6 81 127 0 188 100 171 88 149 182 118 43 144 191 111 100 211 131 167 99 187 73 109 4 134 156 138 83 149 216 125 143 169 99 165 141 123 114 75 170 155 156 127 69 111 159 57 136 214 168 44 136 107 66 136 133 88 97 107 104 125 131 115 110 72 57 80 77 73 100 122 116 129 144 82 82 67 68 47 39 57 64 74 82 91 98 103 107 104 95 85
200 160 179 188 103 164 181 253 169 191 181 202 164 188 0 254 206 249 189 9 176 228 192 79 145 154 99 188 55 260 247 148 159 187 169 105 181 238 189 104 183 191 21 199 23 186 143 123 224 209 211 105 164 228 161 199 235 165 103 31 219 173 161 148 194 189 148 151 146 148 164 170 150 145 152 147 144 148 142 154 175 169 186 200 218 209 192 183 160 153 134 131 126 130 139 148 132 127 121 125 128
130 173 82 129 281 174 103 2 163 180 103 60 162 100 254 0 256 164 181 248 118 107 169 257 152 125 278 126 234 175 167 108 195 103 167 284 169 25 181 282 122 163 236 78 232 167 209 176 33 255 137 284 162 47 197 174 70 176 281 234 118 168 130 108 122 125 114 122 144 139 159 164 154 150 104 112 115 106 113 125 131 131 130 130 38 46 65 77 104 114 128 126 129 136 136 142 155 159 156 147 142
247 237 177 236 143 241 163 254 234 252 163 205 231 171 206 256 0 161 253 200 222 208 247 162 214 204 140 235 153 128 291 177 80 171 238 101 241 240 253 144 229 247 188 222 184 245 64 200 225 4 259 101 231 228 82 262 217 242 143 186 177 239 210 170 240 237 192 201 210 207 228 235 219 214 176 160 183 181 177 204 226 220 233 247 220 211 195 181 153 143 161 168 178 186 195 201 206 201 195 197 188
207 195 136 196 276 199 94 162 194 212 94 165 191 88 249 164 161 0 213 243 182 72 207 252 174 164 273 195 229 56 251 137 169 94 198 214 201 147 213 277 189 207 231 182 227 205 182 175 139 164 219 214 191 133 171 222 103 200 276 229 49 199 170 130 200 197 152 161 170 167 188 195 179 174 136 120 143 141 137 164 186 180 193 207 146 148 153 141 113 103 121 128 138 146 155 161 167 171 168 159 148
60 33 122 54 215 29 142 179 23 9 142 128 27 149 189 181 253 213 0 183 65 191 24 192 43 58 212 56 168 223 63 88 187 148 20 218 11 164 0 217 66 22 170 102 166 19 211 68 150 252 51 218 27 154 189 15 185 29 215 169 183 17 53 94 63 58 68 60 46 47 28 23 38 43 93 96 76 85 82 60 51 49 54 60 144 135 118 120 116 111 92 85 77 68 60 55 55 63 67 66 74
194 154 173 182 96 158 175 246 163 185 175 196 157 182 9 248 200 243 183 0 170 221 186 73 139 148 93 181 49 254 241 142 153 181 162 99 175 232 183 98 177 185 15 193 17 180 137 117 217 203 205 99 157 222 155 193 229 158 96 25 213 167 155 142 188 183 141 145 140 142 158 163 143 138 146 141 138 141 136 148 169 163 179 194 212 203 186 177 153 146 128 125 120 124 133 142 126 120 115 119 122
27 67 69 20 203 66 112 116 55 59 112 61 55 118 176 118 222 182 65 170 0 160 52 179 54 27 200 19 156 193 81 48 167 117 58 206 54 101 65 204 7 45 158 39 154 50 174 85 87 221 39 206 55 95 169 59 129 68 203 156 152 59 23 55 18 17 33 27 49 43 52 55 52 56 51 62 39 44 46 27 15 15 17 27 85 76 65 67 73 80 68 62 55 47 43 45 59 67 64 55 54
186 173 108 174 254 177 47 106 173 191 47 112 169 43 228 107 208 72 191 221 160 0 186 231 153 142 251 173 207 82 229 115 147 47 176 194 180 91 191 255 167 185 209 130 205 183 161 154 83 207 197 194 169 77 149 201 47 178 254 208 22 178 149 108 178 175 130 139 149 146 167 173 157 152 114 99 122 119 115 142 164 158 171 186 90 92 97 112 92 81 99 106 116 124 133 140 145 149 146 137 127
49 36 111 40 219 31 137 167 23 21 137 111 29 144 192 169 247 207 24 186 52 186 0 195 42 44 216 43 172 218 65 77 186 143 23 222 13 153 24 220 53 15 174 90 170 9 200 71 138 246 46 222 29 143 188 29 174 31 219 172 177 19 40 83 52 44 57 47 44 45 30 23 37 42 82 88 66 74 72 46 38 37 41 49 133 124 107 108 105 105 87 80 75 65 58 52 54 62 66 66 71
203 163 182 191 58 167 184 256 172 194 184 205 167 191 79 257 162 252 192 73 179 231 195 0 148 157 55 191 27 263 250 151 115 190 172 61 184 241 192 59 186 194 60 202 56 189 99 126 227 164 214 61 167 231 117 202 238 168 58 59 222 176 164 151 197 192 151 154 149 151 167 172 153 148 155 150 147 151 145 157 178 172 189 203 221 212 195 186 163 156 137 134 129 133 142 151 135 129 124 128 131
67 23 94 54 171 27 104 150 21 43 104 100 16 111 145 152 214 174 43 139 54 153 42 148 0 29 168 54 124 185 96 61 145 110 23 174 32 135 43 173 55 47 126 90 122 42 169 36 121 213 74 174 16 125 147 53 151 29 171 125 144 27 34 67 62 56 39 31 7 14 15 22 5 1 66 66 49 58 54 31 45 40 51 67 115 106 90 91 79 72 53 50 41 33 24 17 13 20 24 24 31
43 50 67 32 180 51 94 123 40 57 94 73 39 100 154 125 204 164 58 148 27 142 44 157 29 0 177 31 133 175 88 33 144 99 44 183 46 109 58 182 34 44 135 61 131 42 156 57 94 203 55 183 39 99 146 59 130 53 180 134 134 45 8 40 39 33 13 3 21 16 36 41 31 27 39 44 23 30 28 2 22 17 29 43 89 80 63 64 61 62 47 40 33 25 21 18 32 39 42 33 32
223 183 203 212 23 187 204 276 192 214 204 225 187 211 99 278 140 273 212 93 200 251 216 55 168 177 0 211 47 220 270 172 93 210 192 39 204 261 212 23 207 214 81 222 77 210 77 146 247 143 235 39 187 251 95 222 258 188 22 79 243 196 184 171 218 213 171 175 169 172 188 193 173 168 176 170 167 171 165 177 198 192 209 223 241 232 216 207 183 176 157 154 150 153 163 171 156 150 144 148 151
13 67 86 2 214 66 125 125 54 46 125 70 55 131 188 126 235 195 56 181 19 173 43 191 54 31 211 0 167 206 64 64 178 130 57 217 47 110 56 215 19 34 169 48 165 39 188 90 96 234 24 217 55 103 180 46 138 68 214 168 165 54 23 71 8 2 44 33 51 45 52 55 52 55 68 76 54 61 59 32 11 15 4 13 93 84 82 84 90 93 80 73 66 58 55 52 67 72 75 67 65
179 139 159 168 50 143 160 232 148 170 160 181 143 167 55 234 153 229 168 49 156 207 172 27 124 133 47 167 0 239 226 128 106 166 148 53 160 217 168 51 163 170 37 178 33 166 91 102 203 156 191 53 143 207 108 178 214 144 50 35 199 152 140 127 174 169 127 131 125 127 144 149 129 124 132 126 123 127 121 133 154 148 165 179 197 188 172 163 139 132 113 110 106 109 119 127 112 106 100 104 107
218 206 147 206 224 209 104 173 205 223 104 176 202 99 260 175 128 56 223 254 193 82 218 263 185 175 220 206 239 0 261 147 179 104 209 182 212 158 223 225 199 218 241 193 237 216 192 186 150 131 230 182 202 144 181 233 114 210 224 240 60 210 181 140 210 208 162 171 181 178 199 205 190 185 146 131 154 151 148 174 197 191 204 218 157 159 164 151 124 114 132 138 148 157 166 172 177 181 179 170 159
58 91 138 63 274 87 180 166 81 57 180 111 85 187 247 167 291 251 63 241 81 229 65 250 96 88 270 64 226 261 0 120 231 186 78 276 68 151 63 275 81 52 228 89 224 58 243 126 137 290 46 276 85 144 233 50 179 87 274 227 221 75 80 126 64 64 100 90 95 95 87 81 94 97 125 131 110 117 115 89 67 73 65 58 134 125 121 132 148 149 134 127 120 112 107 102 109 116 120 117 119
75 80 38 65 175 81 66 107 70 87 66 56 69 73 148 108 177 137 88 142 48 115 77 151 61 33 172 64 128 147 120 0 115 72 74 178 76 92 88 176 55 76 130 57 126 74 129 77 78 176 87 178 69 82 117 91 94 83 175 128 107 75 40 8 66 65 20 30 51 47 66 71 63 57 7 16 12 4 9 33 55 49 62 75 72 63 46 41 29 34 25 22 23 31 38 44 57 60 57 48 36
190 163 115 179 96 167 102 193 165 187 102 144 161 109 159 195 80 169 187 153 167 147 186 115 145 144 93 178 106 179 231 115 0 110 171 63 176 178 187 97 174 191 141 161 137 186 30 126 164 77 202 63 161 167 4 197 156 167 96 139 139 176 151 108 185 180 131 142 145 143 159 166 149 144 114 99 122 119 116 144 166 160 176 190 158 149 133 120 92 82 100 106 112 121 131 137 132 126 120 123 117
143 130 63 131 213 134 5 102 130 148 5 91 127 4 187 103 171 94 148 181 117 47 143 190 110 99 210 130 166 104 186 72 110 0 133 216 137 87 148 215 124 142 168 108 164 140 123 113 79 170 154 216 127 73 112 158 60 135 213 167 48 135 106 65 135 132 87 96 106 103 124 130 114 109 71 56 79 76 72 99 121 115 129 143 86 85 70 67 46 38 56 63 73 82 90 97 102 106 103 94 84
67 12 109 55 195 11 128 165 4 22 128 114 7 134 169 167 238 198 20 162 58 176 23 172 23 44 192 57 148 209 78 74 171 133 0 198 12 150 20 197 59 35 150 96 146 28 196 48 136 237 66 198 7 140 173 30 171 12 195 149 168 4 45 80 65 59 54 46 28 33 10 3 18 25 79 82 63 71 68 46 47 44 53 67 130 121 105 106 103 96 77 70 62 53 45 38 35 43 47 46 54
229 189 209 218 42 193 210 282 198 220 210 231 193 156 105 284 101 214 218 99 206 194 222 61 174 183 39 217 53 182 276 178 63 216 198 0 210 267 218 43 213 220 87 228 83 216 47 152 253 104 241 0 193 257 65 228 264 194 42 85 185 202 190 177 224 219 177 181 175 177 194 199 179 174 182 176 173 177 171 183 204 198 215 229 247 238 222 213 189 182 163 160 156 159 169 177 162 156 150 154 157
57 25 111 46 207 20 131 167 12 10 131 113 16 138 181 169 241 201 11 175 54 180 13 184 32 46 204 47 160 212 68 76 176 137 12 210 0 153 11 209 55 23 162 91 158 18 200 60 138 240 55 210 16 143 178 20 174 21 207 161 171 9 42 83 55 49 56 48 35 36 17 11 27 32 82 85 65 73 71 48 41 39 43 57 133 124 107 109 105 99 81 74 66 57 49 43 44 52 55 55 63
114 156 66 112 264 157 87 23 147 164 87 44 145 83 238 25 240 147 164 232 101 91 153 241 135 109 261 110 217 158 151 92 178 87 150 267 153 0 164 266 105 147 219 62 215 150 192 160 17 239 120 267 145 30 180 158 53 159 264 218 102 151 113 92 106 108 97 106 128 122 143 147 137 134 87 95 99 89 97 108 114 115 113 114 21 29 48 61 87 97 112 109 112 119 119 125 138 142 140 131 125
60 33 122 54 215 29 142 179 23 9 142 128 27 149 189 181 253 213 0 183 65 191 24 192 43 58 212 56 168 223 63 88 187 148 20 218 11 164 0 217 66 22 170 102 166 19 211 68 150 252 51 218 27 154 189 15 185 29 215 169 183 17 53 94 63 58 68 60 46 47 28 23 38 43 93 96 76 85 82 60 51 49 54 60 144 135 118 120 116 111 92 85 77 68 60 55 55 63 67 66 74
228 188 207 216 3 192 209 281 197 219 209 230 192 216 104 282 144 277 217 98 204 255 220 59 173 182 23 215 51 225 275 176 97 215 197 43 209 266 217 0 211 219 85 227 81 214 81 151 251 147 239 43 192 256 99 227 263 193 2 84 247 201 189 176 222 217 175 179 174 176 192 197 177 172 180 175 172 175 170 182 203 197 213 228 246 237 220 211 188 180 162 159 154 158 167 176 160 154 149 153 156
27 68 76 21 210 67 119 120 56 61 119 65 56 125 183 122 229 189 66 177 7 167 53 186 55 34 207 19 163 199 81 55 174 124 59 213 55 105 66 211 0 47 165 43 161 51 181 91 91 228 39 213 56 99 176 60 133 69 210 163 159 60 24 62 18 17 40 34 51 45 53 56 53 57 58 68 46 51 53 34 16 16 18 27 89 80 72 74 80 87 75 69 62 54 50 51 65 72 71 62 61
38 47 105 32 218 42 137 161 34 15 137 106 35 143 191 163 247 207 22 185 45 185 15 194 47 44 214 34 170 218 52 76 191 142 35 220 23 147 22 219 47 0 172 84 169 8 199 78 132 246 35 220 35 137 193 15 168 42 218 171 177 30 36 83 41 36 56 47 48 48 35 35 42 47 82 87 66 73 71 46 32 33 33 38 127 118 101 103 104 105 89 82 75 67 61 55 59 67 70 70 74
181 141 160 170 84 145 162 234 150 172 162 183 145 169 21 236 188 231 170 15 158 209 174 60 126 135 81 169 37 241 228 130 141 168 150 87 162 219 170 85 165 172 0 180 4 168 125 104 205 190 193 87 145 209 142 180 216 146 84 11 201 154 142 129 176 171 129 133 127 129 146 151 131 126 134 128 125 129 123 135 156 150 167 181 199 190 174 165 141 134 115 112 108 111 121 129 114 108 102 106 109
52 105 48 50 225 104 103 76 93 96 103 22 93 99 199 78 222 182 102 193 39 130 90 202 90 61 222 48 178 193 89 57 161 108 96 228 91 62 102 227 43 84 180 0 176 87 175 118 48 221 59 228 93 55 163 96 90 106 225 179 139 97 59 64 44 47 57 60 82 77 90 93 90 88 55 72 59 52 58 61 53 53 52 52 45 36 32 43 70 80 79 75 74 76 77 79 93 100 98 89 83
177 137 157 166 80 141 159 230 146 168 159 180 141 165 23 232 184 227 166 17 154 205 170 56 122 131 77 165 33 237 224 126 137 164 146 83 158 215 166 81 161 169 4 176 0 164 121 100 201 187 189 83 141 205 139 177 212 142 80 11 197 150 138 126 172 167 125 129 123 126 142 147 127 122 130 124 122 125 119 131 152 147 163 177 195 186 170 161 137 130 111 108 104 107 117 125 110 104 98 102 105
43 40 109 37 213 36 135 165 29 16 135 109 31 141 186 167 245 205 19 180 50 183 9 189 42 42 210 39 166 216 58 74 186 140 28 216 18 150 19 214 51 8 168 87 164 0 198 73 136 244 41 216 31 141 188 22 171 36 213 166 175 24 38 81 46 41 54 45 44 45 30 27 37 42 80 86 64 71 70 44 35 34 38 43 130 122 105 106 103 103 85 78 71 63 58 52 54 62 66 65 70
200 187 129 188 80 191 116 207 190 211 116 158 185 123 143 209 64 182 211 137 174 161 200 99 169 156 77 188 91 192 243 129 30 123 196 47 200 192 211 81 181 199 125 175 121 198 0 150 178 61 211 47 185 181 32 221 170 192 80 123 152 200 163 122 192 190 144 153 169 160 184 190 173 168 128 113 136 133 129 156 178 172 186 200 172 163 147 133 106 96 114 120 130 139 148 154 156 150 145 147 141
102 39 113 89 149 43 107 175 48 70 107 124 43 114 123 176 200 175 68 117 85 154 71 126 36 57 146 90 102 186 126 77 126 113 48 152 60 160 68 151 91 78 104 118 100 73 150 0 145 197 109 152 43 150 128 78 164 44 149 103 145 52 67 81 98 92 61 59 41 45 43 48 39 35 82 80 66 75 70 60 80 75 87 102 140 131 114 115 93 86 67 64 55 46 48 41 26 18 21 29 35
99 142 51 98 250 143 78 31 132 149 78 30 131 75 224 33 225 139 150 217 87 83 138 227 121 94 247 96 203 150 137 78 164 79 136 253 138 17 150 251 91 132 205 48 201 136 178 145 0 224 106 253 131 14 166 144 45 145 250 204 93 137 99 77 92 94 83 92 113 108 128 133 123 119 73 81 84 75 83 94 100 100 99 99 7 15 34 46 73 83 97 95 98 105 105 111 124 128 125 116 111
246 234 176 235 146 238 162 253 233 251 162 204 230 170 209 255 4 164 252 203 221 207 246 164 213 203 143 234 156 131 290 176 77 170 237 104 240 239 252 147 228 246 190 221 187 244 61 197 224 0 258 104 230 227 79 261 216 239 146 189 180 238 209 169 239 236 191 200 209 206 227 234 218 213 175 159 182 180 176 203 225 219 232 246 219 210 194 180 152 142 160 167 177 185 194 200 203 198 192 194 189
12 79 103 24 238 74 149 135 66 45 149 80 67 155 211 137 259 219 51 205 39 197 46 214 74 55 235 24 191 230 46 87 202 154 66 241 55 120 51 239 39 35 193 59 189 41 211 109 106 258 0 241 67 114 204 39 148 74 238 191 189 62 47 93 20 25 68 57 72 69 67 66 71 74 90 99 78 83 83 56 32 39 26 12 104 95 91 98 110 117 104 97 90 82 78 76 86 94 98 90 89
229 189 209 218 42 193 210 282 198 220 210 231 193 156 105 284 101 214 218 99 206 194 222 61 174 183 39 217 53 182 276 178 63 216 198 0 210 267 218 43 213 220 87 228 83 216 47 152 253 104 241 0 193 257 65 228 264 194 42 85 185 202 190 177 224 219 177 181 175 177 194 199 179 174 182 176 173 177 171 183 204 198 215 229 247 238 222 213 189 182 163 160 156 159 169 177 162 156 150 154 157
66 13 104 54 190 12 121 160 5 27 121 110 0 127 164 162 231 191 27 157 55 169 29 167 16 39 187 55 143 202 85 69 161 127 7 193 16 145 27 192 56 35 145 93 141 31 185 43 131 230 67 193 0 136 163 37 166 14 190 144 161 11 40 76 63 57 49 41 21 26 3 5 11 18 75 78 58 66 63 41 46 40 51 66 125 117 100 101 96 89 71 64 55 46 38 31 29 36 40 40 47
107 146 55 106 254 147 73 45 137 154 73 37 136 69 228 47 228 133 154 222 95 77 143 231 125 99 251 103 207 144 144 82 167 73 140 257 143 30 154 256 99 137 209 55 205 141 181 150 14 227 114 257 136 0 169 151 39 149 254 208 88 141 103 82 99 102 87 96 118 112 133 137 127 124 77 85 89 79 87 98 108 105 107 107 17 20 37 49 76 86 102 99 102 109 109 115 128 132 130 121 115
192 165 117 181 98 169 104 195 167 189 104 146 163 111 161 197 82 171 189 155 169 149 188 117 147 146 95 180 108 181 233 117 4 112 173 65 178 180 189 99 176 193 142 163 139 188 32 128 166 79 204 65 163 169 0 199 158 169 98 141 141 178 153 110 187 182 133 144 147 145 161 168 151 146 116 101 124 121 118 146 168 162 178 192 160 151 135 121 94 84 102 108 114 123 133 139 134 128 122 125 119
50 43 121 44 226 39 152 173 33 13 152 118 37 159 199 174 262 222 15 193 59 201 29 202 53 59 222 46 178 233 50 91 197 158 30 228 20 158 15 227 60 15 180 96 177 22 221 78 144 261 39 228 37 151 199 0 183 39 226 179 192 27 51 98 53 48 71 62 55 57 38 33 48 53 97 103 81 88 86 61 46 48 46 50 141 132 116 118 120 120 102 95 87 77 70 64 65 73 76 76 84
142 171 77 140 261 178 60 68 168 185 60 72 166 57 235 70 217 103 185 229 129 47 174 238 151 130 258 138 214 114 179 94 156 60 171 264 174 53 185 263 133 168 216 90 212 171 170 164 45 216 148 264 166 39 158 183 0 180 261 215 57 172 134 89 134 136 113 127 144 139 164 168 158 150 92 91 105 98 101 129 143 136 141 142 52 54 67 71 73 80 97 104 114 123 131 138 143 147 144 135 125
76 7 118 66 191 2 129 174 14 30 129 123 14 136 165 176 242 200 29 158 68 178 31 168 29 53 188 68 144 210 87 83 167 135 12 194 21 159 29 193 69 42 146 106 142 36 192 44 145 239 74 194 14 149 169 39 180 0 191 145 170 13 54 89 76 70 63 55 34 40 17 13 24 30 88 92 72 80 77 55 59 53 64 76 139 130 114 115 105 98 79 77 69 60 51 45 38 42 50 49 57
226 186 206 215 1 190 208 279 195 217 208 229 190 214 103 281 143 276 215 96 203 254 219 58 171 180 22 214 50 224 274 175 96 213 195 42 207 264 215 2 210 218 84 225 80 213 80 149 250 146 238 42 190 254 98 226 261 191 0 83 246 199 187 175 221 216 174 178 172 175 191 196 176 171 179 173 171 174 168 180 202 196 212 226 244 235 219 210 186 179 160 157 153 157 166 174 159 153 147 151 155
180 140 159 168 83 144 161 233 149 171 161 182 144 168 31 234 186 229 169 25 156 208 172 59 125 134 79 168 35 240 227 128 139 167 149 85 161 218 169 84 163 171 11 179 11 166 123 103 204 189 191 85 144 208 141 179 215 145 83 0 199 153 141 128 174 169 128 131 126 128 144 149 130 124 132 127 124 128 122 134 155 149 166 180 198 189 172 163 140 133 114 111 106 110 119 128 112 106 101 105 108
177 165 100 166 246 169 48 116 164 182 48 122 161 44 219 118 177 49 183 213 152 22 177 222 144 134 243 165 199 60 221 107 139 48 168 185 171 102 183 247 159 177 201 139 197 175 152 145 93 180 189 185 161 88 141 192 57 170 246 199 0 169 140 100 170 167 122 131 140 137 158 165 149 144 106 90 113 111 107 134 156 150 163 177 100 102 107 104 83 73 91 98 108 116 125 131 137 141 138 129 118
64 17 110 52 199 12 129 166 7 19 129 116 11 136 173 168 239 199 17 167 59 178 19 176 27 45 196 54 152 210 75 75 176 135 4 202 9 151 17 201 60 30 154 97 150 24 200 52 137 238 62 202 11 141 178 27 172 13 199 153 169 0 45 81 62 56 55 47 30 34 12 7 22 28 80 83 64 72 69 47 47 44 50 64 131 122 106 107 103 97 79 72 63 54 47 38 40 47 51 51 58
36 51 72 24 187 52 100 128 41 52 100 77 40 107 161 130 210 170 53 155 23 149 40 164 34 8 184 23 140 181 80 40 151 106 45 190 42 113 53 189 24 36 142 59 138 38 163 67 99 209 47 190 40 103 153 51 134 54 187 141 140 45 0 46 31 25 20 10 26 21 37 42 35 32 45 51 29 37 35 9 15 9 21 36 93 84 68 69 68 68 53 47 40 32 28 26 40 47 49 40 38
82 86 33 71 175 87 59 106 77 94 59 56 76 66 148 108 170 130 94 142 55 108 83 151 67 40 171 71 127 140 126 8 108 65 80 177 83 92 94 176 62 83 129 64 126 81 122 81 77 169 93 177 76 82 110 98 89 89 175 128 100 81 46 0 73 72 27 36 58 53 73 77 69 64 8 10 19 12 14 39 62 56 69 82 72 63 46 37 24 28 22 19 27 35 44 50 60 64 61 52 42
9 75 83 10 221 74 130 121 62 53 130 66 63 136 194 122 240 200 63 188 18 178 52 197 62 39 218 8 174 210 64 66 185 135 65 224 55 106 63 222 18 41 176 44 172 46 192 98 92 239 20 224 63 99 187 53 134 76 221 174 170 62 31 73 0 6 51 45 58 53 60 62 60 63 69 80 57 62 64 40 18 23 12 9 89 80 76 78 91 98 86 80 73 65 61 60 75 79 82 73 72
13 69 86 4 216 68 127 123 56 48 127 68 57 133 189 125 237 197 58 183 17 175 44 192 56 33 213 2 169 208 64 65 180 132 59 219 49 108 58 217 17 36 171 47 167 41 190 92 94 236 25 219 57 102 182 48 136 70 216 169 167 56 25 72 6 0 46 35 52 47 54 56 54 57 68 77 56 61 61 34 12 17 6 13 92 83 82 84 90 95 82 75 68 60 56 54 69 73 77 68 67
56 60 57 45 174 61 81 112 50 67 81 61 49 88 148 114 192 152 68 141 33 130 57 151 39 13 171 44 127 162 100 20 131 87 54 177 56 97 68 175 40 56 129 57 125 54 144 61 83 191 68 177 49 87 133 71 113 63 174 128 122 55 20 27 51 46 0 10 31 27 46 51 41 37 26 32 9 17 16 13 35 29 42 56 77 68 51 53 48 50 37 31 24 21 20 26 40 44 41 32 27
45 52 64 34 178 53 90 121 42 59 90 70 41 97 151 122 201 161 60 145 27 139 47 154 31 3 175 33 131 171 90 30 142 96 46 181 48 106 60 179 34 47 133 60 129 45 153 59 92 200 57 181 41 96 144 62 127 55 178 131 131 47 10 36 45 35 10 0 23 18 38 43 33 29 35 41 19 27 25 3 24 18 31 45 86 77 60 62 58 58 44 37 30 22 18 20 34 42 39 30 29
63 32 88 51 172 32 100 142 24 46 100 92 21 107 146 144 210 170 46 140 49 149 44 149 7 21 169 51 125 181 95 51 145 106 28 175 35 128 46 174 51 48 127 82 123 44 169 41 113 209 72 175 21 118 147 55 144 34 172 126 140 30 26 58 58 52 31 23 0 5 18 25 11 6 57 57 40 49 45 23 42 36 49 63 108 99 82 84 75 68 50 43 34 25 18 9 13 20 25 23 29
57 37 84 46 175 38 97 137 29 47 97 86 26 104 148 139 207 167 47 142 43 146 45 151 14 16 172 45 127 178 95 47 143 103 33 177 36 122 47 176 45 48 129 77 126 45 160 45 108 206 69 177 26 112 145 57 139 40 175 128 137 34 21 53 53 47 27 18 5 0 23 29 16 10 52 55 35 44 40 18 36 30 43 57 102 93 76 78 72 65 47 40 32 23 15 9 16 23 27 25 28
65 14 101 52 191 15 118 157 6 28 118 107 3 125 164 159 228 188 28 158 52 167 30 167 15 36 188 52 144 199 87 66 159 124 10 194 17 143 28 192 53 35 146 90 142 30 184 43 128 227 67 194 3 133 161 38 164 17 191 144 158 12 37 73 60 54 46 38 18 23 0 7 10 16 72 75 55 63 61 39 43 38 49 65 123 114 97 99 93 86 68 61 52 43 35 29 28 35 39 39 46
65 14 106 53 196 13 124 162 1 22 124 111 5 131 170 164 235 195 23 163 55 173 23 172 22 41 193 55 149 205 81 71 166 130 3 199 11 147 23 197 56 35 151 93 147 27 190 48 133 234 66 199 5 137 168 33 168 13 196 149 165 7 42 77 62 56 51 43 25 29 7 0 17 22 76 79 60 68 65 43 46 41 51 65 127 118 101 103 99 93 74 67 59 50 42 35 34 42 45 45 53
64 22 96 51 176 22 109 152 16 38 109 102 11 115 150 154 219 179 38 143 52 157 37 153 5 31 173 52 129 190 94 63 149 114 18 179 27 137 38 177 53 42 131 90 127 37 173 39 123 218 71 179 11 127 151 48 158 24 176 130 149 22 35 69 60 54 41 33 11 16 10 17 0 6 68 68 51 60 56 33 43 37 49 64 117 108 92 93 84 77 58 54 45 36 28 21 17 25 29 29 36
67 24 94 54 171 28 104 148 22 43 104 98 18 110 145 150 214 174 43 138 56 152 42 148 1 27 168 55 124 185 97 57 144 109 25 174 32 134 43 172 57 47 126 88 122 42 168 35 119 213 74 174 18 124 146 53 150 30 171 124 144 28 32 64 63 57 37 29 6 10 16 22 6 0 63 64 46 54 51 30 45 42 52 67 114 105 88 90 79 72 53 50 41 32 23 16 12 20 24 23 31
78 85 33 69 179 86 65 102 76 93 65 51 75 72 152 104 176 136 93 146 51 114 82 155 66 39 176 68 132 146 125 7 114 71 79 182 82 87 93 180 58 82 134 55 130 80 128 82 73 175 90 182 75 77 116 97 92 88 179 132 106 80 45 8 69 68 26 35 57 52 72 76 68 63 0 17 18 8 14 38 61 55 66 78 67 58 41 36 28 33 26 24 28 37 43 49 61 65 62 53 42
88 89 35 76 173 90 50 110 81 96 50 59 78 57 147 112 160 120 96 141 62 99 88 150 66 44 170 76 126 131 131 16 99 56 82 176 85 95 96 175 68 87 128 72 124 86 113 80 81 159 99 176 78 85 101 103 91 92 173 127 90 83 51 10 80 77 32 41 57 55 75 79 68 64 17 0 24 20 17 44 66 60 74 88 75 66 50 39 21 18 20 18 26 34 42 48 59 63 60 51 40
66 72 49 55 171 70 73 113 59 76 73 63 58 80 144 115 183 143 76 138 39 122 66 147 49 23 167 54 123 154 110 12 122 79 63 173 65 99 76 172 46 66 125 59 122 64 136 66 84 182 78 173 58 89 124 81 105 72 171 124 113 64 29 19 57 56 9 19 40 35 55 60 51 46 18 24 0 9 7 22 45 39 52 66 79 70 53 51 41 41 29 24 18 20 26 32 45 49 46 37 30
71 77 40 62 174 78 70 104 67 84 70 53 66 77 148 106 181 141 85 141 44 119 74 151 58 30 171 61 127 151 117 4 119 76 71 177 73 89 85 175 51 73 129 52 125 71 133 75 75 180 83 177 66 79 121 88 98 80 174 128 111 72 37 12 62 61 17 27 49 44 63 68 60 54 8 20 9 0 7 30 52 46 59 71 69 60 44 41 34 39 29 26 23 30 35 41 54 58 55 46 39
71 77 46 60 168 75 67 112 65 82 67 61 63 73 142 113 177 137 82 136 46 115 72 145 54 28 165 59 121 148 115 9 116 72 68 171 71 97 82 170 53 71 123 58 119 70 129 70 83 176 83 171 63 87 118 86 101 77 168 122 107 69 35 14 64 61 16 25 45 40 61 65 56 51 14 17 7 7 0 28 50 44 57 71 77 68 51 49 37 35 22 19 17 25 32 38 49 53 50 41 34
44 52 67 33 180 53 93 123 43 59 93 72 41 100 154 125 204 164 60 148 27 142 46 157 31 2 177 32 133 174 89 33 144 99 46 183 48 108 60 182 34 46 135 61 131 44 156 60 94 203 56 183 41 98 146 61 129 55 180 134 134 47 9 39 40 34 13 3 23 18 39 43 33 30 38 44 22 30 28 0 23 17 30 44 88 79 63 64 61 61 46 39 33 24 21 20 34 41 42 33 31
21 58 80 8 202 57 116 129 46 47 116 74 46 122 175 131 226 186 51 169 15 164 38 178 45 22 198 11 154 197 67 55 166 121 47 204 41 114 51 203 16 32 156 53 152 35 178 80 100 225 32 204 46 108 168 46 143 59 202 155 156 47 15 62 18 12 35 24 42 36 43 46 43 45 61 66 45 52 50 23 0 6 6 21 98 89 76 78 84 84 68 61 54 46 42 43 57 65 63 54 53
27 53 74 16 196 52 110 130 40 48 110 74 40 116 169 131 220 180 49 163 15 158 37 172 40 17 192 15 148 191 73 49 160 115 44 198 39 115 49 197 16 33 150 53 147 34 172 75 100 219 39 198 40 105 162 48 136 53 196 149 150 44 9 56 23 17 29 18 36 30 38 41 37 42 55 60 39 46 44 17 6 0 13 27 95 86 69 71 78 78 62 55 48 40 36 37 50 57 57 48 47
15 63 84 2 212 62 123 128 50 46 123 73 51 129 186 130 233 193 54 179 17 171 41 189 51 29 209 4 165 204 65 62 176 129 53 215 43 113 54 213 18 33 167 52 163 38 186 87 99 232 26 215 51 107 178 46 141 64 212 166 163 50 21 69 12 6 42 31 49 43 49 51 49 52 66 74 52 59 57 30 6 13 0 15 97 88 80 82 88 91 78 71 64 56 53 50 64 70 73 65 63
0 78 92 12 226 77 137 128 65 50 137 74 66 144 200 130 247 207 60 194 27 186 49 203 67 43 223 13 179 218 58 75 190 143 67 229 57 114 60 228 27 38 181 52 177 43 200 102 99 246 12 229 66 107 192 50 142 76 226 180 177 64 36 82 9 13 56 45 63 57 65 65 64 67 78 88 66 71 71 44 21 27 15 0 97 88 84 86 100 105 92 85 79 70 67 64 79 84 88 79 77
97 136 46 96 244 137 85 36 127 144 85 27 125 82 218 38 220 146 144 212 85 90 133 221 115 89 241 93 197 157 134 72 158 86 130 247 133 21 144 246 89 127 199 45 195 130 172 140 7 219 104 247 125 17 160 141 52 139 244 198 100 131 93 72 89 92 77 86 108 102 123 127 117 114 67 75 79 69 77 88 98 95 97 97 0 9 28 41 67 77 92 89 92 99 99 105 118 122 120 111 105
88 127 37 87 235 128 84 44 118 135 84 18 117 82 209 46 211 148 135 203 76 92 124 212 106 80 232 84 188 159 125 63 149 85 121 238 124 29 135 237 80 118 190 36 186 122 163 131 15 210 95 238 117 20 151 132 54 130 235 189 102 122 84 63 80 83 68 77 99 93 114 118 108 105 58 66 70 60 68 79 89 86 88 88 9 0 20 32 58 69 83 80 83 90 90 96 109 114 111 102 96
84 111 21 83 219 112 69 63 101 118 69 14 100 67 192 65 195 153 118 186 65 97 107 195 90 63 216 82 172 164 121 46 133 70 105 222 107 48 118 220 72 101 174 32 170 105 147 114 34 194 91 222 100 37 135 116 67 114 219 172 107 106 68 46 76 82 51 60 82 76 97 101 92 88 41 50 53 44 51 63 76 69 80 84 28 20 0 16 42 53 66 64 67 73 74 79 93 97 94 85 79
86 112 7 85 210 113 61 75 103 119 61 26 101 68 183 77 181 141 120 177 67 112 108 186 91 64 207 84 163 151 132 41 120 67 106 213 109 61 120 211 74 103 165 43 161 106 133 115 46 180 98 213 101 49 121 118 71 115 210 163 104 107 69 37 78 84 53 62 84 78 99 103 93 90 36 39 51 41 49 64 78 71 82 86 41 32 16 0 28 39 53 55 63 71 75 81 94 98 95 86 77
100 100 24 91 186 104 41 102 99 116 41 53 96 47 160 104 153 113 116 153 73 92 105 163 79 61 183 90 139 124 148 29 92 46 103 189 105 87 116 188 80 104 141 70 137 103 106 93 73 152 110 189 96 76 94 120 73 105 186 140 83 103 68 24 91 90 48 58 75 72 93 99 84 79 28 21 41 34 37 61 84 78 88 100 67 58 42 28 0 11 26 32 42 51 60 66 72 76 73 64 53
105 93 34 94 179 97 33 112 92 110 33 63 89 39 153 114 143 103 111 146 80 81 105 156 72 62 176 93 132 114 149 34 82 38 96 182 99 97 111 180 87 105 134 80 130 103 96 86 83 142 117 182 89 86 84 120 80 98 179 133 73 97 68 28 98 95 50 58 68 65 86 93 77 72 33 18 41 39 35 61 84 78 91 105 77 69 53 39 11 0 19 25 35 44 53 59 65 69 66 57 46
92 74 49 81 160 78 51 126 74 92 51 76 71 57 134 128 161 121 92 128 68 99 87 137 53 47 157 80 113 132 134 25 100 56 77 163 81 112 92 162 75 89 115 79 111 85 114 67 97 160 104 163 71 102 102 102 97 79 160 114 91 79 53 22 86 82 37 44 50 47 68 74 58 53 26 20 29 29 22 46 68 62 78 92 92 83 66 53 26 19 0 7 15 23 34 41 46 50 47 38 27
85 75 50 74 157 75 57 124 67 85 57 73 64 64 131 126 168 128 85 125 62 106 80 134 50 40 154 73 110 138 127 22 106 63 70 160 74 109 85 159 69 82 112 75 108 78 120 64 95 167 97 160 64 99 108 95 104 77 157 111 98 72 47 19 80 75 31 37 43 40 61 67 54 50 24 18 24 26 19 39 61 55 71 85 89 80 64 55 32 25 7 0 10 19 27 34 43 47 44 35 24
79 66 59 67 153 67 67 127 58 77 67 76 55 74 126 129 178 138 77 120 55 116 75 129 41 33 150 66 106 148 120 23 112 73 62 156 66 112 77 154 62 75 108 74 104 71 130 55 98 177 90 156 55 102 114 87 114 69 153 106 108 63 40 27 73 68 24 30 34 32 52 59 45 41 28 26 18 23 17 33 54 48 64 79 92 83 67 63 42 35 15 10 0 9 19 25 34 38 35 26 15
70 53 67 59 157 58 76 134 49 67 76 83 46 82 130 136 186 146 68 124 47 124 65 133 33 25 153 58 109 157 112 31 121 82 53 159 57 119 68 158 54 67 111 76 107 63 139 46 105 185 82 159 46 109 123 77 123 60 157 110 116 54 32 35 65 60 21 22 25 23 43 50 36 32 37 34 20 30 25 24 46 40 56 70 99 90 73 71 51 44 23 19 9 0 10 16 25 29 26 17 10
67 49 75 55 166 49 85 134 41 60 85 84 38 91 139 136 195 155 60 133 43 133 58 142 24 21 163 55 119 166 107 38 131 90 45 169 49 119 60 167 50 61 121 77 117 58 148 48 105 194 78 169 38 109 133 70 131 51 166 119 125 47 28 44 61 56 20 18 18 15 35 42 28 23 43 42 26 35 32 21 42 36 53 67 99 90 74 75 60 53 34 27 19 10 0 9 22 30 27 18 16
64 42 81 53 174 43 91 140 35 54 91 89 31 98 148 142 201 161 55 142 45 140 52 151 17 18 171 52 127 172 102 44 137 97 38 177 43 125 55 176 51 55 129 79 125 52 154 41 111 200 76 177 31 115 139 64 138 45 174 128 131 38 26 50 60 54 26 20 9 9 29 35 21 16 49 48 32 41 38 20 43 37 50 64 105 96 79 81 66 59 41 34 25 16 9 0 15 22 27 25 22
79 34 91 66 159 37 97 153 34 55 97 102 29 103 132 155 206 167 55 126 59 145 54 135 13 32 156 67 112 177 109 57 132 102 35 162 44 138 55 160 65 59 114 93 110 54 156 26 124 203 86 162 29 128 134 65 143 38 159 112 137 40 40 60 75 69 40 34 13 16 28 34 17 12 61 59 45 54 49 34 57 50 64 79 118 109 93 94 72 65 46 43 34 25 22 15 0 8 12 15 24
84 38 95 72 153 41 100 157 41 63 100 107 36 107 127 159 201 171 63 120 67 149 62 129 20 39 150 72 106 181 116 60 126 106 43 156 52 142 63 154 72 67 108 100 104 62 150 18 128 198 94 156 36 132 128 73 147 42 153 106 141 47 47 64 79 73 44 42 20 23 35 42 25 20 65 63 49 58 53 41 65 57 70 84 122 114 97 98 76 69 50 47 38 29 30 22 8 0 6 14 20
88 45 92 76 147 49 98 154 45 66 98 104 40 104 121 156 195 168 67 115 64 146 66 124 24 42 144 75 100 179 120 57 120 103 47 150 55 140 67 149 71 70 102 98 98 66 145 21 125 192 98 150 40 130 122 76 144 50 147 101 138 51 49 61 82 77 41 39 25 27 39 45 29 24 62 60 46 55 50 42 63 57 73 88 120 111 94 95 73 66 47 44 35 26 27 27 12 6 0 8 14
79 45 83 67 151 48 89 146 45 66 89 95 40 95 125 147 197 159 66 119 55 137 66 128 24 33 148 67 104 170 117 48 123 94 46 154 55 131 66 153 62 70 106 89 102 65 147 29 116 194 90 154 40 121 125 76 135 49 151 105 129 51 40 52 73 68 32 30 23 25 39 45 29 23 53 51 37 46 41 33 54 48 65 79 111 102 85 86 64 57 38 35 26 17 18 25 15 14 8 0 7
77 52 73 66 155 56 78 140 52 74 78 89 47 85 128 142 188 148 74 122 54 127 71 131 31 32 151 65 107 159 119 36 117 84 54 157 63 125 74 156 61 74 109 83 105 70 141 35 111 189 89 157 47 115 119 84 125 57 155 108 118 58 38 42 72 67 27 29 29 28 46 53 36 31 42 40 30 39 34 31 53 47 63 77 105 96 79 77 53 46 27 24 15 10 16 22 24 20 14 7 0