0 80 196 86 229 219 33 20 196 32 200 28 164 55 191 82 177 99 163 39 187 211 70 224 128 188 93 71 229 136 41 148 56 196 54 57 174 36 176 56 195 59 220 143 60 34 225 85 186 196 102 6 207 88 199 214 82 206 81 93 225 64 36 82 9 13 56 45 63 57 65 65 64 67 78 88 66 71 71 44 21 27 15 0 97 88 84 86 100 105 92 85 79 70 67 64 79 84 88 79 77
80 0 137 102 170 160 55 71 163 73 140 70 94 27 137 134 145 28 178 43 133 181 35 165 161 128 122 62 170 104 63 116 69 137 124 25 114 46 144 24 136 22 190 110 53 92 185 114 127 137 24 86 175 15 140 182 134 173 112 122 196 37 45 68 75 69 47 42 18 23 28 32 18 13 69 67 53 61 57 42 58 53 64 80 126 117 100 102 80 72 54 51 41 33 30 23 8 11 15 19 28
196 137 0 189 102 92 183 183 234 201 6 197 154 150 153 228 215 123 248 158 153 154 165 97 249 8 210 144 102 177 191 186 199 69 226 149 30 169 215 145 10 149 163 181 185 201 158 202 22 0 119 202 245 117 5 252 228 244 200 210 168 169 157 144 191 186 144 148 142 144 160 166 146 141 149 143 140 144 138 150 171 165 182 196 214 205 188 180 156 149 130 127 123 126 135 144 128 123 117 121 124
86 102 189 0 222 213 94 77 125 110 193 103 111 77 132 50 110 120 92 70 131 158 111 218 65 181 27 46 223 75 106 86 125 190 63 79 167 78 117 78 189 91 168 84 120 56 173 18 180 189 116 87 155 96 192 162 50 154 18 27 173 108 69 47 78 84 53 62 84 78 99 103 94 90 45 50 55 46 53 65 78 71 82 86 31 22 5 16 43 53 67 64 68 75 76 81 95 99 96 87 81
229 170 102 222 0 10 216 216 204 234 105 231 86 184 61 261 185 156 218 191 60 61 198 40 282 93 243 177 45 210 224 156 232 70 259 182 79 202 184 179 101 183 70 151 218 235 65 235 92 102 152 235 214 150 105 180 261 205 233 243 75 202 190 177 224 219 177 181 175 177 194 199 179 174 182 176 173 177 171 183 204 198 215 229 247 238 222 213 189 182 163 160 156 159 169 177 162 156 150 154 157
219 160 92 213 10 0 206 206 258 224 96 221 87 174 62 251 239 146 272 181 61 62 188 30 272 84 233 168 35 200 214 210 222 60 249 172 70 192 238 169 91 173 71 205 209 225 66 225 82 92 142 226 269 141 95 190 251 215 224 233 76 192 180 168 214 209 167 171 165 168 184 189 169 164 172 166 164 167 161 173 195 189 205 219 237 229 212 203 179 172 153 150 146 150 159 167 152 146 140 144 148
33 55 183 94 216 206 0 33 187 22 187 19 154 35 180 102 168 72 181 27 176 201 40 211 152 175 113 65 216 127 17 139 36 183 87 35 161 16 167 40 183 35 211 134 35 54 216 105 173 183 76 40 198 66 186 205 102 197 103 113 216 33 27 74 35 29 47 38 41 41 34 33 40 43 73 78 57 64 62 37 21 22 23 33 117 108 92 94 96 96 81 74 67 59 53 48 55 62 66 63 66
20 71 183 77 216 206 33 0 181 43 187 35 149 47 169 70 162 90 152 30 174 196 66 211 117 175 81 55 216 122 46 133 62 183 54 49 161 27 161 48 183 51 205 128 64 22 210 73 173 183 93 26 192 75 186 199 70 191 70 81 210 62 27 65 11 11 44 37 54 48 56 59 55 58 61 72 49 54 56 38 14 19 13 20 85 77 75 77 83 90 79 73 66 58 54 54 68 75 75 66 65
196 163 234 125 204 258 187 181 0 204 238 199 135 161 155 158 21 168 68 160 155 182 189 263 131 226 112 129 268 66 199 58 215 235 184 160 212 171 23 156 234 167 191 57 202 176 197 121 225 234 164 202 62 157 237 69 158 50 123 112 196 188 159 119 189 186 141 149 159 156 177 184 168 163 124 109 132 130 126 152 175 169 182 196 115 117 122 123 102 92 110 116 126 135 144 150 156 160 157 148 137
32 73 201 110 234 224 22 43 204 0 205 10 171 53 197 108 185 91 197 43 192 218 49 229 154 193 119 81 234 144 19 156 25 201 77 53 179 32 184 58 200 53 227 151 31 60 233 111 191 201 94 30 215 84 204 222 108 213 107 119 233 43 44 90 35 35 64 54 59 59 53 49 58 61 90 95 74 81 79 53 35 39 34 32 123 114 108 110 112 113 98 91 84 76 71 66 73 80 84 81 83
200 140 6 193 105 96 187 187 238 205 0 201 158 154 157 232 219 127 252 162 157 157 169 101 253 12 214 148 106 181 194 190 203 73 230 152 34 172 218 149 8 153 166 185 189 205 161 206 26 6 123 206 249 121 3 256 232 248 204 214 172 173 161 148 194 189 148 151 146 148 164 170 150 145 152 147 144 148 142 154 175 169 186 200 218 209 192 183 160 153 134 131 126 130 139 148 132 127 121 125 128
28 70 197 103 231 221 19 35 199 10 201 0 166 50 191 104 180 88 190 38 187 213 51 226 151 189 116 76 231 139 17 151 32 198 76 50 175 27 179 54 197 50 222 145 35 56 228 108 188 197 92 29 210 80 201 217 104 208 104 116 227 44 39 85 31 28 59 49 55 54 50 49 54 57 84 90 68 76 74 48 26 32 25 28 120 111 101 103 107 108 92 86 79 71 66 62 69 77 81 78 77
164 94 154 111 86 87 154 149 135 171 158 166 0 129 37 154 116 88 149 128 37 75 130 117 171 146 132 97 122 79 166 87 159 155 168 128 132 139 115 124 154 111 84 82 146 143 79 124 145 154 84 170 146 79 157 153 154 145 124 132 83 134 127 86 156 153 108 117 104 124 118 124 108 103 92 77 100 97 93 120 142 136 149 164 136 127 111 97 70 59 77 84 94 103 111 118 90 85 79 81 76
55 27 150 77 184 174 35 47 161 53 154 50 129 0 149 108 142 52 164 17 145 176 34 179 136 142 97 42 184 101 46 113 56 151 100 2 128 22 141 6 150 13 185 108 43 67 190 89 141 150 49 62 172 32 154 179 108 171 87 97 190 30 19 51 51 45 24 17 9 6 22 26 17 14 50 53 33 42 39 17 34 28 41 55 101 92 75 77 73 70 52 45 36 27 20 14 22 29 34 31 33
191 137 153 132 61 62 180 169 155 197 157 191 37 149 0 175 137 130 169 153 4 49 172 92 191 145 152 117 97 100 195 107 201 121 188 148 131 164 136 144 153 154 58 102 188 163 53 144 144 153 127 198 167 122 156 173 175 165 144 152 63 177 152 106 176 181 128 143 146 144 160 167 150 145 112 97 120 117 114 145 167 161 177 191 156 147 131 117 90 80 98 104 113 122 132 138 133 127 121 124 118
82 134 228 50 261 251 102 70 158 108 232 104 154 108 175 0 143 155 116 95 174 201 133 256 78 220 46 86 261 118 117 119 132 228 40 110 206 96 147 109 227 118 211 127 135 54 216 41 218 228 151 78 189 130 231 196 0 188 40 46 216 130 92 89 74 76 90 93 115 109 123 126 123 121 84 92 91 85 91 94 83 86 82 82 48 43 48 59 86 96 109 106 107 109 110 112 126 133 130 122 116
177 145 215 110 185 239 168 162 21 185 219 180 116 142 137 143 0 149 60 141 136 163 171 244 116 207 97 110 249 50 180 40 196 216 168 141 193 152 7 137 215 148 172 38 183 157 178 106 206 215 145 184 49 138 219 56 143 48 108 97 178 169 140 100 170 167 122 131 140 137 158 165 149 144 106 90 113 111 107 134 156 150 163 177 100 102 107 104 83 73 91 98 108 116 125 131 137 141 138 129 118
99 28 123 120 156 146 72 90 168 91 127 88 88 52 130 155 149 0 182 67 126 175 44 151 178 114 140 79 156 110 77 120 78 123 143 50 100 65 148 50 122 39 184 115 64 110 179 131 113 123 4 105 179 24 126 186 155 178 130 140 189 48 69 85 94 88 65 63 44 49 39 45 36 39 86 84 70 79 74 63 77 72 83 99 144 135 118 119 97 90 71 68 59 50 52 45 30 22 24 32 39
163 178 248 92 218 272 181 152 68 197 252 190 149 164 169 116 60 182 0 158 169 196 203 277 68 240 71 120 282 71 193 63 212 249 136 166 226 166 64 170 248 181 205 68 207 133 211 79 239 248 178 165 95 171 251 113 116 97 82 71 211 195 157 111 156 158 135 149 173 170 191 198 182 177 114 123 128 120 124 152 165 158 169 163 74 76 89 94 85 106 124 130 141 149 158 164 170 174 171 162 151
39 43 158 70 191 181 27 30 160 43 162 38 128 17 153 95 141 67 158 0 149 175 47 186 129 150 90 38 191 101 39 112 57 158 83 19 136 11 141 18 157 28 184 107 52 51 190 82 148 158 65 45 171 50 161 178 95 170 80 90 189 43 3 47 34 28 21 11 24 18 35 39 32 30 46 52 30 38 36 10 18 12 25 39 94 85 69 70 69 69 54 47 41 32 29 26 38 45 49 41 39
187 133 153 131 60 61 176 174 155 192 157 187 37 145 4 174 136 126 169 149 0 49 168 91 190 145 152 116 96 99 191 107 197 121 188 144 131 160 135 140 152 150 58 102 184 163 53 143 143 153 123 193 166 118 156 173 174 165 143 152 63 173 148 106 182 177 133 139 142 140 156 163 146 141 112 96 119 117 113 141 163 157 173 187 156 147 131 117 90 79 97 104 109 118 128 134 129 123 117 120 114
211 181 154 158 61 62 201 196 182 218 157 213 75 176 49 201 163 175 196 175 49 0 217 92 218 145 179 144 97 126 213 134 229 122 215 175 131 186 162 171 153 182 15 129 216 190 29 171 144 154 171 217 195 167 157 160 201 185 171 179 19 221 174 133 203 200 155 164 174 171 205 212 195 190 139 124 147 144 140 167 189 183 196 211 183 174 158 144 117 106 124 131 141 150 158 165 178 172 166 169 163
70 35 165 111 198 188 40 66 189 49 169 51 130 34 172 133 171 44 203 47 168 217 0 193 169 157 131 76 198 130 39 141 37 165 119 34 143 41 170 38 164 23 226 136 23 87 221 122 155 165 48 72 201 50 168 207 133 199 121 131 218 7 49 85 70 64 58 50 32 37 14 8 22 27 84 89 67 75 73 50 53 48 58 70 135 126 109 110 105 98 80 75 66 57 49 42 39 45 50 50 58
224 165 97 218 40 30 211 211 263 229 101 226 117 179 92 256 244 151 277 186 91 92 193 0 277 88 238 172 8 205 219 215 227 65 254 177 75 197 243 174 96 178 101 209 213 230 96 230 87 97 147 230 274 146 100 220 256 272 228 238 106 197 185 173 219 214 172 176 170 173 189 194 174 169 177 171 169 172 166 178 200 194 210 224 242 233 217 208 184 177 158 155 151 155 164 172 157 151 145 149 152
128 161 249 65 282 272 152 117 131 154 253 151 171 136 191 78 116 178 68 129 190 218 169 277 0 241 39 105 282 104 165 102 179 249 102 137 227 137 120 136 248 149 227 111 179 98 233 48 239 249 175 130 162 154 252 169 78 161 47 39 232 166 128 106 121 123 112 121 142 137 157 162 152 148 102 110 113 104 112 123 129 130 128 128 36 44 63 75 102 112 126 124 127 134 134 140 153 157 154 146 140
188 128 8 181 93 84 175 175 226 193 12 189 146 142 145 220 207 114 240 150 145 145 157 88 241 0 202 136 94 169 182 178 190 61 218 140 22 160 206 137 8 141 154 173 177 193 149 194 14 8 111 194 237 109 11 244 220 236 192 202 159 161 149 136 182 177 136 139 134 136 152 157 138 132 140 135 132 136 130 142 163 157 174 188 206 197 180 171 148 141 122 119 114 118 127 136 120 114 109 113 116
93 122 210 27 243 233 113 81 112 119 214 116 132 97 152 46 97 140 71 90 152 179 131 238 39 202 0 66 243 85 126 83 144 210 66 99 188 98 101 97 210 110 188 94 140 63 194 9 200 210 136 95 143 116 213 150 46 142 11 0 193 127 89 67 85 88 73 82 104 98 119 123 113 110 63 71 75 65 73 84 94 91 93 93 4 5 24 36 63 73 88 85 88 95 95 101 114 118 116 107 101
71 62 144 46 177 168 65 55 129 81 148 76 97 42 117 86 110 79 120 38 116 144 76 172 105 136 66 0 177 70 77 81 96 145 84 44 122 49 109 43 144 57 153 76 85 52 159 58 134 144 76 78 140 55 147 147 86 139 56 66 158 72 37 12 62 61 18 27 49 44 64 68 60 55 9 20 10 1 8 30 53 47 60 71 70 61 45 42 33 38 28 26 23 30 35 41 54 58 55 47 39
229 170 102 223 45 35 216 216 268 234 106 231 122 184 97 261 249 156 282 191 96 97 198 8 282 94 243 177 0 210 224 220 232 70 259 182 80 202 248 179 101 183 106 215 218 235 101 235 92 102 152 235 279 151 105 225 261 277 234 243 111 202 190 178 224 219 177 181 175 178 194 199 179 174 182 176 174 177 171 183 205 199 215 229 247 238 222 213 189 182 163 160 156 160 169 177 162 156 150 154 158
136 104 177 75 210 200 127 122 66 144 181 139 79 101 100 118 50 110 71 101 99 126 130 205 104 169 85 70 210 0 139 12 155 177 131 100 155 112 50 97 176 108 136 15 142 113 141 87 167 177 107 143 95 97 180 102 118 94 87 85 141 129 100 59 129 126 81 90 99 97 118 124 108 103 65 50 73 70 66 93 115 109 122 136 89 83 68 61 40 32 50 57 67 75 84 90 96 100 97 88 78
41 63 191 106 224 214 17 46 199 19 194 17 166 46 195 117 180 77 193 39 191 213 39 219 165 182 126 77 224 139 0 151 22 191 90 46 168 29 179 50 190 43 223 146 22 69 228 118 181 191 81 42 210 73 194 217 117 209 116 126 228 32 39 86 44 39 59 50 51 51 38 38 45 50 85 90 69 76 74 49 36 36 36 41 130 121 104 106 108 108 91 84 77 69 64 59 62 70 74 73 76
148 116 186 86 156 210 139 133 58 156 190 151 87 113 107 119 40 120 63 112 107 134 141 215 102 178 83 81 220 12 151 0 167 187 132 112 164 123 39 108 186 119 143 8 154 124 149 87 177 186 116 154 85 109 189 92 119 83 87 83 149 140 111 71 141 138 93 102 111 108 129 136 120 115 76 61 84 82 78 104 127 121 134 148 86 86 71 72 52 44 62 68 79 87 96 102 108 112 109 100 89
56 69 199 125 232 222 36 62 215 25 203 32 159 56 201 132 196 78 212 57 197 229 37 227 179 190 144 96 232 155 22 167 0 199 102 56 177 48 195 60 198 49 238 162 18 84 250 136 189 199 81 54 226 79 202 233 132 224 132 144 244 30 58 105 59 55 78 69 59 60 42 36 51 56 104 109 88 95 93 68 53 55 52 56 148 139 123 125 127 124 105 98 90 81 73 68 68 76 80 79 87
196 137 69 190 70 60 183 183 235 201 73 198 155 151 121 228 216 123 249 158 121 122 165 65 249 61 210 145 70 177 191 187 199 0 226 149 47 169 215 146 68 150 131 182 186 202 126 202 59 69 119 203 246 118 72 253 228 245 201 210 136 169 157 145 191 186 144 148 142 145 161 166 146 141 149 143 141 144 138 150 172 166 182 196 215 206 189 180 156 149 130 127 123 127 136 144 129 123 117 121 125
54 124 226 63 259 249 87 54 184 77 230 76 168 100 188 40 168 143 136 83 188 215 119 254 102 218 66 84 259 131 90 132 102 226 0 102 204 80 172 101 225 104 224 140 106 46 230 58 216 226 146 48 211 123 229 218 40 210 54 66 229 113 80 95 63 67 88 85 107 101 109 118 109 111 86 103 89 83 89 86 67 72 68 54 70 61 61 72 99 109 110 106 105 107 102 104 118 126 123 114 114
57 25 149 79 182 172 35 49 160 53 152 50 128 2 148 110 141 50 166 19 144 175 34 177 137 140 99 44 182 100 46 112 56 149 102 0 126 24 140 4 148 13 184 107 43 69 189 90 139 149 47 63 171 31 152 178 110 170 89 99 189 30 21 53 53 47 26 18 7 5 22 26 16 12 52 55 35 43 41 18 36 30 43 57 103 94 77 79 75 69 51 44 35 26 19 13 20 27 32 30 32
174 114 30 167 79 70 161 161 212 179 34 175 132 128 131 206 193 100 226 136 131 131 143 75 227 22 188 122 80 155 168 164 177 47 204 126 0 146 192 123 29 127 140 159 163 179 135 180 31 30 97 180 223 95 33 230 206 222 178 188 145 147 135 122 168 163 122 125 120 122 138 143 124 119 126 121 118 122 116 128 149 143 160 174 192 183 166 157 134 127 108 105 100 104 113 122 106 100 95 99 102
36 46 169 78 202 192 16 27 171 32 172 27 139 22 164 96 152 65 166 11 160 186 41 197 137 160 98 49 202 112 29 123 48 169 80 24 146 0 151 26 168 26 195 118 42 48 201 90 159 169 68 42 182 56 172 189 96 181 88 98 200 37 11 58 31 25 31 22 33 27 31 34 30 35 57 63 41 49 47 21 14 10 21 36 102 93 77 78 80 80 65 58 51 43 39 34 45 53 57 52 50
176 144 215 117 184 238 167 161 23 184 218 179 115 141 136 147 7 148 64 141 135 162 170 243 120 206 101 109 248 50 179 39 195 215 172 140 192 151 0 136 214 148 172 37 182 156 177 110 205 215 144 183 45 137 218 52 147 44 112 101 177 168 140 99 169 166 121 130 139 137 157 164 148 143 105 89 112 110 106 133 155 149 162 176 104 106 111 103 83 72 90 97 107 115 124 130 136 140 137 128 118
56 24 145 78 179 169 40 48 156 58 149 54 124 6 144 109 137 50 170 18 140 171 38 174 136 137 97 43 179 97 50 108 60 146 101 4 123 26 136 0 145 14 180 103 47 68 186 89 136 145 46 62 167 27 148 174 109 166 87 97 185 34 20 52 52 46 26 17 6 1 24 30 17 11 51 54 34 43 40 17 35 29 42 56 101 92 76 77 73 65 47 40 31 22 15 9 17 24 29 26 28
195 136 10 189 101 91 183 183 234 200 8 197 154 150 153 227 215 122 248 157 152 153 164 96 248 8 210 144 101 176 190 186 198 68 225 148 29 168 214 145 0 149 162 181 185 201 157 201 22 10 118 202 245 117 11 252 227 244 200 210 167 169 157 144 190 185 143 147 141 144 160 165 145 140 148 142 140 143 138 149 171 165 181 195 214 205 188 179 155 148 129 126 122 126 135 143 128 122 116 121 124
59 22 149 91 183 173 35 51 167 53 153 50 111 13 154 118 148 39 181 28 150 182 23 178 149 141 110 57 183 108 43 119 49 150 104 13 127 26 148 14 149 0 191 114 36 71 203 102 140 149 44 66 178 32 152 185 118 177 101 110 196 21 30 66 55 49 38 30 10 13 10 16 5 9 65 65 48 57 54 30 38 33 44 59 114 106 89 90 83 76 58 51 43 33 26 17 21 29 33 32 40
220 190 163 168 70 71 211 205 191 227 166 222 84 185 58 211 172 184 205 184 58 15 226 101 227 154 188 153 106 136 223 143 238 131 224 184 140 195 172 180 162 191 0 138 225 199 32 180 153 163 180 226 190 175 166 155 211 180 180 188 34 230 183 142 212 210 164 173 183 180 214 220 204 199 148 133 156 153 150 176 199 193 206 220 192 183 167 153 126 116 134 140 150 159 168 174 187 181 175 177 172
143 110 181 84 151 205 134 128 57 151 185 145 82 108 102 127 38 115 68 107 102 129 136 209 111 173 94 76 215 15 146 8 162 182 140 107 159 118 37 103 181 114 138 0 148 123 144 96 172 181 111 149 82 104 184 89 127 81 96 94 143 135 106 65 136 133 87 96 106 103 124 130 115 110 71 56 79 76 73 99 122 116 129 143 98 92 77 69 49 39 57 63 73 82 91 97 103 106 104 95 84
60 53 185 120 218 209 35 64 202 31 189 35 146 43 188 135 183 64 207 52 184 216 23 213 179 177 140 85 218 142 22 154 18 186 106 43 163 42 182 47 185 36 225 148 0 84 237 132 175 185 68 59 213 66 188 220 135 211 130 140 230 17 53 94 63 58 68 60 46 47 28 23 38 43 93 96 76 85 82 60 51 49 54 60 144 135 118 120 116 111 92 85 77 68 60 55 55 63 67 66 74
34 92 201 56 235 225 54 22 176 60 205 56 143 67 163 54 157 110 133 51 163 190 87 230 98 193 63 52 235 113 69 124 84 202 46 69 179 48 156 68 201 71 199 123 84 0 205 55 192 201 114 33 187 93 204 194 54 186 51 63 205 83 48 63 26 28 57 56 75 69 77 79 76 79 55 71 58 52 58 56 35 39 33 34 67 58 54 61 73 85 78 75 73 76 72 74 88 96 93 84 83
225 185 158 173 65 66 216 210 197 233 161 228 79 190 53 216 178 179 211 190 53 29 221 96 233 149 194 159 101 141 228 149 250 126 230 189 135 201 177 186 157 203 32 144 237 205 0 185 148 158 175 232 197 171 161 162 216 187 185 194 43 225 189 148 218 215 170 179 195 186 209 216 199 194 154 138 161 159 155 182 204 198 211 225 198 189 173 159 132 121 139 146 156 164 173 179 182 176 170 173 167
85 114 202 18 235 225 105 73 121 111 206 108 124 89 144 41 106 131 79 82 143 171 122 230 48 194 9 58 235 87 118 87 136 202 58 90 180 90 110 89 201 102 180 96 132 55 185 0 192 202 128 87 152 107 205 159 41 151 3 9 185 119 81 59 77 80 65 74 95 90 110 115 105 101 55 63 66 57 65 76 86 83 85 85 13 4 16 28 55 65 79 77 80 87 87 93 106 110 107 99 93
186 127 22 180 92 82 173 173 225 191 26 188 145 141 144 218 206 113 239 148 143 144 155 87 239 14 200 134 92 167 181 177 189 59 216 139 31 159 205 136 22 140 153 172 175 192 148 192 0 22 109 193 236 108 25 243 218 235 191 200 158 159 147 135 181 176 134 138 132 135 151 156 136 131 139 133 131 134 128 140 162 156 172 186 204 195 179 170 146 139 120 117 113 117 126 134 119 113 107 111 115
196 137 0 189 102 92 183 183 234 201 6 197 154 150 153 228 215 123 248 158 153 154 165 97 249 8 210 144 102 177 191 186 199 69 226 149 30 169 215 145 10 149 163 181 185 201 158 202 22 0 119 202 245 117 5 252 228 244 200 210 168 169 157 144 191 186 144 148 142 144 160 166 146 141 149 143 140 144 138 150 171 165 182 196 214 205 188 180 156 149 130 127 123 126 135 144 128 123 117 121 124
102 24 119 116 152 142 76 93 164 94 123 92 84 49 127 151 145 4 178 65 123 171 48 147 175 111 136 76 152 107 81 116 81 119 146 47 97 68 144 46 118 44 180 111 68 114 175 128 109 119 0 108 175 20 122 182 151 174 126 136 186 52 67 81 98 92 61 59 41 45 43 48 39 35 82 80 66 75 70 60 80 75 87 102 140 131 114 115 93 86 67 64 55 46 48 41 26 18 21 29 35
6 86 202 87 235 226 40 26 202 30 206 29 170 62 198 78 184 105 165 45 193 217 72 230 130 194 95 78 235 143 42 154 54 203 48 63 180 42 183 62 202 66 226 149 59 33 232 87 193 202 108 0 214 94 205 220 78 212 83 95 231 66 42 88 15 20 63 52 69 63 71 70 70 73 85 94 72 77 78 51 27 34 21 6 99 90 85 93 104 111 99 92 85 77 73 71 85 90 94 85 84
207 175 245 155 214 269 198 192 62 215 249 210 146 172 167 189 49 179 95 171 166 195 201 274 162 237 143 140 279 95 210 85 226 246 211 171 223 182 45 167 245 178 190 82 213 187 197 152 236 245 175 214 0 168 249 54 189 10 154 143 188 199 170 130 200 197 152 161 170 167 188 195 179 174 136 120 143 141 137 164 186 180 193 207 146 148 153 141 113 103 121 128 138 146 155 161 167 171 168 159 148
88 15 117 96 150 141 66 75 157 84 121 80 79 32 122 130 138 24 171 50 118 167 50 146 154 109 116 55 151 97 73 109 79 118 123 31 95 56 137 27 117 32 175 104 66 93 171 107 108 117 20 94 168 0 120 175 130 167 106 116 181 51 49 61 82 77 41 39 24 26 39 45 29 23 62 60 46 55 50 42 63 57 73 88 120 111 94 95 73 66 47 44 35 26 27 26 11 5 1 8 15
199 140 5 192 105 95 186 186 237 204 3 201 157 154 156 231 219 126 251 161 156 157 168 100 252 11 213 147 105 180 194 189 202 72 229 152 33 172 218 148 11 152 166 184 188 204 161 205 25 5 122 205 249 120 0 255 231 247 203 213 171 172 160 147 194 189 147 151 145 147 164 169 149 144 152 146 143 147 141 153 174 168 185 199 217 208 192 183 159 152 133 130 126 129 139 147 132 126 120 124 127
214 182 252 162 180 190 205 199 69 222 256 217 153 179 173 196 56 186 113 178 173 160 207 220 169 244 150 147 225 102 217 92 233 253 218 178 230 189 52 174 252 185 155 89 220 194 162 159 243 252 182 220 54 175 255 0 196 45 161 150 153 206 177 137 207 204 159 168 177 174 195 202 186 181 142 127 150 148 144 170 193 187 200 214 153 155 160 148 120 110 128 134 145 153 162 168 174 178 175 166 155
82 134 228 50 261 251 102 70 158 108 232 104 154 108 175 0 143 155 116 95 174 201 133 256 78 220 46 86 261 118 117 119 132 228 40 110 206 96 147 109 227 118 211 127 135 54 216 41 218 228 151 78 189 130 231 196 0 188 40 46 216 130 92 89 74 76 90 93 115 109 123 126 123 121 84 92 91 85 91 94 83 86 82 82 48 43 48 59 86 96 109 106 107 109 110 112 126 133 130 122 116
206 173 244 154 205 215 197 191 50 213 248 208 145 171 165 188 48 178 97 170 165 185 199 272 161 236 142 139 277 94 209 83 224 245 210 170 222 181 44 166 244 177 180 81 211 186 187 151 235 244 174 212 10 167 247 45 188 0 153 142 179 198 169 128 199 196 150 159 169 166 187 193 178 173 134 119 142 139 136 162 185 179 192 206 145 147 152 139 112 102 120 126 136 145 154 160 166 169 167 158 147
81 112 200 18 233 224 103 70 123 107 204 104 124 87 144 40 108 130 82 80 143 171 121 228 47 192 11 56 234 87 116 87 132 201 54 89 178 88 112 87 200 101 180 96 130 51 185 3 191 200 126 83 154 106 203 161 40 153 0 11 185 117 79 58 74 76 63 72 94 88 109 113 103 100 53 61 65 55 63 74 82 81 81 81 15 6 16 28 55 65 78 75 78 85 86 91 104 109 106 97 91
93 122 210 27 243 233 113 81 112 119 214 116 132 97 152 46 97 140 71 90 152 179 131 238 39 202 0 66 243 85 126 83 144 210 66 99 188 98 101 97 210 110 188 94 140 63 194 9 200 210 136 95 143 116 213 150 46 142 11 0 193 127 89 67 85 88 73 82 104 98 119 123 113 110 63 71 75 65 73 84 94 91 93 93 4 5 24 36 63 73 88 85 88 95 95 101 114 118 116 107 101
225 196 168 173 75 76 216 210 196 233 172 227 83 190 63 216 178 189 211 189 63 19 218 106 232 159 193 158 111 141 228 149 244 136 229 189 145 200 177 185 167 196 34 143 230 205 43 185 158 168 186 231 188 181 171 153 216 179 185 193 0 217 188 147 218 215 170 178 188 185 206 212 197 192 153 138 161 158 155 181 204 198 211 225 197 188 172 158 131 121 139 145 155 164 173 179 185 186 180 183 166
64 37 169 108 202 192 33 62 188 43 173 44 134 30 177 130 169 48 195 43 173 221 7 197 166 161 127 72 202 129 32 140 30 169 113 30 147 37 168 34 169 21 230 135 17 83 225 119 159 169 52 66 199 51 172 206 130 198 117 127 217 0 45 81 62 56 55 47 30 34 12 7 22 28 80 83 64 72 69 47 47 44 50 64 131 122 106 107 103 97 79 72 63 54 47 38 40 47 51 51 58
36 45 157 69 190 180 27 27 159 44 161 39 127 19 152 92 140 69 157 3 148 174 49 185 128 149 89 37 190 100 39 111 58 157 80 21 135 11 140 20 157 30 183 106 53 48 189 81 147 157 67 42 170 49 160 177 92 169 79 89 188 45 0 46 31 25 20 10 26 21 37 42 35 32 45 51 29 37 35 9 15 9 21 36 93 84 68 69 68 68 53 47 40 32 28 26 40 47 49 40 38
82 68 144 47 177 168 74 65 119 90 148 85 86 51 106 89 100 85 111 47 106 133 85 173 106 136 67 12 178 59 86 71 105 145 95 53 122 58 99 52 144 66 142 65 94 63 148 59 135 144 81 88 130 61 147 137 89 128 58 67 147 81 46 0 73 72 27 36 58 53 73 77 69 64 8 10 19 12 14 39 62 56 69 82 72 63 46 37 24 28 22 19 27 35 44 50 60 64 61 52 42
9 75 191 78 224 214 35 11 189 35 194 31 156 51 176 74 170 94 156 34 182 203 70 219 121 182 85 62 224 129 44 141 59 191 63 53 168 31 169 52 190 55 212 136 63 26 218 77 181 191 98 15 200 82 194 207 74 199 74 85 218 62 31 73 0 6 51 45 58 53 60 62 60 63 69 80 57 62 64 40 18 23 12 9 89 80 76 78 91 98 86 80 73 65 61 60 75 79 82 73 72
13 69 186 84 219 209 29 11 186 35 189 28 153 45 181 76 167 88 158 28 177 200 64 214 123 177 88 61 219 126 39 138 55 186 67 47 163 25 166 46 185 49 210 133 58 28 215 80 176 186 92 20 197 77 189 204 76 196 76 88 215 56 25 72 6 0 46 35 52 47 54 56 54 57 68 77 56 61 61 34 12 17 6 13 92 83 82 84 90 95 82 75 68 60 56 54 69 73 77 68 67
56 47 144 53 177 167 47 44 141 64 148 59 108 24 128 90 122 65 135 21 133 155 58 172 112 136 73 18 177 81 59 93 78 144 88 26 122 31 121 26 143 38 164 87 68 57 170 65 134 144 61 63 152 41 147 159 90 150 63 73 170 55 20 27 51 46 0 10 31 27 46 51 41 37 26 32 9 17 16 13 35 29 42 56 77 68 51 53 48 50 37 31 24 21 20 26 40 44 41 32 27
45 42 148 62 181 171 38 37 149 54 151 49 117 17 143 93 131 63 149 11 139 164 50 176 121 139 82 27 181 90 50 102 69 148 85 18 125 22 130 17 147 30 173 96 60 56 179 74 138 148 59 52 161 39 151 168 93 159 72 82 178 47 10 36 45 35 10 0 23 18 38 43 33 29 35 41 19 27 25 3 24 18 31 45 86 77 60 62 58 58 44 37 30 22 18 20 34 42 39 30 29
63 18 142 84 175 165 41 54 159 59 146 55 104 9 146 115 140 44 173 24 142 174 32 170 142 134 104 49 175 99 51 111 59 142 107 7 120 33 139 6 141 10 183 106 46 75 195 95 132 142 41 69 170 24 145 177 115 169 94 104 188 30 26 58 58 52 31 23 0 5 18 25 11 6 57 57 40 49 45 23 42 36 49 63 108 99 82 84 75 68 50 43 34 25 18 9 13 20 25 23 29
57 23 144 78 177 168 41 48 156 59 148 54 124 6 144 109 137 49 170 18 140 171 37 173 137 136 98 44 178 97 51 108 60 145 101 5 122 27 137 1 144 13 180 103 47 69 186 90 135 144 45 63 167 26 147 174 109 166 88 98 185 34 21 53 53 47 27 18 5 0 23 29 16 10 52 55 35 44 40 18 36 30 43 57 102 93 76 78 72 65 47 40 32 23 15 9 16 23 27 25 28
65 28 160 99 194 184 34 56 177 53 164 50 118 22 160 123 158 39 191 35 156 205 14 189 157 152 119 64 194 118 38 129 42 161 109 22 138 31 157 24 160 10 214 124 28 77 209 110 151 160 43 71 188 39 164 195 123 187 109 119 206 12 37 73 60 54 46 38 18 23 0 7 10 16 72 75 55 63 61 39 43 38 49 65 123 114 97 99 93 86 68 61 52 43 35 29 28 35 39 39 46
65 32 166 103 199 189 33 59 184 49 170 49 124 26 167 126 165 45 198 39 163 212 8 194 162 157 123 68 199 124 38 136 36 166 118 26 143 34 164 30 165 16 220 130 23 79 216 115 156 166 48 70 195 45 169 202 126 193 113 123 212 7 42 77 62 56 51 43 25 29 7 0 17 22 76 79 60 68 65 43 46 41 51 65 127 118 101 103 99 93 74 67 59 50 42 35 34 42 45 45 53
64 18 146 94 179 169 40 55 168 58 150 54 108 17 150 123 149 36 182 32 146 195 22 174 152 138 113 60 179 108 45 120 51 146 109 16 124 30 148 17 145 5 204 115 38 76 199 105 136 146 39 70 179 29 149 186 123 178 103 113 197 22 35 69 60 54 41 33 11 16 10 17 0 6 68 68 51 60 56 33 43 37 49 64 117 108 92 93 84 77 58 54 45 36 28 21 17 25 29 29 36
67 13 141 90 174 164 43 58 163 61 145 57 103 14 145 121 144 39 177 30 141 190 27 169 148 132 110 55 174 103 50 115 56 141 111 12 119 35 143 11 140 9 199 110 43 79 194 101 131 141 35 73 174 23 144 181 121 173 100 110 192 28 32 64 63 57 37 29 6 10 16 22 6 0 63 64 46 54 51 30 45 42 52 67 114 105 88 90 79 72 53 50 41 32 23 16 12 20 24 23 31
78 69 149 45 182 172 73 61 124 90 152 84 92 50 112 84 106 86 114 46 112 139 84 177 102 140 63 9 182 65 85 76 104 149 86 52 126 57 105 51 148 65 148 71 93 55 154 55 139 149 82 85 136 62 152 142 84 134 53 63 153 80 45 8 69 68 26 35 57 52 72 76 68 63 0 17 18 8 14 38 61 55 66 78 67 58 41 36 28 33 26 24 28 37 43 49 61 65 62 53 42
88 67 143 50 176 166 78 72 109 95 147 90 77 53 97 92 90 84 123 52 96 124 89 171 110 135 71 20 176 50 90 61 109 143 103 55 121 63 89 54 142 65 133 56 96 71 138 63 133 143 80 94 120 60 146 127 92 119 61 71 138 83 51 10 80 77 32 41 57 55 75 79 68 64 17 0 24 20 17 44 66 60 74 88 75 66 50 39 21 18 20 18 26 34 42 48 59 63 60 51 40
66 53 140 55 173 164 57 49 132 74 144 68 100 33 120 91 113 70 128 30 119 147 67 169 113 132 75 10 174 73 69 84 88 141 89 35 118 41 112 34 140 48 156 79 76 58 161 66 131 140 66 72 143 46 143 150 91 142 65 75 161 64 29 19 57 56 9 19 40 35 55 60 51 46 18 24 0 9 7 22 45 39 52 66 79 70 53 51 41 41 29 24 18 20 26 32 45 49 46 37 30
71 61 144 46 177 167 64 54 130 81 148 76 97 42 117 85 111 79 120 38 117 144 75 172 104 136 65 1 177 70 76 82 95 144 83 43 122 49 110 43 143 57 153 76 85 52 159 57 134 144 75 77 141 55 147 148 85 139 55 65 158 72 37 12 62 61 17 27 49 44 63 68 60 54 8 20 9 0 7 30 52 46 59 71 69 60 44 41 34 39 29 26 23 30 35 41 54 58 55 46 39
71 57 138 53 171 161 62 56 126 79 142 74 93 39 114 91 107 74 124 36 113 140 73 166 112 130 73 8 171 66 74 78 93 138 89 41 116 47 106 40 138 54 150 73 82 58 155 65 128 138 70 78 137 50 141 144 91 136 63 73 155 69 35 14 64 61 16 25 45 40 61 65 56 51 14 17 7 7 0 28 50 44 57 71 77 68 51 49 37 35 22 19 17 25 32 38 49 53 50 41 34
44 42 150 65 183 173 37 38 152 53 154 48 120 17 145 94 134 63 152 10 141 167 50 178 123 142 84 30 183 93 49 104 68 150 86 18 128 21 133 17 149 30 176 99 60 56 182 76 140 150 60 51 164 42 153 170 94 162 74 84 181 47 9 39 40 34 13 3 23 18 39 43 33 30 38 44 22 30 28 0 23 17 30 44 88 79 63 64 61 61 46 39 33 24 21 20 34 41 42 33 31
21 58 171 78 204 195 21 14 175 35 175 26 142 34 167 83 156 77 165 18 163 189 53 200 129 163 94 53 205 115 36 127 53 172 67 36 149 14 155 35 171 38 199 122 51 35 204 86 162 171 80 27 186 63 174 193 83 185 82 94 204 47 15 62 18 12 35 24 42 36 43 46 43 45 61 66 45 52 50 23 0 6 6 21 98 89 76 78 84 84 68 61 54 46 42 43 57 65 63 54 53
27 53 165 71 198 189 22 19 169 39 169 32 136 28 161 86 150 72 158 12 157 183 48 194 130 157 91 47 199 109 36 121 55 166 72 30 143 10 149 29 165 33 193 116 49 39 198 83 156 165 75 34 180 57 168 187 86 179 81 91 198 44 9 56 23 17 29 18 36 30 38 41 37 42 55 60 39 46 44 17 6 0 13 27 95 86 69 71 78 78 62 55 48 40 36 37 50 57 57 48 47
15 64 182 82 215 205 23 13 182 34 186 25 149 41 177 82 163 83 169 25 173 196 58 210 128 174 93 60 215 122 36 134 52 182 68 43 160 21 162 42 181 44 206 129 54 33 211 85 172 182 87 21 193 73 185 200 82 192 81 93 211 50 21 69 12 6 42 31 49 43 49 51 49 52 66 74 52 59 57 30 6 13 0 15 97 88 80 82 88 91 78 71 64 56 53 50 64 70 73 65 63
0 80 196 86 229 219 33 20 196 32 200 28 164 55 191 82 177 99 163 39 187 211 70 224 128 188 93 71 229 136 41 148 56 196 54 57 174 36 176 56 195 59 220 143 60 34 225 85 186 196 102 6 207 88 199 214 82 206 81 93 225 64 36 82 9 13 56 45 63 57 65 65 64 67 78 88 66 71 71 44 21 27 15 0 97 88 84 86 100 105 92 85 79 70 67 64 79 84 88 79 77
97 126 214 31 247 237 117 85 115 123 218 120 136 101 156 48 100 144 74 94 156 183 135 242 36 206 4 70 247 89 130 86 148 215 70 103 192 102 104 101 214 114 192 98 144 67 198 13 204 214 140 99 146 120 217 153 48 145 15 4 197 131 93 72 89 92 77 86 108 102 123 127 117 114 67 75 79 69 77 88 98 95 97 97 0 9 28 41 67 77 92 89 92 99 99 105 118 122 120 111 105
88 117 205 22 238 229 108 77 117 114 209 111 127 92 147 43 102 135 76 85 147 174 126 233 44 197 5 61 238 83 121 86 139 206 61 94 183 93 106 92 205 106 183 92 135 58 189 4 195 205 131 90 148 111 208 155 43 147 6 5 188 122 84 63 80 83 68 77 99 93 114 118 108 105 58 66 70 60 68 79 89 86 88 88 9 0 20 32 58 69 83 80 83 90 90 96 109 114 111 102 96
84 100 188 5 222 212 92 75 122 108 192 101 111 75 131 48 107 118 89 69 131 158 109 217 63 180 24 45 222 68 104 71 123 189 61 77 166 77 111 76 188 89 167 77 118 54 173 16 179 188 114 85 153 94 192 160 48 152 16 24 172 106 68 46 76 82 51 60 82 76 97 101 92 88 41 50 53 44 51 63 76 69 80 84 28 20 0 16 42 53 66 64 67 73 74 79 93 97 94 85 79
86 102 180 16 213 203 94 77 123 110 183 103 97 77 117 59 104 119 94 70 117 144 110 208 75 171 36 42 213 61 106 72 125 180 72 79 157 78 103 77 179 90 153 69 120 61 159 28 170 180 115 93 141 95 183 148 59 139 28 36 158 107 69 37 78 84 53 62 84 78 99 103 93 90 36 39 51 41 49 64 78 71 82 86 41 32 16 0 28 39 53 55 63 71 75 81 94 98 95 86 77
100 80 156 43 189 179 96 83 102 112 160 107 70 73 90 86 83 97 85 69 90 117 105 184 102 148 63 33 189 40 108 52 127 156 99 75 134 80 83 73 155 83 126 49 116 73 132 55 146 156 93 104 113 73 159 120 86 112 55 63 131 103 68 24 91 90 48 58 75 72 93 99 84 79 28 21 41 34 37 61 84 78 88 100 67 58 42 28 0 11 26 32 42 51 60 66 72 76 73 64 53
105 72 149 53 182 172 96 90 92 113 153 108 59 70 80 96 73 90 106 69 79 106 98 177 112 141 73 38 182 32 108 44 124 149 109 69 127 80 72 65 148 76 116 39 111 85 121 65 139 149 86 111 103 66 152 110 96 102 65 73 121 97 68 28 98 95 50 58 68 65 86 93 77 72 33 18 41 39 35 61 84 78 91 105 77 69 53 39 11 0 19 25 35 44 53 59 65 69 66 57 46
92 54 130 67 163 153 81 79 110 98 134 92 77 52 98 109 91 71 124 54 97 124 80 158 126 122 88 28 163 50 91 62 105 130 110 51 108 65 90 47 129 58 134 57 92 78 139 79 120 130 67 99 121 47 133 128 109 120 78 88 139 79 53 22 86 82 37 44 50 47 68 74 58 53 26 20 29 29 22 46 68 62 78 92 92 83 66 53 26 19 0 7 15 23 34 41 46 50 47 38 27
85 51 127 64 160 150 74 73 116 91 131 86 84 45 104 106 98 68 130 47 104 131 75 155 124 119 85 26 160 57 84 68 98 127 106 44 105 58 97 40 126 51 140 63 85 75 146 77 117 127 64 92 128 44 130 134 106 126 75 85 145 72 47 19 80 75 31 37 43 40 61 67 54 50 24 18 24 26 19 39 61 55 71 85 89 80 64 55 32 25 7 0 10 19 27 34 43 47 44 35 24
79 41 123 68 156 146 67 66 126 84 126 79 94 36 113 107 108 59 141 41 109 141 66 151 127 114 88 23 156 67 77 79 90 123 105 35 100 51 107 31 122 43 150 73 77 73 156 80 113 123 55 85 138 35 126 145 107 136 78 88 155 63 40 27 73 68 24 30 34 32 52 59 45 41 28 26 18 23 17 33 54 48 64 79 92 83 67 63 42 35 15 10 0 9 19 25 34 38 35 26 15
70 33 126 75 159 150 59 58 135 76 130 71 103 27 122 109 116 50 149 32 118 150 57 155 134 118 95 30 160 75 69 87 81 127 107 26 104 43 115 22 126 33 159 82 68 76 164 87 117 126 46 77 146 26 129 153 109 145 85 95 164 54 32 35 65 60 21 22 25 23 43 50 36 32 37 34 20 30 25 24 46 40 56 70 99 90 73 71 51 44 23 19 9 0 10 16 25 29 26 17 10
67 30 135 76 169 159 53 54 144 71 139 66 111 20 132 110 125 52 158 29 128 158 49 164 134 127 95 35 169 84 64 96 73 136 102 19 113 39 124 15 135 26 168 91 60 72 173 87 126 135 48 73 155 27 139 162 110 154 86 95 173 47 28 44 61 56 20 18 18 15 35 42 28 23 43 42 26 35 32 21 42 36 53 67 99 90 74 75 60 53 34 27 19 10 0 9 22 30 27 18 16
64 23 144 81 177 167 48 54 150 66 148 62 118 14 138 112 131 45 164 26 134 165 42 172 140 136 101 41 177 90 59 102 68 144 104 13 122 34 130 9 143 17 174 97 55 74 179 93 134 144 41 71 161 26 147 168 112 160 91 101 179 38 26 50 60 54 26 20 9 9 29 35 21 16 49 48 32 41 38 20 43 37 50 64 105 96 79 81 66 59 41 34 25 16 9 0 15 22 27 25 22
79 8 128 95 162 152 55 68 156 73 132 69 90 22 133 126 137 30 170 38 129 178 39 157 153 120 114 54 162 96 62 108 68 129 118 20 106 45 136 17 128 21 187 103 55 88 182 106 119 128 26 85 167 11 132 174 126 166 104 114 185 40 40 60 75 69 40 34 13 16 28 34 17 12 61 59 45 54 49 34 57 50 64 79 118 109 93 94 72 65 46 43 34 25 22 15 0 8 12 15 24
84 11 123 99 156 146 62 75 160 80 127 77 85 29 127 133 141 22 174 45 123 172 45 151 157 114 118 58 156 100 70 112 76 123 126 27 100 53 140 24 122 29 181 106 63 96 176 110 113 123 18 90 171 5 126 178 133 169 109 118 186 47 47 64 79 73 44 42 20 23 35 42 25 20 65 63 49 58 53 41 65 57 70 84 122 114 97 98 76 69 50 47 38 29 30 22 8 0 6 14 20
88 15 117 96 150 140 66 75 157 84 121 81 79 34 121 130 138 24 171 49 117 166 50 145 154 109 116 55 150 97 74 109 80 117 123 32 95 57 137 29 116 33 175 104 67 93 170 107 107 117 21 94 168 1 120 175 130 167 106 116 180 51 49 61 82 77 41 39 25 27 39 45 29 24 62 60 46 55 50 42 63 57 73 88 120 111 94 95 73 66 47 44 35 26 27 27 12 6 0 8 14
79 19 121 87 154 144 63 66 148 81 125 78 81 31 124 122 129 32 162 41 120 169 50 149 146 113 107 47 154 88 73 100 79 121 114 30 99 52 128 26 121 32 177 95 66 84 173 99 111 121 29 85 159 8 124 166 122 158 97 107 183 51 40 52 73 68 32 30 23 25 39 45 29 23 53 51 37 46 41 33 54 48 65 79 111 102 85 86 64 57 38 35 26 17 18 25 15 14 8 0 7
77 28 124 81 157 148 66 65 137 83 128 77 76 33 118 116 118 39 151 39 114 163 58 152 140 116 101 39 158 78 76 89 87 125 114 32 102 50 118 28 124 40 172 84 74 83 167 93 115 124 35 84 148 15 127 155 116 147 91 101 166 58 38 42 72 67 27 29 29 28 46 53 36 31 42 40 30 39 34 31 53 47 63 77 105 96 79 77 53 46 27 24 15 10 16 22 24 20 14 7 0