0 188 77 86 50 90 64 130 50 128 13 188 78 26 200 229 214 184 46 60 206 191 165 196 166 77 91 66 187 226 73 85 201 231 48 50 201 25 172 48 177 219 26 224 38 211 58 191 45 189 86 64 213 5 123 71 238 47 157 114 23 64 36 82 9 13 56 45 63 57 65 65 64 67 78 88 66 71 71 44 21 27 15 0 97 88 84 86 100 105 92 85 79 70 67 64 79 84 88 79 77
188 0 203 108 228 212 125 146 179 125 176 0 111 158 131 93 152 136 165 137 236 6 162 10 149 138 202 159 145 91 138 140 16 95 199 187 133 213 20 226 19 83 168 89 175 145 142 145 142 146 195 157 148 192 113 132 172 175 139 104 198 161 149 136 182 177 136 139 134 136 152 157 138 133 140 135 132 136 130 142 163 157 174 188 206 197 180 171 148 141 122 119 114 118 127 136 120 114 109 113 116
77 203 0 96 59 16 88 101 122 114 73 203 99 79 171 245 185 155 103 65 168 207 140 211 137 120 21 120 155 242 118 64 217 246 120 121 173 72 187 58 193 234 84 240 101 182 100 155 75 156 19 116 185 81 141 109 209 113 128 132 95 122 84 69 69 72 68 77 99 93 115 118 109 105 64 73 70 67 68 80 78 78 77 77 28 22 28 39 66 76 89 86 83 90 91 96 110 114 111 102 96
86 108 96 0 122 105 23 59 84 45 74 108 9 57 131 149 142 113 69 31 134 112 82 116 68 56 95 67 104 146 54 33 122 151 103 94 133 111 92 125 97 139 67 144 76 153 46 108 41 106 88 62 156 91 46 39 166 79 59 36 95 70 47 29 81 76 31 38 42 39 58 65 48 43 33 28 25 28 23 40 62 56 72 86 99 90 73 64 41 34 15 12 7 16 27 33 36 40 27 23 16
50 228 59 122 0 76 105 153 96 166 63 228 118 76 222 269 236 207 96 96 229 232 192 236 189 128 80 112 206 267 124 106 242 271 90 91 224 26 212 3 218 259 76 265 84 233 108 207 86 207 76 113 236 50 164 121 260 93 179 154 62 110 86 106 59 64 97 96 113 107 115 114 114 117 98 114 101 95 101 95 71 78 65 50 87 78 79 90 116 128 121 118 116 111 107 115 129 134 128 119 118
90 212 16 105 76 0 102 110 134 123 86 212 108 92 180 253 193 164 116 80 160 216 149 220 146 135 12 135 163 250 133 73 226 255 132 134 181 85 196 76 201 243 97 248 114 190 115 164 89 164 18 131 193 94 150 124 217 126 137 140 108 137 99 78 82 85 83 92 114 108 129 133 123 120 73 81 85 75 83 94 91 91 90 90 20 16 36 48 75 85 98 95 98 105 105 111 124 129 126 117 111
64 125 88 23 105 102 0 75 61 65 52 125 15 35 144 166 158 129 46 20 150 129 102 133 111 42 93 45 124 163 39 44 138 168 83 71 146 89 109 103 114 156 45 161 54 155 23 128 19 126 85 40 158 69 60 27 182 59 101 51 73 48 25 41 59 54 18 16 19 16 37 43 30 26 40 39 23 32 28 18 40 34 50 64 96 87 71 72 57 50 31 24 16 8 4 10 23 28 25 16 14
130 146 101 59 153 110 75 0 135 39 118 146 62 104 83 116 97 68 116 73 112 149 53 154 49 110 100 120 67 184 108 50 159 189 151 145 85 144 130 150 135 177 113 182 123 94 97 67 85 68 91 114 97 135 81 93 121 129 40 71 141 122 93 53 123 120 75 84 93 90 111 118 102 97 58 43 66 64 60 86 109 103 116 130 103 94 78 64 36 26 44 50 61 69 78 84 90 94 91 82 71
50 179 122 84 96 134 61 135 0 124 46 179 76 48 211 220 219 189 29 71 211 183 162 187 148 41 136 21 184 217 41 97 192 222 25 13 213 71 163 94 168 210 39 215 22 216 38 188 61 185 132 25 219 47 121 47 243 19 139 112 37 19 52 94 53 48 67 59 46 47 28 22 38 43 93 96 76 84 82 59 47 48 46 50 144 135 118 119 116 110 92 85 77 67 60 54 55 63 66 66 74
128 125 114 45 166 123 65 39 124 0 116 125 50 98 87 119 111 83 110 73 129 129 37 133 43 91 113 105 59 164 90 63 139 168 146 134 88 153 109 163 115 156 108 162 117 108 91 64 82 61 104 101 111 132 60 81 135 124 34 51 137 113 89 65 122 117 74 79 83 81 97 103 87 82 71 56 67 76 73 82 103 97 114 128 115 106 90 76 49 38 57 56 50 58 68 74 69 64 58 60 55
13 176 73 74 63 86 52 118 46 116 0 176 66 14 188 217 201 172 35 48 194 179 153 184 154 65 88 55 175 214 61 74 189 219 48 46 189 38 159 61 165 207 15 212 32 198 46 179 33 177 82 53 201 17 111 59 225 41 145 102 27 54 23 71 8 2 44 33 51 45 52 55 52 55 68 76 54 61 59 32 11 15 4 13 93 84 82 84 90 93 80 73 66 58 55 52 67 72 75 67 65
188 0 203 108 228 212 125 146 179 125 176 0 111 158 131 93 152 136 165 137 236 6 162 10 149 138 202 159 145 91 138 140 16 95 199 187 133 213 20 226 19 83 168 89 175 145 142 145 142 146 195 157 148 192 113 132 172 175 139 104 198 161 149 136 182 177 136 139 134 136 152 157 138 133 140 135 132 136 130 142 163 157 174 188 206 197 180 171 148 141 122 119 114 118 127 136 120 114 109 113 116
78 111 99 9 118 108 15 62 76 50 66 111 0 48 137 152 145 116 60 29 138 115 87 119 74 49 98 59 109 149 46 36 124 154 94 86 138 103 95 116 100 142 58 147 68 142 38 114 32 111 91 54 145 82 49 31 169 71 64 39 87 63 39 32 73 68 28 30 34 31 51 57 40 35 37 31 26 29 24 32 53 47 64 78 102 93 76 68 44 37 18 15 8 11 18 25 28 32 29 20 13
26 158 79 57 76 92 35 104 48 98 14 158 48 0 174 199 187 158 24 34 180 162 136 166 140 51 92 43 158 197 48 60 172 201 52 48 175 51 142 74 148 189 10 195 26 184 32 162 22 159 85 40 187 30 94 45 211 35 131 84 35 45 10 57 22 16 30 19 37 31 39 41 38 41 56 61 40 47 45 18 5 1 12 26 96 87 70 72 79 79 63 56 49 41 37 38 53 58 58 49 48
200 131 171 131 222 180 144 83 211 87 188 131 137 174 0 47 42 19 186 143 181 135 54 140 53 177 170 192 27 80 177 120 145 85 220 221 2 214 115 220 121 57 183 78 193 36 167 28 154 28 161 188 38 204 147 168 62 198 57 137 211 200 163 122 192 190 144 153 169 160 184 190 173 168 128 113 136 133 129 156 178 172 186 200 172 163 147 133 106 96 114 120 130 139 148 154 156 150 145 147 141
229 93 245 149 269 253 166 116 220 119 217 93 152 199 47 0 67 52 207 178 213 97 87 102 86 180 244 200 60 42 179 181 107 47 241 228 48 254 77 267 83 19 210 40 216 61 183 61 184 61 236 199 64 233 154 173 110 216 90 145 239 202 190 177 224 219 177 181 175 177 194 199 179 174 182 176 173 177 171 183 204 198 215 229 247 238 222 213 189 182 163 160 156 159 169 177 162 156 150 154 157
214 152 185 142 236 193 158 97 219 111 201 152 145 187 42 67 0 29 199 156 195 155 78 160 71 180 184 203 52 100 180 134 165 105 234 229 44 228 136 233 141 77 196 98 206 11 180 52 168 53 175 197 14 218 149 176 24 212 75 140 225 206 177 136 206 203 158 167 177 174 195 201 185 180 142 127 150 147 143 170 192 186 199 214 186 177 161 147 120 109 127 134 144 153 161 168 173 153 147 165 155
184 136 155 113 207 164 129 68 189 83 172 136 116 158 19 52 29 0 170 127 166 140 49 145 42 151 154 174 24 85 150 104 150 90 205 199 21 198 120 204 126 62 167 83 177 27 151 24 139 25 145 168 30 189 120 147 53 183 46 111 195 176 147 107 177 174 129 138 147 144 165 172 156 151 113 97 120 118 114 141 163 157 170 184 157 148 132 118 90 80 98 105 115 123 132 138 144 124 118 136 125
46 165 103 69 96 116 46 116 29 110 35 165 60 24 186 207 199 170 0 46 192 169 147 174 152 34 115 21 170 204 34 72 179 209 41 36 187 71 149 94 155 197 20 202 15 196 24 174 35 171 107 19 199 50 115 37 223 15 143 106 42 23 27 69 43 37 42 32 32 32 21 20 25 33 68 74 52 59 57 31 27 24 31 46 118 109 93 94 91 91 72 66 61 52 44 39 45 53 57 54 58
60 137 65 31 96 80 20 73 71 73 48 137 29 34 143 178 156 127 46 0 149 141 112 145 109 57 70 56 126 175 54 27 151 180 81 75 144 85 121 94 126 168 43 173 53 153 37 127 15 127 62 52 156 65 75 45 180 59 100 65 72 59 24 24 51 50 4 14 35 31 50 55 45 41 23 31 7 15 14 17 39 33 46 60 74 65 48 50 46 48 36 30 24 22 23 29 42 46 43 35 29
206 236 168 134 229 160 150 112 211 129 194 236 138 180 181 213 195 166 192 149 0 240 151 244 148 186 148 195 165 275 184 126 250 279 227 221 183 220 220 226 225 267 189 273 199 194 173 165 161 166 150 190 191 210 171 169 169 204 138 162 217 198 169 128 199 196 151 159 169 166 187 193 178 173 134 119 142 139 136 162 185 179 192 206 145 147 152 139 112 102 120 126 136 145 154 160 166 169 167 158 147
191 6 207 112 232 216 129 149 183 129 179 6 115 162 135 97 155 140 169 141 240 0 166 6 152 142 206 163 148 94 142 144 11 99 203 191 137 216 24 230 23 87 172 92 179 149 146 149 146 149 198 161 152 196 117 136 176 179 143 107 202 165 153 140 186 181 139 143 137 140 156 161 141 136 144 138 136 139 134 145 167 161 177 191 210 201 184 175 151 144 126 122 118 122 131 139 124 118 112 117 120
165 162 140 82 192 149 102 53 162 37 153 162 87 136 54 87 78 49 147 112 151 166 0 171 22 128 139 143 37 120 128 89 176 124 184 172 55 183 146 189 152 96 146 118 155 75 129 38 120 38 130 138 78 169 97 118 102 162 26 88 174 151 126 92 162 155 114 117 120 118 134 141 124 119 98 82 105 103 99 119 141 135 151 165 142 133 117 103 75 65 83 89 87 95 106 112 107 101 95 98 92
196 10 211 116 236 220 133 154 187 133 184 10 119 166 140 102 160 145 174 145 244 6 171 0 157 147 210 167 153 99 146 148 7 103 207 195 141 221 28 234 27 92 176 97 183 154 150 153 150 154 203 166 156 200 121 140 180 183 147 112 206 169 157 144 191 186 144 148 142 144 160 166 146 141 149 143 140 144 138 150 171 165 182 196 214 205 188 180 156 149 130 127 123 126 135 144 128 123 117 121 124
166 149 137 68 189 146 111 49 148 43 154 149 74 140 53 86 71 42 152 109 148 152 22 157 0 114 136 129 37 119 114 86 162 124 187 158 55 180 133 186 138 96 149 117 159 75 115 37 121 38 127 124 77 170 84 105 95 165 9 74 177 137 129 89 159 156 111 120 106 126 121 127 110 105 94 79 102 100 96 122 145 139 152 166 139 130 114 100 72 62 80 86 97 105 114 120 93 87 82 84 78
77 138 120 56 128 135 42 110 41 91 65 138 49 51 177 180 180 151 34 57 186 142 128 147 114 0 125 21 150 177 2 84 152 181 61 49 179 102 122 126 128 170 51 175 44 199 21 154 48 152 118 19 202 79 81 19 226 44 105 71 72 23 46 81 73 67 53 45 22 28 14 19 13 16 80 80 63 71 68 45 56 51 62 77 129 120 103 105 92 85 66 65 54 45 39 33 26 30 37 37 44
91 202 21 95 80 12 93 100 136 113 88 202 98 92 170 244 184 154 115 70 148 206 139 210 136 125 0 125 153 241 123 63 216 245 134 135 171 86 186 80 192 233 98 239 116 181 105 154 80 155 9 121 183 96 140 114 208 127 127 131 109 128 89 68 84 86 73 82 104 98 119 123 114 110 63 71 75 66 73 85 92 91 91 91 6 10 27 38 65 75 88 85 88 95 96 101 115 119 116 107 101
66 159 120 67 112 135 45 120 21 105 55 159 59 43 192 200 203 174 21 56 195 163 143 167 129 21 125 0 165 197 21 82 173 202 42 30 193 87 143 110 148 190 40 195 29 214 23 169 47 166 117 7 216 63 101 28 227 24 119 92 56 4 43 79 63 57 52 44 27 31 9 3 19 24 78 81 61 69 67 45 45 42 51 66 129 120 103 105 101 95 76 69 61 52 44 37 36 44 47 47 55
187 145 155 104 206 163 124 67 184 59 175 145 109 158 27 60 52 24 170 126 165 148 37 153 37 150 153 165 0 93 150 104 158 98 206 194 29 212 128 203 134 70 168 91 177 49 151 4 142 1 144 160 52 192 119 140 75 184 40 110 196 173 148 106 182 177 133 139 142 140 156 163 146 141 112 96 119 117 113 141 163 157 173 187 156 147 131 117 90 79 97 104 109 118 128 134 129 123 117 120 114
226 91 242 146 267 250 163 184 217 164 214 91 149 197 80 42 100 85 204 175 275 94 120 99 119 177 241 197 93 0 176 178 104 20 238 226 82 251 74 265 80 32 207 20 213 94 181 94 181 94 233 196 97 230 151 170 121 213 123 142 236 199 187 175 221 216 174 178 172 175 191 196 176 171 179 173 171 174 168 180 202 196 212 226 244 235 219 210 186 179 160 157 153 157 166 174 159 153 147 151 155
73 138 118 54 124 133 39 108 41 90 61 138 46 48 177 179 180 150 34 54 184 142 128 146 114 2 123 21 150 176 0 81 152 181 61 49 179 98 122 122 127 169 48 175 45 199 19 154 45 151 115 19 201 80 80 16 225 44 105 71 72 23 44 78 69 63 50 42 20 25 14 19 11 14 77 78 60 69 66 42 52 47 58 73 127 118 101 102 90 83 64 63 52 43 37 30 23 27 35 34 42
85 140 64 33 106 73 44 50 97 63 74 140 36 60 120 181 134 104 72 27 126 144 89 148 86 84 63 82 104 178 81 0 154 183 107 101 122 98 124 104 129 171 69 176 79 131 62 104 41 105 55 78 134 89 78 67 158 85 77 68 97 85 49 6 76 75 30 39 61 56 76 80 72 67 9 10 22 15 18 42 65 59 72 85 66 57 41 32 19 25 26 23 31 40 47 53 64 68 65 56 46
201 16 217 122 242 226 138 159 192 139 189 16 124 172 145 107 165 150 179 151 250 11 176 7 162 152 216 173 158 104 152 154 0 109 213 201 147 226 34 240 32 97 182 102 189 159 156 159 156 159 208 171 162 206 127 145 186 189 153 117 212 174 162 150 196 191 149 153 147 150 166 171 151 146 154 148 146 149 143 155 177 171 187 201 220 211 194 185 161 154 135 132 128 132 141 149 134 128 122 127 130
231 95 246 151 271 255 168 189 222 168 219 95 154 201 85 47 105 90 209 180 279 99 124 103 124 181 245 202 98 20 181 183 109 0 242 230 86 256 79 269 85 36 211 6 218 99 185 98 185 99 238 201 101 235 156 175 125 218 127 147 241 204 192 179 225 220 179 182 177 179 195 201 181 176 183 178 175 179 173 185 206 200 217 231 249 240 223 215 191 184 165 162 157 161 170 179 163 158 152 156 159
48 199 120 103 90 132 83 151 25 146 48 199 94 52 220 241 234 205 41 81 227 203 184 207 187 61 134 42 206 238 61 107 213 242 0 12 222 65 183 88 189 231 42 236 27 231 60 210 68 207 128 47 234 45 142 69 258 33 177 132 30 39 57 104 51 51 77 68 68 69 51 45 60 65 103 108 87 94 92 67 48 52 47 48 140 131 121 123 125 126 109 102 95 87 82 76 77 85 89 88 94
50 187 121 94 91 134 71 145 13 134 46 187 86 48 221 228 229 199 36 75 221 191 172 195 158 49 135 30 194 226 49 101 201 230 12 0 222 66 171 89 177 218 39 224 22 226 48 198 62 195 130 35 229 47 129 57 253 27 149 120 31 27 51 98 53 48 71 62 55 57 38 33 48 53 97 103 81 88 86 61 46 48 46 50 141 132 116 118 120 120 102 95 87 77 70 64 65 73 76 76 84
201 133 173 133 224 181 146 85 213 88 189 133 138 175 2 48 44 21 187 144 183 137 55 141 55 179 171 193 29 82 179 122 147 86 222 222 0 215 117 221 122 58 184 80 194 37 168 29 156 30 162 189 40 206 148 169 64 200 58 139 213 201 165 124 194 191 146 155 171 162 185 191 175 170 130 114 137 135 131 158 180 174 187 201 174 165 149 135 108 97 115 122 132 140 149 155 158 152 146 148 143
25 213 72 111 26 85 89 144 71 153 38 213 103 51 214 254 228 198 71 85 220 216 183 221 180 102 86 87 212 251 98 98 226 256 65 66 215 0 197 24 202 244 51 249 59 225 83 198 70 214 81 88 227 25 148 96 251 68 171 139 37 84 61 98 34 38 81 70 88 82 89 89 89 92 89 105 91 86 96 69 46 52 40 25 92 83 79 90 108 119 117 110 104 95 92 89 104 109 113 104 102
172 20 187 92 212 196 109 130 163 109 159 20 95 142 115 77 136 120 149 121 220 24 146 28 133 122 186 143 128 74 122 124 34 79 183 171 117 197 0 210 9 67 152 73 159 129 126 129 126 130 178 141 132 176 97 116 156 159 123 87 182 145 133 120 166 161 119 123 118 120 136 141 122 116 124 119 116 119 114 126 147 141 157 172 190 181 164 155 132 125 106 103 98 102 111 120 104 98 93 97 100
48 226 58 125 3 76 103 150 94 163 61 226 116 74 220 267 233 204 94 94 226 230 189 234 186 126 80 110 203 265 122 104 240 269 88 89 221 24 210 0 216 257 74 263 82 230 106 204 84 204 75 111 233 48 162 119 257 91 177 152 60 107 84 103 57 62 95 94 111 105 113 112 112 115 95 111 101 92 98 93 69 76 63 48 86 77 78 89 114 125 119 115 117 109 105 112 127 132 126 117 116
177 19 193 97 218 201 114 135 168 115 165 19 100 148 121 83 141 126 155 126 225 23 152 27 138 128 192 148 134 80 127 129 32 85 189 177 122 202 9 216 0 73 158 78 164 135 132 135 132 135 184 147 138 181 102 121 161 164 129 93 187 150 138 126 172 167 125 129 123 126 142 147 127 122 130 124 122 125 119 131 153 147 163 177 195 186 170 161 137 130 111 108 104 108 117 125 110 104 98 102 106
219 83 234 139 259 243 156 177 210 156 207 83 142 189 57 19 77 62 197 168 267 87 96 92 96 170 233 190 70 32 169 171 97 36 231 218 58 244 67 257 73 0 199 30 206 71 173 70 173 71 226 189 73 223 144 163 97 206 99 135 229 192 180 167 214 209 167 171 165 167 184 189 169 164 172 166 163 167 161 173 194 188 205 219 237 228 211 203 179 172 153 150 146 149 158 167 151 146 140 144 147
26 168 84 67 76 97 45 113 39 108 15 168 58 10 183 210 196 167 20 43 189 172 146 176 149 51 98 40 168 207 48 69 182 211 42 39 184 51 152 74 158 199 0 205 17 193 32 172 30 169 95 39 196 30 104 45 220 28 140 94 27 39 19 66 23 17 39 30 40 35 40 40 38 41 65 71 49 56 54 29 8 12 11 26 106 97 81 83 88 88 73 66 59 51 47 43 53 61 65 59 58
224 89 240 144 265 248 161 182 215 162 212 89 147 195 78 40 98 83 202 173 273 92 118 97 117 175 239 195 91 20 175 176 102 6 236 224 80 249 73 263 78 30 205 0 211 92 179 92 179 92 231 194 95 229 149 168 119 211 121 140 235 197 185 173 219 214 172 176 170 173 189 194 174 169 177 171 169 172 166 178 200 194 210 224 242 233 217 208 184 177 158 155 151 155 164 172 157 151 145 149 153
38 175 101 76 84 114 54 123 22 117 32 175 68 26 193 216 206 177 15 53 199 179 155 183 159 44 116 29 177 213 45 79 189 218 27 22 194 59 159 82 164 206 17 211 0 203 33 181 40 178 109 29 206 35 125 46 230 13 150 116 28 26 29 76 40 34 49 40 40 40 31 30 38 43 75 80 59 66 64 39 25 26 28 38 120 111 94 96 98 98 82 75 68 60 53 47 55 62 66 66 67
211 145 182 153 233 190 155 94 216 108 198 145 142 184 36 61 11 27 196 153 194 149 75 154 75 199 181 214 49 94 199 131 159 99 231 226 37 225 129 230 135 71 193 92 203 0 177 49 165 50 172 209 3 215 168 189 31 209 78 159 222 221 174 133 203 200 155 164 174 171 205 212 195 190 139 124 147 144 140 167 189 183 196 211 183 174 158 144 117 106 124 131 141 150 158 165 178 172 166 169 163
58 142 100 46 108 115 23 97 38 91 46 142 38 32 167 183 180 151 24 37 173 146 129 150 115 21 105 23 151 181 19 62 156 185 60 48 168 83 126 106 132 173 32 179 33 177 0 155 28 152 98 18 180 62 91 14 204 36 106 82 57 26 25 59 53 47 33 25 10 9 15 21 9 10 58 61 42 50 47 25 36 33 43 58 109 100 83 85 79 72 54 47 38 29 22 16 22 30 33 33 35
191 145 155 108 207 164 128 67 188 64 179 145 114 162 28 61 52 24 174 127 165 149 38 153 37 154 154 169 4 94 154 104 159 98 210 198 29 198 129 204 135 70 172 92 181 49 155 0 146 3 145 164 52 196 124 145 76 188 41 114 200 177 152 106 176 181 128 143 146 144 160 167 150 145 112 97 120 117 114 145 167 161 177 191 156 147 131 117 90 80 98 104 113 122 132 138 133 127 121 124 118
45 142 75 41 86 89 19 85 61 82 33 142 32 22 154 184 168 139 35 15 161 146 120 150 121 48 80 47 142 181 45 41 156 185 68 62 156 70 126 84 132 173 30 179 40 165 28 146 0 143 72 43 168 50 78 36 192 48 111 68 58 50 10 37 40 35 11 4 26 21 41 46 36 32 36 42 21 28 26 5 27 21 31 45 83 74 58 59 59 60 47 40 33 25 21 23 37 45 42 33 32
189 146 156 106 207 164 126 68 185 61 177 146 111 159 28 61 53 25 171 127 166 149 38 154 38 152 155 166 1 94 151 105 159 99 207 195 30 214 130 204 135 71 169 92 178 50 152 3 143 0 146 162 53 193 121 142 77 185 41 112 198 174 150 107 183 178 129 140 144 142 158 164 148 143 113 98 121 118 114 143 164 158 175 189 157 148 132 118 91 80 98 105 110 119 129 135 130 125 119 121 116
86 195 19 88 76 18 85 91 132 104 82 195 91 85 161 236 175 145 107 62 150 198 130 203 127 118 9 117 144 233 115 55 208 238 128 130 162 81 178 75 184 226 95 231 109 172 98 145 72 146 0 113 174 90 132 106 199 120 118 123 103 120 82 60 78 81 66 75 96 91 111 116 106 102 56 64 67 58 66 77 86 83 86 86 12 3 17 29 56 66 80 78 81 88 88 94 107 111 108 99 94
64 157 116 62 113 131 40 114 25 101 53 157 54 40 188 199 197 168 19 52 190 161 138 166 124 19 121 7 160 196 19 78 171 201 47 35 189 88 141 111 147 189 39 194 29 209 18 164 43 162 113 0 212 64 100 23 221 27 115 91 57 10 39 75 61 55 48 40 22 26 6 5 14 19 74 78 57 65 63 40 44 39 50 64 125 116 99 100 96 89 70 63 55 46 38 30 32 39 43 43 50
213 148 185 156 236 193 158 97 219 111 201 148 145 187 38 64 14 30 199 156 191 152 78 156 77 202 183 216 52 97 201 134 162 101 234 229 40 227 132 233 138 73 196 95 206 3 180 52 168 53 174 212 0 218 171 192 34 212 81 162 225 224 177 136 206 203 158 167 176 174 208 214 198 193 142 126 149 147 143 170 192 186 199 213 186 177 161 147 120 109 127 134 144 152 161 167 181 175 169 171 166
5 192 81 91 50 94 69 135 47 132 17 192 82 30 204 233 218 189 50 65 210 196 169 200 170 79 96 63 192 230 80 89 206 235 45 47 206 25 176 48 181 223 30 229 35 215 62 196 50 193 90 64 218 0 128 75 242 44 161 118 21 61 40 86 13 18 61 50 67 61 66 65 68 71 82 92 70 75 76 49 25 32 19 5 101 92 88 91 104 109 97 90 83 75 71 69 83 88 92 83 82
123 113 141 46 164 150 60 81 121 60 111 113 49 94 147 154 149 120 115 75 171 117 97 121 84 81 140 101 119 151 80 78 127 156 142 129 148 148 97 162 102 144 104 149 125 168 91 124 78 121 132 100 171 128 0 75 195 124 74 9 132 103 84 74 118 113 73 75 77 76 95 100 87 82 78 72 70 73 68 77 99 93 109 123 144 135 118 109 85 74 60 56 52 56 64 70 63 65 52 56 48
71 132 109 39 121 124 27 93 47 81 59 132 31 45 168 173 176 147 37 45 169 136 118 140 105 19 114 28 140 170 16 67 145 175 69 57 169 96 116 119 121 163 45 168 46 189 14 145 36 142 106 23 192 75 75 0 200 46 95 65 70 31 36 63 66 60 43 33 9 14 19 26 9 4 64 62 48 57 52 33 49 44 55 71 117 108 92 93 75 68 49 46 37 28 23 16 11 18 23 21 27
238 172 209 166 260 217 182 121 243 135 225 172 169 211 62 110 24 53 223 180 169 176 102 180 95 226 208 227 75 121 225 158 186 125 258 253 64 251 156 257 161 97 220 119 230 31 204 76 192 77 199 221 34 242 195 200 0 236 99 186 249 230 201 160 230 227 182 191 201 198 219 225 209 204 166 151 174 171 167 194 216 210 223 238 210 201 185 171 144 133 151 158 168 176 185 191 197 199 193 195 179
47 175 113 79 93 126 59 129 19 124 41 175 71 35 198 216 212 183 15 59 204 179 162 183 165 44 127 24 184 213 44 85 189 218 33 27 200 68 159 91 164 206 28 211 13 209 36 188 48 185 120 27 212 44 124 46 236 0 155 115 37 21 38 82 50 43 55 45 45 45 31 25 38 43 81 86 65 72 70 44 36 35 39 47 131 122 105 107 103 104 85 78 72 63 58 52 55 62 66 66 70
157 139 128 59 179 137 101 40 139 34 145 139 64 131 57 90 75 46 143 100 138 143 26 147 9 105 127 119 40 123 105 77 153 127 177 149 58 171 123 177 129 99 140 121 150 78 106 41 111 41 118 115 81 161 74 95 99 155 0 65 168 127 120 79 149 147 101 110 97 117 111 117 101 96 85 70 93 90 86 113 135 129 143 157 129 120 104 90 63 53 71 77 87 96 105 111 84 78 72 74 69
114 104 132 36 154 140 51 71 112 51 102 104 39 84 137 145 140 111 106 65 162 107 88 112 74 71 131 92 110 142 71 68 117 147 132 120 139 139 87 152 93 135 94 140 116 159 82 114 68 112 123 91 162 118 9 65 186 115 65 0 123 94 75 65 109 104 64 66 67 67 85 91 78 73 69 63 61 64 58 68 89 83 100 114 134 125 109 100 76 65 50 47 43 47 54 61 54 56 42 47 39
23 198 95 95 62 108 73 141 37 137 27 198 87 35 211 239 225 195 42 72 217 202 174 206 177 72 109 56 196 236 72 97 212 241 30 31 213 37 182 60 187 229 27 235 28 222 57 200 58 198 103 57 225 21 132 70 249 37 168 123 0 53 47 94 27 28 68 58 64 63 59 58 63 66 93 99 77 85 83 57 31 36 28 23 115 106 102 105 116 116 101 94 87 79 75 70 78 85 89 86 86
64 161 122 70 110 137 48 122 19 113 54 161 63 45 200 202 206 176 23 59 198 165 151 169 137 23 128 4 173 199 23 85 174 204 39 27 201 84 145 107 150 192 39 197 26 221 26 177 50 174 120 10 224 61 103 31 230 21 127 94 53 0 45 81 62 56 55 47 30 34 12 7 22 28 80 83 64 72 69 47 47 44 50 64 131 122 106 107 103 97 79 72 63 54 47 38 40 47 51 51 58
36 149 84 47 86 99 25 93 52 89 23 149 39 10 163 190 177 147 27 24 169 153 126 157 129 46 89 43 148 187 44 49 162 192 57 51 165 61 133 84 138 180 19 185 29 174 25 152 10 150 82 39 177 40 84 36 201 38 120 75 47 45 0 46 31 25 20 10 26 21 37 42 35 32 45 51 29 37 35 9 15 9 21 36 93 84 68 69 68 68 53 47 40 32 28 26 40 47 49 40 38
82 136 69 29 106 78 41 53 94 65 71 136 32 57 122 177 136 107 69 24 128 140 92 144 89 81 68 79 106 175 78 6 150 179 104 98 124 98 120 103 126 167 66 173 76 133 59 106 37 107 60 75 136 86 74 63 160 82 79 65 94 81 46 0 73 72 27 36 58 53 73 77 69 64 8 10 19 12 14 39 62 56 69 82 72 63 46 37 24 28 22 19 27 35 44 50 60 64 61 52 42
9 182 69 81 59 82 59 123 53 122 8 182 73 22 192 224 206 177 43 51 199 186 162 191 159 73 84 63 182 221 69 76 196 225 51 53 194 34 166 57 172 214 23 219 40 203 53 176 40 183 78 61 206 13 118 66 230 50 149 109 27 62 31 73 0 6 51 45 58 53 60 62 60 63 69 80 57 62 64 40 18 23 12 9 89 80 76 78 91 98 86 80 73 65 61 60 75 79 82 73 72
13 177 72 76 64 85 54 120 48 117 2 177 68 16 190 219 203 174 37 50 196 181 155 186 156 67 86 57 177 216 63 75 191 220 51 48 191 38 161 62 167 209 17 214 34 200 47 181 35 178 81 55 203 18 113 60 227 43 147 104 28 56 25 72 6 0 46 35 52 47 54 56 54 57 68 77 56 61 61 34 12 17 6 13 92 83 82 84 90 95 82 75 68 60 56 54 69 73 77 68 67
56 136 68 31 97 83 18 75 67 74 44 136 28 30 144 177 158 129 42 4 151 139 114 144 111 53 73 52 133 174 50 30 149 179 77 71 146 81 119 95 125 167 39 172 49 155 33 128 11 129 66 48 158 61 73 43 182 55 101 64 68 55 20 27 51 46 0 10 31 27 46 51 41 37 26 32 9 17 16 13 35 29 42 56 77 68 51 53 48 50 37 31 24 21 20 26 40 44 41 32 27
45 139 77 38 96 92 16 84 59 79 33 139 30 19 153 181 167 138 32 14 159 143 117 148 120 45 82 44 139 178 42 39 153 182 68 62 155 70 123 94 129 171 30 176 40 164 25 143 4 140 75 40 167 50 75 33 191 45 110 66 58 47 10 36 45 35 10 0 23 18 38 43 33 29 35 41 19 27 25 3 24 18 31 45 86 77 60 62 58 58 44 37 30 22 18 20 34 42 39 30 29
63 134 99 42 113 114 19 93 46 83 51 134 34 37 169 175 177 147 32 35 169 137 120 142 106 22 104 27 142 172 20 61 147 177 68 55 171 88 118 111 123 165 40 170 40 174 10 146 26 144 96 22 176 67 77 9 201 45 97 67 64 30 26 58 58 52 31 23 0 5 18 25 11 6 57 57 40 49 45 23 42 36 49 63 108 99 82 84 75 68 50 43 34 25 18 9 13 20 25 23 29
57 136 93 39 107 108 16 90 47 81 45 136 31 31 160 177 174 144 32 31 166 140 118 144 126 28 98 31 140 175 25 56 150 179 69 57 162 82 120 105 126 167 35 173 40 171 9 144 21 142 91 26 174 61 76 14 198 45 117 67 63 34 21 53 53 47 27 18 5 0 23 29 16 10 52 55 35 44 40 18 36 30 43 57 102 93 76 78 72 65 47 40 32 23 15 9 16 23 27 25 28
65 152 115 58 115 129 37 111 28 97 52 152 51 39 184 194 195 165 21 50 187 156 134 160 121 14 119 9 156 191 14 76 166 195 51 38 185 89 136 113 142 184 40 189 31 205 15 160 41 158 111 6 208 66 95 19 219 31 111 85 59 12 37 73 60 54 46 38 18 23 0 7 10 16 72 75 55 63 61 39 43 38 49 65 123 114 97 99 93 86 68 61 52 43 35 29 28 35 39 39 46
65 157 118 65 114 133 43 118 22 103 55 157 57 41 190 199 201 172 20 55 193 161 141 166 127 19 123 3 163 196 19 80 171 201 45 33 191 89 141 112 147 189 40 194 30 212 21 167 46 164 116 5 214 65 100 26 225 25 117 91 58 7 42 77 62 56 51 43 25 29 7 0 17 22 76 79 60 68 65 43 46 41 51 65 127 118 101 103 99 93 74 67 59 50 42 35 34 42 45 45 53
64 138 109 48 114 123 30 102 38 87 52 138 40 38 173 179 185 156 25 45 178 141 124 146 110 13 114 19 146 176 11 72 151 181 60 48 175 89 122 112 127 169 38 174 38 195 9 150 36 148 106 14 198 68 87 9 209 38 101 78 63 22 35 69 60 54 41 33 11 16 10 17 0 6 68 68 51 60 56 33 43 37 49 64 117 108 92 93 84 77 58 54 45 36 28 21 17 25 29 29 36
67 133 105 43 117 120 26 97 43 82 55 133 35 41 168 174 180 151 33 41 173 136 119 141 105 16 110 24 141 171 14 67 146 176 65 53 170 92 116 115 122 164 41 169 43 190 10 145 32 143 102 19 193 71 82 4 204 43 96 73 66 28 32 64 63 57 37 29 6 10 16 22 6 0 63 64 46 54 51 30 45 42 52 67 114 105 88 90 79 72 53 50 41 32 23 16 12 20 24 23 31
78 140 64 33 98 73 40 58 93 71 68 140 37 56 128 182 142 113 68 23 134 144 98 149 94 80 63 78 112 179 77 9 154 183 103 97 130 89 124 95 130 172 65 177 75 139 58 112 36 113 56 74 142 82 78 64 166 81 85 69 93 80 45 8 69 68 26 35 57 52 72 76 68 63 0 17 18 8 14 38 61 55 66 78 67 58 41 36 28 33 26 24 28 37 43 49 61 65 62 53 42
88 135 73 28 114 81 39 43 96 56 76 135 31 61 113 176 127 97 74 31 119 138 82 143 79 80 71 81 96 173 78 10 148 178 108 103 114 105 119 111 124 166 71 171 80 124 61 97 42 98 64 78 126 92 72 62 151 86 70 63 99 83 51 10 80 77 32 41 57 55 75 79 68 64 17 0 24 20 17 44 66 60 74 88 75 66 50 39 21 18 20 18 26 34 42 48 59 63 60 51 40
66 132 70 25 101 85 23 66 76 67 54 132 26 40 136 173 150 120 52 7 142 136 105 140 102 63 75 61 119 171 60 22 146 175 87 81 137 91 116 101 122 163 49 169 59 147 42 120 21 121 67 57 149 70 70 48 174 65 93 61 77 64 29 19 57 56 9 19 40 35 55 60 51 46 18 24 0 9 7 22 45 39 52 66 79 70 53 51 41 41 29 24 18 20 26 32 45 49 46 37 30
71 136 67 28 95 75 32 64 84 76 61 136 29 47 133 177 147 118 59 15 139 139 103 144 100 71 66 69 117 174 69 15 149 179 94 88 135 86 119 92 125 167 56 172 66 144 50 117 28 118 58 65 147 75 73 57 171 72 90 64 85 72 37 12 62 61 17 27 49 44 63 68 60 54 8 20 9 0 7 30 52 46 59 71 69 60 44 41 34 39 29 26 23 30 35 41 54 58 55 46 39
71 130 68 23 101 83 28 60 82 73 59 130 24 45 129 171 143 114 57 14 136 134 99 138 96 68 73 67 113 168 66 18 143 173 92 86 131 96 114 98 119 161 54 166 64 140 47 114 26 114 66 63 143 76 68 52 167 70 86 58 83 69 35 14 64 61 16 25 45 40 61 65 56 51 14 17 7 7 0 28 50 44 57 71 77 68 51 49 37 35 22 19 17 25 32 38 49 53 50 41 34
44 142 80 40 95 94 18 86 59 82 32 142 32 18 156 183 170 141 31 17 162 145 119 150 122 45 85 45 141 180 42 42 155 185 67 61 158 69 126 93 131 173 29 178 39 167 25 145 5 143 77 40 170 49 77 33 194 44 113 68 57 47 9 39 40 34 13 3 23 18 39 43 33 30 38 44 22 30 28 0 23 17 30 44 88 79 63 64 61 61 46 39 33 24 21 20 34 41 42 33 31
21 163 78 62 71 91 40 109 47 103 11 163 53 5 178 204 192 163 27 39 185 167 141 171 145 56 92 45 163 202 52 65 177 206 48 46 180 46 147 69 153 194 8 200 25 189 36 167 27 164 86 44 192 25 99 49 216 36 135 89 31 47 15 62 18 12 35 24 42 36 43 46 43 45 61 66 45 52 50 23 0 6 6 21 98 89 76 78 84 84 68 61 54 46 42 43 57 65 63 54 53
27 157 78 56 78 91 34 103 48 97 15 157 47 1 172 198 186 157 24 33 179 161 135 165 139 51 91 42 157 196 47 59 171 200 52 48 174 52 141 76 147 188 12 194 26 183 33 161 21 158 83 39 186 32 93 44 210 35 129 83 36 44 9 56 23 17 29 18 36 30 38 41 37 42 55 60 39 46 44 17 6 0 13 27 95 86 69 71 78 78 62 55 48 40 36 37 50 57 57 48 47
15 174 77 72 65 90 50 116 46 114 4 174 64 12 186 215 199 170 31 46 192 177 151 182 152 62 91 51 173 212 58 72 187 217 47 46 187 40 157 63 163 205 11 210 28 196 43 177 31 175 86 50 199 19 109 55 223 39 143 100 28 50 21 69 12 6 42 31 49 43 49 51 49 52 66 74 52 59 57 30 6 13 0 15 97 88 80 82 88 91 78 71 64 56 53 50 64 70 73 65 63
0 188 77 86 50 90 64 130 50 128 13 188 78 26 200 229 214 184 46 60 206 191 165 196 166 77 91 66 187 226 73 85 201 231 48 50 201 25 172 48 177 219 26 224 38 211 58 191 45 189 86 64 213 5 123 71 238 47 157 114 23 64 36 82 9 13 56 45 63 57 65 65 64 67 78 88 66 71 71 44 21 27 15 0 97 88 84 86 100 105 92 85 79 70 67 64 79 84 88 79 77
97 206 28 99 87 20 96 103 144 115 93 206 102 96 172 247 186 157 118 74 145 210 142 214 139 129 6 129 156 244 127 66 220 249 140 141 174 92 190 86 195 237 106 242 120 183 109 156 83 157 12 125 186 101 144 117 210 131 129 134 115 131 93 72 89 92 77 86 108 102 123 127 117 114 67 75 79 69 77 88 98 95 97 97 0 9 28 41 67 77 92 89 92 99 99 105 118 122 120 111 105
88 197 22 90 78 16 87 94 135 106 84 197 93 87 163 238 177 148 109 65 147 201 133 205 130 120 10 120 147 235 118 57 211 240 131 132 165 83 181 77 186 228 97 233 111 174 100 147 74 148 3 116 177 92 135 108 201 122 120 125 106 122 84 63 80 83 68 77 99 93 114 118 108 105 58 66 70 60 68 79 89 86 88 88 9 0 20 32 58 69 83 80 83 90 90 96 109 114 111 102 96
84 180 28 73 79 36 71 78 118 90 82 180 76 70 147 222 161 132 93 48 152 184 117 188 114 103 27 103 131 219 101 41 194 223 121 116 149 79 164 78 170 211 81 217 94 158 83 131 58 132 17 99 161 88 118 92 185 105 104 109 102 106 68 46 76 82 51 60 82 76 97 101 92 88 41 50 53 44 51 63 76 69 80 84 28 20 0 16 42 53 66 64 67 73 74 79 93 97 94 85 79
86 171 39 64 90 48 72 64 119 76 84 171 68 72 133 213 147 118 94 50 139 175 103 180 100 105 38 105 117 210 102 32 185 215 123 118 135 90 155 89 161 203 83 208 96 144 85 117 59 118 29 100 147 91 109 93 171 107 90 100 105 107 69 37 78 84 53 62 84 78 99 103 93 90 36 39 51 41 49 64 78 71 82 86 41 32 16 0 28 39 53 55 63 71 75 81 94 98 95 86 77
100 148 66 41 116 75 57 36 116 49 90 148 44 79 106 189 120 90 91 46 112 151 75 156 72 92 65 101 90 186 90 19 161 191 125 120 108 108 132 114 137 179 88 184 98 117 79 90 59 91 56 96 120 104 85 75 144 103 63 76 116 103 68 24 91 90 48 58 75 72 93 99 84 79 28 21 41 34 37 61 84 78 88 100 67 58 42 28 0 11 26 32 42 51 60 66 72 76 73 64 53
105 141 76 34 128 85 50 26 110 38 93 141 37 79 96 182 109 80 91 48 102 144 65 149 62 85 75 95 79 179 83 25 154 184 126 120 97 119 125 125 130 172 88 177 98 106 72 80 60 80 66 89 109 109 74 68 133 104 53 65 116 97 68 28 98 95 50 58 68 65 86 93 77 72 33 18 41 39 35 61 84 78 91 105 77 69 53 39 11 0 19 25 35 44 53 59 65 69 66 57 46
92 122 89 15 121 98 31 44 92 57 80 122 18 63 114 163 127 98 72 36 120 126 83 130 80 66 88 76 97 160 64 26 135 165 109 102 115 117 106 119 111 153 73 158 82 124 54 98 47 98 80 70 127 97 60 49 151 85 71 50 101 79 53 22 86 82 37 44 50 47 68 74 58 53 26 20 29 29 22 46 68 62 78 92 92 83 66 53 26 19 0 7 15 23 34 41 46 50 47 38 27
85 119 86 12 118 95 24 50 85 56 73 119 15 56 120 160 134 105 66 30 126 122 89 127 86 65 85 69 104 157 63 23 132 162 102 95 122 110 103 115 108 150 66 155 75 131 47 104 40 105 78 63 134 90 56 46 158 78 77 47 94 72 47 19 80 75 31 37 43 40 61 67 54 50 24 18 24 26 19 39 61 55 71 85 89 80 64 55 32 25 7 0 10 19 27 34 43 47 44 35 24
79 114 83 7 116 98 16 61 77 50 66 114 8 49 130 156 144 115 61 24 136 118 87 123 97 54 88 61 109 153 52 31 128 157 95 87 132 104 98 117 104 146 59 151 68 141 38 113 33 110 81 55 144 83 52 37 168 72 87 43 87 63 40 27 73 68 24 30 34 32 52 59 45 41 28 26 18 23 17 33 54 48 64 79 92 83 67 63 42 35 15 10 0 9 19 25 34 38 35 26 15
70 118 90 16 111 105 8 69 67 58 58 118 11 41 139 159 153 123 52 22 145 122 95 126 105 45 95 52 118 157 43 40 132 161 87 77 140 95 102 109 108 149 51 155 60 150 29 122 25 119 88 46 152 75 56 28 176 63 96 47 79 54 32 35 65 60 21 22 25 23 43 50 36 32 37 34 20 30 25 24 46 40 56 70 99 90 73 71 51 44 23 19 9 0 10 16 25 29 26 17 10
67 127 91 27 107 105 4 78 60 68 55 127 18 37 148 169 161 132 44 23 154 131 106 135 114 39 96 44 128 166 37 47 141 170 82 70 149 92 111 105 117 158 47 164 53 158 22 132 21 129 88 38 161 71 64 23 185 58 105 54 75 47 28 44 61 56 20 18 18 15 35 42 28 23 43 42 26 35 32 21 42 36 53 67 99 90 74 75 60 53 34 27 19 10 0 9 22 30 27 18 16
64 136 96 33 115 111 10 84 54 74 52 136 25 38 154 177 168 138 39 29 160 139 112 144 120 33 101 37 134 174 30 53 149 179 76 64 155 89 120 112 125 167 43 172 47 165 16 138 23 135 94 30 167 69 70 16 191 52 111 61 70 38 26 50 60 54 26 20 9 9 29 35 21 16 49 48 32 41 38 20 43 37 50 64 105 96 79 81 66 59 41 34 25 16 9 0 15 22 27 25 22
79 120 110 36 129 124 23 90 55 69 67 120 28 53 156 162 173 144 45 42 166 124 107 128 93 26 115 36 129 159 23 64 134 163 77 65 158 104 104 127 110 151 53 157 55 178 22 133 37 130 107 32 181 83 63 11 197 55 84 54 78 40 40 60 75 69 40 34 13 16 28 34 17 12 61 59 45 54 49 34 57 50 64 79 118 109 93 94 72 65 46 43 34 25 22 15 0 8 12 15 24
84 114 114 40 134 129 28 94 63 64 72 114 32 58 150 156 153 124 53 46 169 118 101 123 87 30 119 44 123 153 27 68 128 158 85 73 152 109 98 132 104 146 61 151 62 172 30 127 45 125 111 39 175 88 65 18 199 62 78 56 85 47 47 64 79 73 44 42 20 23 35 42 25 20 65 63 49 58 53 41 65 57 70 84 122 114 97 98 76 69 50 47 38 29 30 22 8 0 6 14 20
88 109 111 27 128 126 25 91 66 58 75 109 29 58 145 150 147 118 57 43 167 112 95 117 82 37 116 47 117 147 35 65 122 152 89 76 146 113 93 126 98 140 65 145 66 166 33 121 42 119 108 43 169 92 52 23 193 66 72 42 89 51 49 61 82 77 41 39 25 27 39 45 29 24 62 60 46 55 50 42 63 57 73 88 120 111 94 95 73 66 47 44 35 26 27 27 12 6 0 8 14
79 113 102 23 119 117 16 82 66 60 67 113 20 49 147 154 165 136 54 35 158 117 98 121 84 37 107 47 120 151 34 56 127 156 88 76 148 104 97 117 102 144 59 149 66 169 33 124 33 121 99 43 171 83 56 21 195 66 74 47 86 51 40 52 73 68 32 30 23 25 39 45 29 23 53 51 37 46 41 33 54 48 65 79 111 102 85 86 64 57 38 35 26 17 18 25 15 14 8 0 7
77 116 96 16 118 111 14 71 74 55 65 116 13 48 141 157 155 125 58 29 147 120 92 124 78 44 101 55 114 155 42 46 130 159 94 84 143 102 100 116 106 147 58 153 67 163 35 118 32 116 94 50 166 82 48 27 179 70 69 39 86 58 38 42 72 67 27 29 29 28 46 53 36 31 42 40 30 39 34 31 53 47 63 77 105 96 79 77 53 46 27 24 15 10 16 22 24 20 14 7 0