0 38 226 228 94 208 61 142 172 201 155 63 165 66 238 107 66 185 211 201 126 46 133 8 206 196 89 78 224 193 131 134 65 60 99 78 81 49 99 82 57 78 144 86 234 214 28 196 187 190 81 79 198 228 58 226 64 197 63 191 246 64 36 82 9 13 56 45 63 57 65 65 64 67 78 88 66 71 71 44 21 27 15 0 97 88 84 86 100 105 92 85 79 70 67 64 79 84 88 79 77
38 0 200 202 101 184 72 117 145 175 131 27 170 28 213 112 28 158 185 175 135 15 108 46 181 170 77 90 198 166 140 143 34 76 61 43 95 11 110 44 95 42 146 81 208 189 30 170 163 163 95 52 172 202 71 200 32 171 34 165 222 34 12 58 34 28 32 22 29 26 27 30 27 31 57 63 41 49 47 21 17 11 23 38 102 93 77 79 80 80 65 58 52 43 38 34 41 49 53 51 50
226 200 0 18 243 276 234 212 74 104 223 174 297 177 120 254 177 96 113 104 277 203 203 234 274 98 194 242 20 95 281 284 173 245 152 156 256 189 264 155 273 186 264 222 31 221 227 98 255 90 256 155 100 18 273 0 198 99 202 94 145 199 187 174 220 215 173 177 172 174 190 195 176 170 178 173 170 174 168 180 201 195 212 226 244 235 218 209 186 179 160 157 152 156 165 174 158 152 147 151 154
228 202 18 0 245 279 236 214 76 106 226 176 299 180 122 256 180 98 115 106 279 206 205 236 276 100 196 245 4 97 284 286 175 248 155 159 258 191 266 158 275 188 266 225 15 223 230 101 258 93 258 158 103 0 275 18 200 102 204 96 147 201 189 176 223 218 176 180 174 176 193 198 178 173 181 175 172 176 170 182 203 197 214 228 246 237 221 212 188 181 162 159 155 158 168 176 161 155 149 153 156
94 101 243 245 0 152 42 89 189 219 101 111 76 118 210 22 118 160 228 219 36 117 89 100 149 213 55 32 241 210 41 44 104 50 143 119 35 108 28 113 98 135 59 21 252 157 117 213 105 154 35 106 215 245 131 243 129 214 132 209 219 130 92 71 86 89 76 85 107 101 122 126 116 113 66 74 78 68 76 87 95 94 94 94 6 13 29 41 68 78 91 88 91 98 98 104 117 121 119 110 104
208 184 276 279 152 0 183 94 222 252 86 177 115 184 162 135 184 171 261 252 161 194 99 216 11 246 128 181 275 243 159 162 163 197 180 169 183 183 176 163 241 196 113 161 285 46 211 247 74 165 183 151 249 279 252 276 199 248 203 242 155 200 172 131 201 198 153 162 171 169 189 196 180 175 137 121 144 142 138 165 187 181 194 208 147 150 154 142 115 104 122 129 139 147 156 162 168 172 169 160 150
61 72 234 236 42 183 0 101 180 210 114 96 113 101 212 55 101 162 219 210 75 87 98 67 181 204 57 27 233 201 79 82 89 27 132 103 29 83 47 101 75 114 93 35 243 189 84 204 140 156 29 94 206 236 98 234 105 205 106 200 221 106 68 73 53 56 67 70 92 86 99 102 99 98 65 76 68 62 68 70 62 62 61 61 45 36 32 43 70 80 89 85 83 85 86 88 102 110 107 98 92
142 117 212 214 89 94 101 0 158 188 15 111 86 117 159 72 117 108 197 188 98 128 10 150 91 182 54 99 211 179 103 106 96 115 116 103 112 117 112 97 172 130 67 78 221 100 144 182 48 102 112 85 184 214 186 212 133 184 137 178 168 134 105 64 135 132 87 95 105 102 123 129 114 109 70 55 78 75 72 98 121 115 128 142 84 84 69 66 46 38 56 62 72 81 90 96 102 105 103 94 83
172 145 74 76 189 222 180 158 0 34 169 120 243 123 156 200 123 166 43 34 223 149 149 180 220 28 140 188 73 25 227 230 119 191 98 102 202 135 210 101 219 132 210 168 83 228 173 28 201 126 202 101 30 76 219 74 144 29 148 24 181 145 133 120 166 161 119 123 118 120 136 141 122 116 124 119 116 119 114 126 147 141 157 172 190 181 164 155 132 125 106 103 98 102 111 120 104 98 93 97 100
201 175 104 106 219 252 210 188 34 0 199 150 273 153 186 230 153 196 37 0 252 179 179 209 250 6 169 218 102 9 257 260 149 221 128 132 231 164 239 131 248 161 239 198 112 258 203 7 231 156 231 131 3 106 249 104 174 4 178 11 211 174 162 150 196 191 149 153 147 150 166 171 151 146 154 148 146 149 143 155 177 171 187 201 220 211 194 185 161 154 135 132 128 132 141 149 134 128 122 127 130
155 131 223 226 101 86 114 15 169 199 0 124 78 131 168 84 131 117 208 199 111 141 20 163 83 193 64 111 222 190 115 118 110 127 127 116 124 130 124 110 175 143 65 90 232 91 158 194 39 112 124 98 196 226 199 223 146 195 150 189 177 147 119 78 148 145 100 109 118 115 136 143 127 122 84 68 91 89 85 112 134 128 141 155 97 96 81 76 56 51 69 76 86 94 103 109 115 119 116 107 97
63 27 174 176 111 177 96 111 120 150 124 0 180 8 206 122 8 143 159 150 145 30 101 71 175 144 83 105 173 141 149 152 15 102 41 18 119 15 132 20 120 28 156 90 183 183 54 144 156 147 119 36 146 176 93 174 25 145 30 140 215 27 31 64 59 53 35 28 5 11 15 21 7 4 63 63 46 54 51 28 42 38 48 63 112 103 86 88 81 74 55 48 40 31 22 16 16 23 27 27 34
165 170 297 299 76 115 113 86 243 273 78 180 0 186 242 62 186 191 282 273 52 186 92 171 114 267 105 105 296 264 44 43 173 122 201 190 111 177 104 184 169 204 31 91 306 132 188 267 68 185 111 172 269 299 202 297 198 268 201 263 251 199 161 119 157 160 145 154 176 170 191 195 185 182 123 121 136 128 132 156 166 163 165 165 75 77 95 102 103 125 143 137 145 153 167 173 189 192 190 181 170
66 28 177 180 118 184 101 117 123 153 131 8 186 0 213 129 0 146 163 153 151 23 108 74 181 148 89 111 176 144 156 159 22 104 35 21 124 17 138 24 123 20 162 97 186 189 54 148 163 151 124 40 150 180 92 177 18 149 22 143 222 19 36 70 62 56 42 34 12 17 7 13 2 8 69 70 52 61 58 34 44 39 51 66 119 110 93 94 87 80 60 55 47 38 29 22 19 27 31 30 38
238 213 120 122 210 162 212 159 156 186 168 206 242 213 0 219 213 79 195 186 243 223 150 245 169 180 157 210 119 177 247 250 192 226 202 203 223 212 231 193 270 235 218 190 129 135 240 180 200 73 223 180 182 122 281 120 228 181 232 176 9 230 201 160 230 227 182 191 201 198 219 225 209 204 166 151 174 171 167 194 216 210 223 238 210 201 185 171 144 133 151 158 168 176 185 191 197 199 193 195 179
107 112 254 256 22 135 55 72 200 230 84 122 62 129 219 0 129 168 239 230 43 128 76 113 132 224 63 48 252 221 48 51 115 64 154 130 53 119 46 124 112 146 42 34 263 140 130 224 88 162 53 117 226 256 144 254 140 225 143 220 227 141 103 82 99 102 87 96 118 112 133 137 127 124 77 85 89 79 87 98 108 105 107 107 17 20 37 49 76 86 102 99 102 109 109 115 128 132 130 121 115
66 28 177 180 118 184 101 117 123 153 131 8 186 0 213 129 0 146 163 153 151 23 108 74 181 148 89 111 176 144 156 159 22 104 35 21 124 17 138 24 123 20 162 97 186 189 54 148 163 151 124 40 150 180 92 177 18 149 22 143 222 19 36 70 62 56 42 34 12 17 7 13 2 8 69 70 52 61 58 34 44 39 51 66 119 110 93 94 87 80 60 55 47 38 29 22 19 27 31 30 38
185 158 96 98 160 171 162 108 166 196 117 143 191 146 79 168 146 0 205 196 192 167 99 193 168 190 107 159 95 187 197 199 132 175 124 125 172 153 180 124 220 157 167 139 105 176 185 191 149 6 172 113 193 98 226 96 165 192 174 186 78 171 146 109 180 175 131 137 140 138 154 161 144 139 115 100 125 120 116 139 160 154 171 185 159 150 134 120 93 95 100 113 107 115 126 132 127 121 115 118 112
211 185 113 115 228 261 219 197 43 37 208 159 282 163 195 239 163 205 0 37 262 189 188 219 259 31 179 228 112 28 266 269 158 231 138 142 241 174 249 141 258 171 249 207 122 267 212 31 240 165 241 140 33 115 258 113 183 32 187 27 220 184 172 159 205 200 159 162 157 159 175 181 161 156 163 158 155 159 153 165 186 180 197 211 229 220 203 194 171 164 145 142 137 141 150 159 143 138 132 136 139
201 175 104 106 219 252 210 188 34 0 199 150 273 153 186 230 153 196 37 0 252 179 179 209 250 6 169 218 102 9 257 260 149 221 128 132 231 164 239 131 248 161 239 198 112 258 203 7 231 156 231 131 3 106 249 104 174 4 178 11 211 174 162 150 196 191 149 153 147 150 166 171 151 146 154 148 146 149 143 155 177 171 187 201 220 211 194 185 161 154 135 132 128 132 141 149 134 128 122 127 130
126 135 277 279 36 161 75 98 223 252 111 145 52 151 243 43 151 192 262 252 0 151 103 132 159 247 87 66 275 244 9 12 138 85 176 152 69 142 62 147 132 169 69 53 285 167 149 247 115 186 69 140 249 279 164 277 163 248 166 242 251 164 126 104 119 121 110 119 140 135 156 160 150 147 100 108 112 102 110 121 127 128 126 126 34 42 61 73 100 110 124 122 125 132 132 138 151 155 152 144 138
46 15 203 206 117 194 87 128 149 179 141 30 186 23 223 128 23 167 189 179 151 0 119 54 192 173 88 105 202 170 156 159 40 89 59 47 110 15 125 47 103 33 162 97 212 200 33 174 173 172 110 60 176 206 72 203 22 175 23 169 232 23 27 69 43 37 42 32 32 32 21 20 25 33 68 74 52 59 57 31 27 24 31 46 118 109 93 94 91 91 72 66 61 52 44 39 45 53 57 54 58
133 108 203 205 89 99 98 10 149 179 20 101 92 108 150 76 108 99 188 179 103 119 0 141 97 173 45 96 202 170 108 110 87 112 107 94 109 108 108 88 163 120 74 76 212 105 135 173 54 93 109 76 175 205 176 203 124 174 128 169 158 125 96 55 125 123 77 86 96 93 114 120 105 100 61 46 69 66 63 89 111 106 119 133 86 80 65 57 37 29 47 53 63 72 81 87 92 96 93 85 74
8 46 234 236 100 216 67 150 180 209 163 71 171 74 245 113 74 193 219 209 132 54 141 0 214 204 97 84 232 200 137 140 72 59 106 86 83 56 104 90 57 82 150 92 242 222 31 204 195 197 83 87 206 236 58 234 67 205 66 199 254 67 43 90 17 21 64 53 71 65 72 72 72 75 86 96 74 79 79 52 29 35 23 8 103 94 90 97 108 113 100 93 86 78 75 72 87 92 95 87 85
206 181 274 276 149 11 181 91 220 250 83 175 114 181 169 132 181 168 259 250 159 192 97 214 0 244 126 178 273 241 157 160 160 194 178 167 180 181 174 161 239 193 111 158 283 53 208 244 72 162 180 149 246 276 250 274 197 245 201 240 163 198 169 128 199 196 151 159 169 166 187 193 178 173 134 119 142 139 136 162 185 179 192 206 145 147 152 139 112 102 120 126 136 145 154 160 166 169 167 158 147
196 170 98 100 213 246 204 182 28 6 193 144 267 148 180 224 148 190 31 6 247 173 173 204 244 0 164 213 97 3 251 254 143 215 123 127 226 159 234 126 243 156 234 192 107 252 197 1 225 150 226 125 4 100 243 98 168 3 172 5 205 169 157 144 190 185 144 147 142 144 160 166 146 141 148 143 140 144 138 150 171 165 182 196 214 205 188 179 156 149 130 127 122 126 135 144 128 123 117 121 124
89 77 194 196 55 128 57 54 140 169 64 83 105 89 157 63 89 107 179 169 87 88 45 97 126 164 0 54 192 161 92 95 70 70 105 81 68 78 76 75 115 106 77 34 203 134 98 164 102 101 68 63 166 196 142 194 99 165 103 160 166 100 65 21 80 79 46 55 77 72 92 96 88 83 22 24 38 28 34 58 73 66 77 89 54 45 29 15 15 25 42 39 47 56 63 69 80 84 81 72 62
78 90 242 245 32 181 27 99 188 218 111 105 105 111 210 48 111 159 228 218 66 105 96 84 178 213 54 0 241 209 71 74 98 24 136 112 18 101 27 106 71 132 85 28 251 187 101 213 138 154 18 100 215 245 106 242 122 214 124 208 219 123 86 70 71 73 70 79 100 95 117 119 110 106 66 74 71 68 70 81 79 79 78 78 36 29 30 41 67 78 90 88 85 92 92 98 111 115 112 103 98
224 198 20 4 241 275 233 211 73 102 222 173 296 176 119 252 176 95 112 102 275 202 202 232 273 97 192 241 0 93 280 283 172 244 151 155 254 187 262 154 271 184 262 221 12 220 226 97 254 89 254 154 99 4 272 20 196 98 201 92 144 197 185 173 219 214 172 176 170 173 189 194 174 169 177 171 169 172 166 178 200 194 210 224 242 233 217 208 184 177 158 155 151 155 164 172 157 151 145 149 153
193 166 95 97 210 243 201 179 25 9 190 141 264 144 177 221 144 187 28 9 244 170 170 200 241 3 161 209 93 0 248 251 140 212 119 123 223 156 231 122 240 152 231 189 104 249 194 3 222 147 223 122 5 97 240 95 165 4 169 2 202 166 154 141 187 182 140 144 138 141 157 162 142 137 145 140 137 140 135 147 168 162 178 193 211 202 185 176 152 145 127 124 119 123 132 141 125 119 114 118 121
131 140 281 284 41 159 79 103 227 257 115 149 44 156 247 48 156 197 266 257 9 156 108 137 157 251 92 71 280 248 0 3 143 89 181 157 74 147 67 151 137 174 46 58 290 165 154 252 113 191 74 144 254 284 168 281 168 253 171 247 256 169 131 109 123 126 115 123 145 139 160 164 155 151 105 113 116 107 114 126 132 132 131 131 39 47 66 78 105 115 129 127 130 137 137 142 156 160 157 148 143
134 143 284 286 44 162 82 106 230 260 118 152 43 159 250 51 159 199 269 260 12 159 110 140 160 254 95 74 283 251 3 0 146 92 184 160 77 150 70 154 140 177 49 60 293 168 156 254 115 194 77 147 256 286 171 284 170 255 174 250 259 172 133 112 126 129 117 126 148 142 163 167 158 154 107 115 119 110 117 128 134 135 134 134 41 50 69 81 107 118 132 129 132 139 140 145 158 163 160 151 145
65 34 173 175 104 163 89 96 119 149 110 15 173 22 192 115 22 132 158 149 138 40 87 72 160 143 70 98 172 140 143 146 0 100 44 16 111 26 125 18 121 42 140 84 182 168 62 143 142 137 111 22 145 175 103 173 39 145 43 139 200 40 27 51 60 54 27 20 11 11 28 35 21 16 50 49 33 41 38 21 44 38 50 65 105 96 80 81 66 59 41 34 26 14 7 2 15 22 26 24 20
60 76 245 248 50 197 27 115 191 221 127 102 122 104 226 64 104 175 231 221 85 89 112 59 194 215 70 24 244 212 89 92 100 0 137 115 24 87 47 112 48 118 101 42 254 203 83 216 154 170 24 106 218 248 81 245 108 217 106 211 235 109 74 85 52 55 78 81 101 95 103 106 102 105 76 93 79 73 79 82 61 66 60 60 54 45 46 57 83 94 100 96 94 97 98 100 113 121 118 109 104
99 61 152 155 143 180 132 116 98 128 127 41 201 35 202 154 35 124 138 128 176 59 107 106 178 123 105 136 151 119 181 184 44 137 0 29 149 50 163 33 155 35 175 122 161 186 88 123 159 129 149 40 125 155 122 152 47 124 51 118 201 48 69 85 94 88 65 63 44 49 39 45 36 39 86 84 70 79 74 63 77 72 83 99 144 135 118 119 97 90 71 68 59 50 52 45 30 22 24 32 39
78 43 156 159 119 169 103 103 102 132 116 18 190 21 203 130 21 125 142 132 152 47 94 86 167 127 81 112 155 123 157 160 16 115 29 0 125 32 139 9 135 35 151 98 165 175 71 127 148 130 125 24 129 159 110 156 40 128 45 122 202 41 42 62 74 68 41 35 15 17 29 36 19 14 62 60 46 55 50 35 59 51 64 78 120 111 94 95 73 66 47 44 35 26 23 17 2 6 10 14 23
81 95 256 258 35 183 29 112 202 231 124 119 111 124 223 53 124 172 241 231 69 110 109 83 180 226 68 18 254 223 74 77 111 24 149 125 0 106 23 120 71 137 90 37 264 189 104 226 136 167 0 113 228 258 105 256 128 227 129 222 232 129 91 83 73 76 83 93 115 109 122 125 122 121 79 87 85 81 83 93 82 85 81 81 40 36 43 54 80 91 104 101 98 105 105 111 124 128 125 117 111
49 11 189 191 108 183 83 117 135 164 130 15 177 17 212 119 17 153 174 164 142 15 108 56 181 159 78 101 187 156 147 150 26 87 50 32 106 0 121 32 105 32 153 88 197 189 39 159 162 157 106 45 161 191 78 189 25 160 28 155 221 26 21 59 44 38 33 24 17 17 18 22 16 19 58 62 42 50 47 23 27 22 33 49 109 100 84 85 81 80 62 55 46 37 30 24 31 38 42 39 43
99 110 264 266 28 176 47 112 210 239 124 132 104 138 231 46 138 180 249 239 62 125 108 104 174 234 76 27 262 231 67 70 125 47 163 139 23 121 0 134 86 156 83 39 272 182 121 234 129 175 23 127 236 266 128 264 142 235 144 230 240 143 113 91 91 93 97 106 128 122 143 140 137 134 87 95 99 89 97 108 99 99 98 99 34 30 50 62 88 99 112 109 112 119 119 125 138 142 140 131 125
82 44 155 158 113 163 101 97 101 131 110 20 184 24 193 124 24 124 141 131 147 47 88 90 161 126 75 106 154 122 151 154 18 112 33 9 120 32 134 0 129 37 145 92 164 169 71 126 142 129 120 17 128 158 110 155 43 127 47 121 201 44 43 56 76 71 35 33 16 19 32 38 22 17 56 54 40 49 44 36 58 52 68 82 114 105 88 89 67 60 41 38 29 20 21 18 8 12 9 8 16
57 95 273 275 98 241 75 172 219 248 175 120 169 123 270 112 123 220 258 248 132 103 163 57 239 243 115 71 271 240 137 140 121 48 155 135 71 105 86 129 0 131 149 90 281 247 79 243 201 214 71 126 245 275 67 273 116 244 115 239 279 116 92 116 66 70 103 102 120 114 121 121 121 124 108 124 109 105 111 101 78 84 72 57 101 93 93 104 126 138 132 128 126 118 114 121 136 141 135 126 124
78 42 186 188 135 196 114 130 132 161 143 28 204 20 235 146 20 157 171 161 169 33 120 82 193 156 106 132 184 152 174 177 42 118 35 35 137 32 156 37 131 0 180 115 194 202 59 156 175 162 137 54 158 188 89 186 17 157 18 151 234 15 51 86 75 69 60 52 32 37 14 14 22 24 86 89 72 77 77 52 58 53 63 78 136 127 111 112 100 93 74 75 62 53 49 42 33 37 45 44 52
144 146 264 266 59 113 93 67 210 239 65 156 31 162 218 42 162 167 249 239 69 162 74 150 111 234 77 85 262 231 46 49 140 101 175 151 90 153 83 145 149 180 0 71 272 119 167 234 66 161 90 133 236 266 182 264 174 235 177 229 227 175 137 91 137 139 116 130 147 142 166 171 161 153 95 94 108 101 104 132 145 139 144 144 55 57 69 74 78 89 104 109 117 125 133 139 150 154 151 142 131
86 81 222 225 21 161 35 78 168 198 90 90 91 97 190 34 97 139 207 198 53 97 76 92 158 192 34 28 221 189 58 60 84 42 122 98 37 88 39 92 90 115 71 0 231 166 105 193 117 133 37 85 195 225 124 222 109 194 112 188 199 110 72 50 79 81 56 64 86 80 101 105 96 92 46 54 57 48 55 67 80 73 84 86 24 15 9 20 47 57 70 68 71 78 78 83 97 101 98 89 84
234 208 31 15 252 285 243 221 83 112 232 183 306 186 129 263 186 105 122 112 285 212 212 242 283 107 203 251 12 104 290 293 182 254 161 165 264 197 272 164 281 194 272 231 0 230 236 107 264 99 264 164 109 15 282 31 207 108 211 103 154 208 195 183 229 224 182 186 180 183 199 204 184 179 187 181 179 182 176 188 210 204 220 234 253 244 227 218 194 187 168 165 161 165 174 182 167 161 155 160 163
214 189 221 223 157 46 189 100 228 258 91 183 132 189 135 140 189 176 267 258 167 200 105 222 53 252 134 187 220 249 165 168 168 203 186 175 189 189 182 169 247 202 119 166 230 0 217 252 80 171 189 157 254 223 258 221 205 254 209 248 129 206 177 137 207 204 159 168 177 174 195 202 186 181 142 127 150 148 144 170 193 187 200 214 153 155 160 148 120 110 128 134 145 153 162 168 174 178 175 166 155
28 30 227 230 117 211 84 144 173 203 158 54 188 54 240 130 54 185 212 203 149 33 135 31 208 197 98 101 226 194 154 156 62 83 88 71 104 39 121 71 79 59 167 105 236 217 0 197 190 190 104 79 200 230 41 227 44 199 44 193 249 44 39 85 31 28 59 49 55 54 50 49 54 57 84 90 68 76 74 48 26 32 25 28 120 111 101 103 107 108 92 86 79 71 66 62 69 77 81 78 77
196 170 98 101 213 247 204 182 28 7 194 144 267 148 180 224 148 191 31 7 247 174 173 204 244 1 164 213 97 3 252 254 143 216 123 127 226 159 234 126 243 156 234 193 107 252 197 0 226 151 226 126 4 101 243 98 168 3 172 6 205 169 157 144 191 186 144 148 142 144 160 166 146 141 149 143 140 144 138 150 171 165 182 196 214 205 188 180 156 149 130 127 123 126 135 144 128 123 117 121 124
187 163 255 258 105 74 140 48 201 231 39 156 68 163 200 88 163 149 240 231 115 173 54 195 72 225 102 138 254 222 113 115 142 154 159 148 136 162 129 142 201 175 66 117 264 80 190 226 0 144 136 130 228 258 231 255 178 227 182 221 209 179 151 110 180 177 132 141 150 148 168 175 159 154 116 100 123 121 117 144 166 160 173 187 101 103 108 114 94 83 101 108 118 126 135 141 147 151 148 139 129
190 163 90 93 154 165 156 102 126 156 112 147 185 151 73 162 151 6 165 156 186 172 93 197 162 150 101 154 89 147 191 194 137 170 129 130 167 157 175 129 214 162 161 133 99 171 190 151 144 0 167 117 153 93 231 90 170 152 178 146 72 175 151 104 174 179 126 141 145 143 159 165 149 144 109 94 117 115 111 144 165 159 175 190 153 145 129 115 87 77 95 101 111 120 130 136 131 126 120 122 117
81 95 256 258 35 183 29 112 202 231 124 119 111 124 223 53 124 172 241 231 69 110 109 83 180 226 68 18 254 223 74 77 111 24 149 125 0 106 23 120 71 137 90 37 264 189 104 226 136 167 0 113 228 258 105 256 128 227 129 222 232 129 91 83 73 76 83 93 115 109 122 125 122 121 79 87 85 81 83 93 82 85 81 81 40 36 43 54 80 91 104 101 98 105 105 111 124 128 125 117 111
79 52 155 158 106 151 94 85 101 131 98 36 172 40 180 117 40 113 140 131 140 60 76 87 149 125 63 100 154 122 144 147 22 106 40 24 113 45 127 17 126 54 133 85 164 157 79 126 130 117 113 0 128 158 120 155 59 127 63 121 189 60 40 44 74 69 29 31 31 30 48 54 38 33 43 42 32 41 36 33 55 49 65 79 107 98 81 79 55 48 29 26 16 12 18 24 23 22 16 9 2
198 172 100 103 215 249 206 184 30 3 196 146 269 150 182 226 150 193 33 3 249 176 175 206 246 4 166 215 99 5 254 256 145 218 125 129 228 161 236 128 245 158 236 195 109 254 200 4 228 153 228 128 0 103 245 100 170 1 174 8 207 171 159 146 193 188 146 150 144 146 163 168 148 143 151 145 142 146 140 152 173 167 184 198 216 207 191 182 158 151 132 129 125 128 138 146 131 125 119 123 126
228 202 18 0 245 279 236 214 76 106 226 176 299 180 122 256 180 98 115 106 279 206 205 236 276 100 196 245 4 97 284 286 175 248 155 159 258 191 266 158 275 188 266 225 15 223 230 101 258 93 258 158 103 0 275 18 200 102 204 96 147 201 189 176 223 218 176 180 174 176 193 198 178 173 181 175 172 176 170 182 203 197 214 228 246 237 221 212 188 181 162 159 155 158 168 176 161 155 149 153 156
58 71 273 275 131 252 98 186 219 249 199 93 202 92 281 144 92 226 258 249 164 72 176 58 250 243 142 106 272 240 168 171 103 81 122 110 105 78 128 110 67 89 182 124 282 258 41 243 231 231 105 120 245 275 0 273 76 244 73 239 290 75 80 126 64 64 100 90 95 95 87 81 94 97 125 131 110 117 115 89 67 73 65 58 134 125 121 132 148 149 134 127 120 112 107 102 109 116 120 117 119
226 200 0 18 243 276 234 212 74 104 223 174 297 177 120 254 177 96 113 104 277 203 203 234 274 98 194 242 20 95 281 284 173 245 152 156 256 189 264 155 273 186 264 222 31 221 227 98 255 90 256 155 100 18 273 0 198 99 202 94 145 199 187 174 220 215 173 177 172 174 190 195 176 170 178 173 170 174 168 180 201 195 212 226 244 235 218 209 186 179 160 157 152 156 165 174 158 152 147 151 154
64 32 198 200 129 199 105 133 144 174 146 25 198 18 228 140 18 165 183 174 163 22 124 67 197 168 99 122 196 165 168 170 39 108 47 40 128 25 142 43 116 17 174 109 207 205 44 168 178 170 128 59 170 200 76 198 0 169 5 164 237 2 44 80 64 58 54 46 29 33 11 5 21 26 79 82 63 71 68 46 46 43 52 64 130 121 104 106 102 96 78 71 62 53 46 37 38 46 50 49 57
197 171 99 102 214 248 205 184 29 4 195 145 268 149 181 225 149 192 32 4 248 175 174 205 245 3 165 214 98 4 253 255 145 217 124 128 227 160 235 127 244 157 235 194 108 254 199 3 227 152 227 127 1 102 244 99 169 0 173 7 206 170 158 145 192 187 145 149 143 146 162 167 147 142 150 144 142 145 139 151 172 166 183 197 215 206 190 181 157 150 131 128 124 127 137 145 130 124 118 122 125
63 34 202 204 132 203 106 137 148 178 150 30 201 22 232 143 22 174 187 178 166 23 128 66 201 172 103 124 201 169 171 174 43 106 51 45 129 28 144 47 115 18 177 112 211 209 44 172 182 178 129 63 174 204 73 202 5 173 0 168 241 4 46 83 61 55 57 49 33 37 15 10 25 31 82 85 66 74 71 49 46 45 49 63 133 124 108 109 105 100 81 75 66 57 49 41 43 50 54 54 61
191 165 94 96 209 242 200 178 24 11 189 140 263 143 176 220 143 186 27 11 242 169 169 199 240 5 160 208 92 2 247 250 139 211 118 122 222 155 230 121 239 151 229 188 103 248 193 6 221 146 222 121 8 96 239 94 164 7 168 0 201 165 153 140 186 181 139 143 137 140 156 161 141 136 144 138 136 139 134 145 167 161 177 191 210 201 184 175 151 144 126 122 118 122 131 139 124 118 112 117 120
246 222 145 147 219 155 221 168 181 211 177 215 251 222 9 227 222 78 220 211 251 232 158 254 163 205 166 219 144 202 256 259 200 235 201 202 232 221 240 201 279 234 227 199 154 129 249 205 209 72 232 189 207 147 290 145 237 206 241 201 0 238 209 169 239 236 191 200 209 206 227 234 218 213 175 159 182 180 176 203 225 219 232 246 219 210 194 180 152 142 160 167 177 185 194 200 203 198 192 194 189
64 34 199 201 130 200 106 134 145 174 147 27 199 19 230 141 19 171 184 174 164 23 125 67 198 169 100 123 197 166 169 172 40 109 48 41 129 26 143 44 116 15 175 110 208 206 44 169 179 175 129 60 171 201 75 199 2 170 4 165 238 0 45 81 62 56 55 47 30 34 12 7 22 28 80 83 64 72 69 47 47 44 50 64 131 122 106 107 103 97 79 72 63 54 47 38 40 47 51 51 58
36 12 187 189 92 172 68 105 133 162 119 31 161 36 201 103 36 146 172 162 126 27 96 43 169 157 65 86 185 154 131 133 27 74 69 42 91 21 113 43 92 51 137 72 195 177 39 157 151 151 91 40 159 189 80 187 44 158 46 153 209 45 0 46 31 25 20 10 26 21 37 42 35 32 45 51 29 37 35 9 15 9 21 36 93 84 68 69 68 68 53 47 40 32 28 26 40 47 49 40 38
82 58 174 176 71 131 73 64 120 150 78 64 119 70 160 82 70 109 159 150 104 69 55 90 128 144 21 70 173 141 109 112 51 85 85 62 83 59 91 56 116 86 91 50 183 137 85 144 110 104 83 44 146 176 126 174 80 145 83 140 169 81 46 0 73 72 27 36 58 53 73 77 69 64 8 10 19 12 14 39 62 56 69 82 72 63 46 37 24 28 22 19 27 35 44 50 60 64 61 52 42
9 34 220 223 86 201 53 135 166 196 148 59 157 62 230 99 62 180 205 196 119 43 125 17 199 190 80 71 219 187 123 126 60 52 94 74 73 44 91 76 66 75 137 79 229 207 31 191 180 174 73 74 193 223 64 220 64 192 61 186 239 62 31 73 0 6 51 45 58 53 60 62 60 63 69 80 57 62 64 40 18 23 12 9 89 80 76 78 91 98 86 80 73 65 61 60 75 79 82 73 72
13 28 215 218 89 198 56 132 161 191 145 53 160 56 227 102 56 175 200 191 121 37 123 21 196 185 79 73 214 182 126 129 54 55 88 68 76 38 93 71 70 69 139 81 224 204 28 186 177 179 76 69 188 218 64 215 58 187 55 181 236 56 25 72 6 0 46 35 52 47 54 56 54 57 68 77 56 61 61 34 12 17 6 13 92 83 82 84 90 95 82 75 68 60 56 54 69 73 77 68 67
56 32 173 176 76 153 67 87 119 149 100 35 145 42 182 87 42 131 159 149 110 42 77 64 151 144 46 70 172 140 115 117 27 78 65 41 83 33 97 35 103 60 116 56 182 159 59 144 132 126 83 29 146 176 100 173 54 145 57 139 191 55 20 27 51 46 0 10 31 27 46 51 41 37 26 32 9 17 16 13 35 29 42 56 77 68 51 53 48 50 37 31 24 21 20 26 40 44 41 32 27
45 22 177 180 85 162 70 95 123 153 109 28 154 34 191 96 34 137 162 153 119 32 86 53 159 147 55 79 176 144 123 126 20 81 63 35 93 24 106 33 102 52 130 64 186 168 49 148 141 141 93 31 150 180 90 177 46 149 49 143 200 47 10 36 45 35 10 0 23 18 38 43 33 29 35 41 19 27 25 3 24 18 31 45 86 77 60 62 58 58 44 37 30 22 18 20 34 42 39 30 29
63 29 172 174 107 171 92 105 118 147 118 5 176 12 201 118 12 140 157 147 140 32 96 71 169 142 77 100 170 138 145 148 11 101 44 15 115 17 128 16 120 32 147 86 180 177 55 142 150 145 115 31 144 174 95 172 29 143 33 137 209 30 26 58 58 52 31 23 0 5 18 25 11 6 57 57 40 49 45 23 42 36 49 63 108 99 82 84 75 68 50 43 34 25 18 9 13 20 25 23 29
57 26 174 176 101 169 86 102 120 150 115 11 170 17 198 112 17 138 159 150 135 32 93 65 166 144 72 95 173 141 139 142 11 95 49 17 109 17 122 19 114 37 142 80 183 174 54 144 148 143 109 30 146 176 95 174 33 146 37 140 206 34 21 53 53 47 27 18 5 0 23 29 16 10 52 55 35 44 40 18 36 30 43 57 102 93 76 78 72 65 47 40 32 23 15 9 16 23 27 25 28
65 27 190 193 122 189 99 123 136 166 136 15 191 7 219 133 7 154 175 166 156 21 114 72 187 160 92 117 189 157 160 163 28 103 39 29 122 18 143 32 121 14 166 101 199 195 50 160 168 159 122 48 163 193 87 190 11 162 15 156 227 12 37 73 60 54 46 38 18 23 0 7 10 16 72 75 55 63 61 39 43 38 49 65 123 114 97 99 93 86 68 61 52 43 35 29 28 35 39 39 46
65 30 195 198 126 196 102 129 141 171 143 21 195 13 225 137 13 161 181 171 160 20 120 72 193 166 96 119 194 162 164 167 35 106 45 36 125 22 140 38 121 14 171 105 204 202 49 166 175 165 125 54 168 198 81 195 5 167 10 161 234 7 42 77 62 56 51 43 25 29 7 0 17 22 76 79 60 68 65 43 46 41 51 65 127 118 101 103 99 93 74 67 59 50 42 35 34 42 45 45 53
64 27 176 178 116 180 99 114 122 151 127 7 185 2 209 127 2 144 161 151 150 25 105 72 178 146 88 110 174 142 155 158 21 102 36 19 122 16 137 22 121 22 161 96 184 186 54 146 159 149 122 38 148 178 94 176 21 147 25 141 218 22 35 69 60 54 41 33 11 16 10 17 0 6 68 68 51 60 56 33 43 37 49 64 117 108 92 93 84 77 58 54 45 36 28 21 17 25 29 29 36
67 31 170 173 113 175 98 109 116 146 122 4 182 8 204 124 8 139 156 146 147 33 100 75 173 141 83 106 169 137 151 154 16 105 39 14 121 19 134 17 124 24 153 92 179 181 57 141 154 144 121 33 143 173 97 170 26 142 31 136 213 28 32 64 63 57 37 29 6 10 16 22 6 0 63 64 46 54 51 30 45 42 52 67 114 105 88 90 79 72 53 50 41 32 23 16 12 20 24 23 31
78 57 178 181 66 137 65 70 124 154 84 63 123 69 166 77 69 115 163 154 100 68 61 86 134 148 22 66 177 145 105 107 50 76 86 62 79 58 87 56 108 86 95 46 187 142 84 149 116 109 79 43 151 181 125 178 79 150 82 144 175 80 45 8 69 68 26 35 57 52 72 76 68 63 0 17 18 8 14 38 61 55 66 78 67 58 41 36 28 33 26 24 28 37 43 49 61 65 62 53 42
88 63 173 175 74 121 76 55 119 148 68 63 121 70 151 85 70 100 158 148 108 74 46 96 119 143 24 74 171 140 113 115 49 93 84 60 87 62 95 54 124 89 94 54 181 127 90 143 100 94 87 42 145 175 131 173 82 144 85 138 159 83 51 10 80 77 32 41 57 55 75 79 68 64 17 0 24 20 17 44 66 60 74 88 75 66 50 39 21 18 20 18 26 34 42 48 59 63 60 51 40
66 41 170 172 78 144 68 78 116 146 91 46 136 52 174 89 52 125 155 146 112 52 69 74 142 140 38 71 169 137 116 119 33 79 70 46 85 42 99 40 109 72 108 57 179 150 68 140 123 117 85 32 142 172 110 170 63 142 66 136 182 64 29 19 57 56 9 19 40 35 55 60 51 46 18 24 0 9 7 22 45 39 52 66 79 70 53 51 41 41 29 24 18 20 26 32 45 49 46 37 30
71 49 174 176 68 142 62 75 119 149 89 54 128 61 171 79 61 120 159 149 102 59 66 79 139 144 28 68 172 140 107 110 41 73 79 55 81 50 89 49 105 77 101 48 182 148 76 144 121 115 81 41 146 176 117 174 71 145 74 139 180 72 37 12 62 61 17 27 49 44 63 68 60 54 8 20 9 0 7 30 52 46 59 71 69 60 44 41 34 39 29 26 23 30 35 41 54 58 55 46 39
71 47 168 170 76 138 68 72 114 143 85 51 132 58 167 87 58 116 153 143 110 57 63 79 136 138 34 70 166 135 114 117 38 79 74 50 83 47 97 44 111 77 104 55 176 144 74 138 117 111 83 36 140 170 115 168 68 139 71 134 176 69 35 14 64 61 16 25 45 40 61 65 56 51 14 17 7 7 0 28 50 44 57 71 77 68 51 49 37 35 22 19 17 25 32 38 49 53 50 41 34
44 21 180 182 87 165 70 98 126 155 112 28 156 34 194 98 34 139 165 155 121 31 89 52 162 150 58 81 178 147 126 128 21 82 63 35 93 23 108 36 101 52 132 67 188 170 48 150 144 144 93 33 152 182 89 180 46 151 49 145 203 47 9 39 40 34 13 3 23 18 39 43 33 30 38 44 22 30 28 0 23 17 30 44 88 79 63 64 61 61 46 39 33 24 21 20 34 41 42 33 31
21 17 201 203 95 187 62 121 147 177 134 42 166 44 216 108 44 160 186 177 127 27 111 29 185 171 73 79 200 168 132 134 44 61 77 59 82 27 99 58 78 58 145 80 210 193 26 171 166 165 82 55 173 203 67 201 46 172 46 167 225 47 15 62 18 12 35 24 42 36 43 46 43 45 61 66 45 52 50 23 0 6 6 21 98 89 76 78 84 84 68 61 54 46 42 43 57 65 63 54 53
27 11 195 197 94 181 62 115 141 171 128 38 163 39 210 105 39 154 180 171 128 24 106 35 179 165 66 79 194 162 132 135 38 66 72 51 85 22 99 52 84 53 139 73 204 187 32 165 160 159 85 49 167 197 73 195 43 166 45 161 219 44 9 56 23 17 29 18 36 30 38 41 37 42 55 60 39 46 44 17 6 0 13 27 95 86 69 71 78 78 62 55 48 40 36 37 50 57 57 48 47
15 23 212 214 94 194 61 128 157 187 141 48 165 51 223 107 51 171 197 187 126 31 119 23 192 182 77 78 210 178 131 134 50 60 83 64 81 33 98 68 72 63 144 84 220 200 25 182 173 175 81 65 184 214 65 212 52 183 49 177 232 50 21 69 12 6 42 31 49 43 49 51 49 52 66 74 52 59 57 30 6 13 0 15 97 88 80 82 88 91 78 71 64 56 53 50 64 70 73 65 63
0 38 226 228 94 208 61 142 172 201 155 63 165 66 238 107 66 185 211 201 126 46 133 8 206 196 89 78 224 193 131 134 65 60 99 78 81 49 99 82 57 78 144 86 234 214 28 196 187 190 81 79 198 228 58 226 64 197 63 191 246 64 36 82 9 13 56 45 63 57 65 65 64 67 78 88 66 71 71 44 21 27 15 0 97 88 84 86 100 105 92 85 79 70 67 64 79 84 88 79 77
97 102 244 246 6 147 45 84 190 220 97 112 75 119 210 17 119 159 229 220 34 118 86 103 145 214 54 36 242 211 39 41 105 54 144 120 40 109 34 114 101 136 55 24 253 153 120 214 101 153 40 107 216 246 134 244 130 215 133 210 219 131 93 72 89 92 77 86 108 102 123 127 117 114 67 75 79 69 77 88 98 95 97 97 0 9 28 41 67 77 92 89 92 99 99 105 118 122 120 111 105
88 93 235 237 13 150 36 84 181 211 96 103 77 110 201 20 110 150 220 211 42 109 80 94 147 205 45 29 233 202 47 50 96 45 135 111 36 100 30 105 93 127 57 15 244 155 111 205 103 145 36 98 207 237 125 235 121 206 124 201 210 122 84 63 80 83 68 77 99 93 114 118 108 105 58 66 70 60 68 79 89 86 88 88 9 0 20 32 58 69 83 80 83 90 90 96 109 114 111 102 96
84 77 218 221 29 154 32 69 164 194 81 86 95 93 185 37 93 134 203 194 61 93 65 90 152 188 29 30 217 185 66 69 80 46 118 94 43 84 50 88 93 111 69 9 227 160 101 188 108 129 43 81 191 221 121 218 104 190 108 184 194 106 68 46 76 82 51 60 82 76 97 101 92 88 41 50 53 44 51 63 76 69 80 84 28 20 0 16 42 53 66 64 67 73 74 79 93 97 94 85 79
86 79 209 212 41 142 43 66 155 185 76 88 102 94 171 49 94 120 194 185 73 94 57 97 139 179 15 41 208 176 78 81 81 57 119 95 54 85 62 89 104 112 74 20 218 148 103 180 114 115 54 79 182 212 132 209 106 181 109 175 180 107 69 37 78 84 53 62 84 78 99 103 93 90 36 39 51 41 49 64 78 71 82 86 41 32 16 0 28 39 53 55 63 71 75 81 94 98 95 86 77
100 80 186 188 68 115 70 46 132 161 56 81 103 87 144 76 87 93 171 161 100 91 37 108 112 156 15 67 184 152 105 107 66 83 97 73 80 81 88 67 126 100 78 47 194 120 107 156 94 87 80 55 158 188 148 186 102 157 105 151 152 103 68 24 91 90 48 58 75 72 93 99 84 79 28 21 41 34 37 61 84 78 88 100 67 58 42 28 0 11 26 32 42 51 60 66 72 76 73 64 53
105 80 179 181 78 104 80 38 125 154 51 74 125 80 133 86 80 95 164 154 110 91 29 113 102 149 25 78 177 145 115 118 59 94 90 66 91 80 99 60 138 93 89 57 187 110 108 149 83 77 91 48 151 181 149 179 96 150 100 144 142 97 68 28 98 95 50 58 68 65 86 93 77 72 33 18 41 39 35 61 84 78 91 105 77 69 53 39 11 0 19 25 35 44 53 59 65 69 66 57 46
92 65 160 162 91 122 89 56 106 135 69 55 143 60 151 102 60 100 145 135 124 72 47 100 120 130 42 90 158 127 129 132 41 100 71 47 104 62 112 41 132 74 104 70 168 128 92 130 101 95 104 29 132 162 134 160 78 131 81 126 160 79 53 22 86 82 37 44 50 47 68 74 58 53 26 20 29 29 22 46 68 62 78 92 92 83 66 53 26 19 0 7 15 23 34 41 46 50 47 38 27
85 58 157 159 88 129 85 62 103 132 76 48 137 55 158 99 55 113 142 132 122 66 53 93 126 127 39 88 155 124 127 129 34 96 68 44 101 55 109 38 128 75 109 68 165 134 86 127 108 101 101 26 129 159 127 157 71 128 75 122 167 72 47 19 80 75 31 37 43 40 61 67 54 50 24 18 24 26 19 39 61 55 71 85 89 80 64 55 32 25 7 0 10 19 27 34 43 47 44 35 24
79 52 152 155 91 139 83 72 98 128 86 40 145 47 168 102 47 107 137 128 125 61 63 86 136 122 47 85 151 119 130 132 26 94 59 35 98 46 112 29 126 62 117 71 161 145 79 123 118 111 98 16 125 155 120 152 62 124 66 118 177 63 40 27 73 68 24 30 34 32 52 59 45 41 28 26 18 23 17 33 54 48 64 79 92 83 67 63 42 35 15 10 0 9 19 25 34 38 35 26 15
70 43 156 158 98 147 85 81 102 132 94 31 153 38 176 109 38 115 141 132 132 52 72 78 145 126 56 92 155 123 137 139 14 97 50 26 105 37 119 20 118 53 125 78 165 153 71 126 126 120 105 12 128 158 112 156 53 127 57 122 185 54 32 35 65 60 21 22 25 23 43 50 36 32 37 34 20 30 25 24 46 40 56 70 99 90 73 71 51 44 23 19 9 0 10 16 25 29 26 17 10
67 38 165 168 98 156 86 90 111 141 103 22 167 29 185 109 29 126 150 141 132 44 81 75 154 135 63 92 164 132 137 140 7 98 52 23 105 30 119 21 114 49 133 78 174 162 66 135 135 130 105 18 138 168 107 165 46 137 49 131 194 47 28 44 61 56 20 18 18 15 35 42 28 23 43 42 26 35 32 21 42 36 53 67 99 90 74 75 60 53 34 27 19 10 0 9 22 30 27 18 16
64 34 174 176 104 162 88 96 120 149 109 16 173 22 191 115 22 132 159 149 138 39 87 72 160 144 69 98 172 141 142 145 2 100 45 17 111 24 125 18 121 42 139 83 182 168 62 144 141 136 111 24 146 176 102 174 37 145 41 139 200 38 26 50 60 54 26 20 9 9 29 35 21 16 49 48 32 41 38 20 43 37 50 64 105 96 79 81 66 59 41 34 25 16 9 0 15 22 27 25 22
79 41 158 161 117 168 102 102 104 134 115 16 189 19 197 128 19 127 143 134 151 45 92 87 166 128 80 111 157 125 156 158 15 113 30 2 124 31 138 8 136 33 150 97 167 174 69 128 147 131 124 23 131 161 109 158 38 130 43 124 203 40 40 60 75 69 40 34 13 16 28 34 17 12 61 59 45 54 49 34 57 50 64 79 118 109 93 94 72 65 46 43 34 25 22 15 0 8 12 15 24
84 49 152 155 121 172 110 105 98 128 119 23 192 27 199 132 27 121 138 128 155 53 96 92 169 123 84 115 151 119 160 163 22 121 22 6 128 38 142 12 141 37 154 101 161 178 77 123 151 126 128 22 125 155 116 152 46 124 50 118 198 47 47 64 79 73 44 42 20 23 35 42 25 20 65 63 49 58 53 41 65 57 70 84 122 114 97 98 76 69 50 47 38 29 30 22 8 0 6 14 20
88 53 147 149 119 169 107 103 93 122 116 27 190 31 193 130 31 115 132 122 152 57 93 95 167 117 81 112 145 114 157 160 26 118 24 10 125 42 140 9 135 45 151 98 155 175 81 117 148 120 125 16 119 149 120 147 50 118 54 112 192 51 49 61 82 77 41 39 25 27 39 45 29 24 62 60 46 55 50 42 63 57 73 88 120 111 94 95 73 66 47 44 35 26 27 27 12 6 0 8 14
79 51 151 153 110 160 98 94 97 127 107 27 181 30 195 121 30 118 136 127 144 54 85 87 158 121 72 103 149 118 148 151 24 109 32 14 117 39 131 8 126 44 142 89 160 166 78 121 139 122 117 9 123 153 117 151 49 122 54 117 194 51 40 52 73 68 32 30 23 25 39 45 29 23 53 51 37 46 41 33 54 48 65 79 111 102 85 86 64 57 38 35 26 17 18 25 15 14 8 0 7
77 50 154 156 104 150 92 83 100 130 97 34 170 38 179 115 38 112 139 130 138 58 74 85 147 124 62 98 153 121 143 145 20 104 39 23 111 43 125 16 124 52 131 84 163 155 77 124 129 117 111 2 126 156 119 154 57 125 61 120 189 58 38 42 72 67 27 29 29 28 46 53 36 31 42 40 30 39 34 31 53 47 63 77 105 96 79 77 53 46 27 24 15 10 16 22 24 20 14 7 0