0 43 182 214 92 19 200 72 206 86 200 226 142 107 190 78 134 251 65 199 88 251 65 220 66 193 136 58 61 41 163 241 102 89 44 185 60 40 191 224 20 82 189 231 92 151 60 70 207 127 33 177 66 63 208 177 164 206 65 89 183 64 36 82 9 13 56 45 63 57 65 65 64 67 78 88 66 71 71 44 21 27 15 0 97 88 84 86 100 105 92 85 79 70 67 64 79 84 88 79 77
43 0 169 212 109 48 198 34 204 107 187 212 147 141 186 56 171 238 50 186 80 238 32 218 39 189 173 58 54 24 194 228 108 125 22 181 97 64 178 211 31 119 184 217 112 149 23 106 205 125 71 164 42 25 206 164 186 204 27 125 181 24 38 81 46 41 54 45 44 45 30 27 37 42 80 86 64 71 70 44 35 34 38 43 130 122 105 106 103 103 85 78 71 63 58 52 54 62 66 65 70
182 169 0 239 162 170 126 188 231 175 22 85 192 210 142 113 241 110 128 21 106 110 145 149 135 145 243 230 122 152 235 100 153 206 152 177 202 166 14 83 168 214 140 90 171 175 176 191 232 137 189 12 128 154 233 5 212 231 152 206 131 155 143 131 177 172 130 134 128 131 147 152 132 127 135 129 127 130 124 136 158 152 168 182 200 191 175 166 142 135 116 113 109 113 122 130 115 109 103 107 111
214 212 239 0 143 199 189 236 53 161 256 221 106 140 176 175 168 158 171 255 139 158 196 155 186 178 170 258 161 191 113 167 119 170 191 176 203 183 248 220 203 196 174 226 135 86 224 179 46 117 213 234 181 201 46 234 91 53 202 170 173 206 177 137 207 204 159 168 177 174 195 202 186 181 142 127 150 148 144 170 193 187 200 214 153 155 160 148 120 110 128 134 145 153 162 168 174 178 175 166 155
92 109 162 143 0 78 129 139 135 20 179 205 68 55 115 93 86 231 83 178 56 231 102 149 98 118 88 138 69 85 99 221 23 53 89 116 62 56 171 204 88 64 114 210 13 73 127 38 136 57 85 157 93 104 138 157 90 135 106 53 113 110 72 33 83 86 57 64 88 84 101 106 96 94 33 35 49 40 46 67 80 74 84 92 46 37 21 7 24 34 49 50 59 67 75 81 91 95 92 83 73
19 48 170 199 78 0 185 77 191 73 187 213 129 94 178 69 121 239 55 186 75 239 57 205 58 180 123 74 49 33 150 229 85 76 36 173 47 26 179 212 18 69 176 218 78 136 65 57 192 113 24 165 58 57 194 165 173 191 59 76 169 63 27 65 10 10 44 37 54 49 56 59 56 58 62 72 50 54 56 38 14 19 13 19 84 75 71 73 84 90 79 73 66 58 54 54 68 75 75 66 65
200 198 126 189 129 185 0 227 181 147 144 79 144 181 30 154 212 69 156 143 124 69 183 45 174 33 215 243 147 177 185 59 113 179 177 30 188 169 135 78 188 191 28 85 128 126 216 164 182 80 198 121 169 191 184 121 163 181 191 179 19 200 163 122 192 190 144 153 169 160 184 190 173 168 128 113 136 133 129 156 178 172 186 200 172 163 147 133 106 96 114 120 130 139 148 154 156 150 145 147 141
72 34 188 236 139 77 227 0 228 137 206 231 176 170 203 73 200 257 69 205 102 257 46 241 55 206 203 67 80 54 223 247 137 155 51 198 126 94 197 230 59 148 202 237 142 172 12 136 229 149 95 183 59 37 230 183 209 228 38 155 205 33 68 110 75 70 84 76 62 63 45 39 54 59 109 112 93 101 98 76 68 65 67 72 160 151 134 136 132 127 108 101 93 84 76 71 71 79 83 82 90
206 204 231 53 135 191 181 228 0 153 248 274 98 132 167 167 160 191 162 247 130 191 188 189 178 170 162 250 153 183 93 201 111 161 183 168 194 175 240 272 195 188 166 279 126 78 216 170 10 109 205 226 173 193 11 225 82 0 194 161 165 198 169 128 199 196 151 159 169 166 187 193 178 173 134 119 142 139 136 162 185 179 192 206 145 147 152 139 112 102 120 126 136 145 154 160 166 169 167 158 147
86 107 175 161 20 73 147 137 153 0 192 218 61 41 133 96 71 244 82 192 69 244 100 167 96 136 74 123 70 83 92 234 41 38 87 134 48 51 184 217 86 50 131 223 21 91 125 24 154 74 72 170 89 102 155 170 83 153 104 38 130 108 70 46 78 84 54 62 84 79 99 104 94 90 44 50 55 46 54 65 78 71 82 86 31 22 6 15 42 52 66 64 72 76 76 82 95 99 96 87 82
200 187 22 256 179 187 144 206 248 192 0 102 209 228 159 131 258 128 146 3 124 128 162 167 153 162 261 247 140 170 252 118 171 224 169 195 220 184 10 101 186 232 158 107 189 193 194 209 249 155 207 31 145 171 251 23 230 248 170 224 149 173 161 148 195 190 148 151 146 148 164 170 150 145 153 147 144 148 142 154 175 169 186 200 218 209 192 184 160 153 134 131 127 130 139 148 132 127 121 125 128
226 212 85 221 205 213 79 231 274 218 102 0 235 254 95 156 284 64 171 101 150 64 188 102 179 98 286 273 166 196 278 54 197 249 195 96 245 209 94 3 212 258 94 20 215 219 220 234 275 181 233 80 171 197 276 79 256 274 196 249 84 199 187 174 220 215 173 177 172 174 190 195 176 170 178 173 170 174 168 180 201 195 212 226 244 235 218 209 186 179 160 157 152 156 165 174 158 152 147 151 154
142 147 192 106 68 129 144 176 98 61 209 235 0 61 130 119 95 261 114 208 82 261 140 164 130 133 98 180 105 126 40 251 42 89 126 131 104 107 201 234 142 106 129 240 61 44 165 80 99 72 128 187 125 142 100 187 23 98 146 89 128 150 112 69 135 140 93 103 121 118 139 145 130 125 72 69 85 78 81 105 134 128 138 142 74 73 58 63 47 55 72 78 88 97 106 112 117 121 119 110 99
107 141 210 140 55 94 181 170 132 41 228 254 61 0 167 130 51 279 115 227 105 279 134 201 130 170 53 144 103 117 61 270 64 34 120 168 64 80 220 252 112 60 166 259 47 90 158 40 133 108 93 206 123 135 135 205 60 132 138 34 164 141 103 82 99 102 87 96 118 112 133 137 127 124 77 85 89 79 87 98 108 105 107 107 17 20 37 49 76 86 102 99 102 109 109 115 128 132 130 121 115
190 186 142 176 115 178 30 203 167 133 159 95 130 167 0 130 199 85 139 158 112 85 158 60 150 3 201 231 130 162 172 75 99 165 164 6 174 155 151 94 176 177 2 100 114 112 192 150 168 67 185 137 145 167 170 137 149 167 167 165 26 176 151 108 185 180 131 142 145 143 159 166 149 144 114 99 122 119 116 144 166 160 176 190 158 149 133 120 92 82 100 106 112 121 131 137 132 126 120 123 117
78 56 113 175 93 69 154 73 167 96 131 156 119 130 130 0 160 182 14 130 39 182 28 185 20 133 162 110 27 39 171 172 84 125 39 125 115 68 122 155 61 127 129 162 101 112 62 104 168 88 90 108 15 37 169 108 149 167 37 125 127 41 42 62 74 68 41 35 15 17 29 36 19 14 62 60 46 55 50 35 59 51 64 78 120 111 94 95 73 66 47 44 35 26 23 17 2 6 10 14 23
134 171 241 168 86 121 212 200 160 71 258 284 95 51 199 160 0 310 145 257 135 310 164 232 160 202 4 171 134 147 67 300 96 58 150 199 92 107 250 283 139 84 197 289 79 125 189 68 161 140 120 236 153 166 162 236 85 160 168 58 196 172 133 112 126 129 117 126 148 142 163 167 158 154 107 115 119 110 117 128 134 135 134 134 41 50 69 81 107 118 132 129 132 139 140 145 158 163 160 151 145
251 238 110 158 231 239 69 257 191 244 128 64 261 279 85 182 310 0 197 127 175 0 214 92 204 88 312 299 191 221 240 10 222 275 221 86 271 235 119 62 237 283 83 69 240 181 245 260 184 135 258 105 197 223 184 105 218 191 221 275 74 224 212 200 246 241 199 203 197 200 216 221 201 196 204 198 196 199 193 205 227 221 237 251 269 260 244 235 211 204 185 182 178 182 191 199 184 178 172 176 180
65 50 128 171 83 55 156 69 162 82 146 171 114 115 139 14 145 197 0 145 37 197 27 176 21 142 148 100 15 29 167 187 80 111 28 134 100 53 137 170 49 113 138 176 89 107 57 90 163 84 76 123 12 30 165 123 144 162 33 111 140 38 27 53 61 55 29 21 8 7 26 33 19 14 52 51 35 43 40 21 44 38 51 65 105 96 79 83 68 61 43 36 28 19 11 2 13 20 25 23 25
199 186 21 255 178 186 143 205 247 192 3 101 208 227 158 130 257 127 145 0 123 127 161 166 152 161 260 246 139 169 251 117 170 223 168 194 219 183 9 100 185 231 157 106 188 192 193 208 248 154 206 30 144 170 250 22 229 247 169 223 148 172 160 147 194 189 147 151 145 147 164 169 149 144 152 146 143 147 141 153 174 168 185 199 217 208 192 183 159 152 133 130 126 129 139 147 132 126 120 124 127
88 80 106 139 56 75 124 102 130 69 124 150 82 105 112 39 135 175 37 123 0 175 58 144 50 114 137 129 28 60 135 165 48 100 62 106 102 66 115 148 74 112 110 155 66 75 90 85 131 52 95 101 45 67 133 101 112 130 67 100 108 72 49 25 82 77 37 39 43 41 60 66 49 44 29 24 30 32 25 42 63 57 74 88 95 86 69 60 37 30 11 8 11 20 28 34 37 41 38 29 19
251 238 110 158 231 239 69 257 191 244 128 64 261 279 85 182 310 0 197 127 175 0 214 92 204 88 312 299 191 221 240 10 222 275 221 86 271 235 119 62 237 283 83 69 240 181 245 260 184 135 258 105 197 223 184 105 218 191 221 275 74 224 212 200 246 241 199 203 197 200 216 221 201 196 204 198 196 199 193 205 227 221 237 251 269 260 244 235 211 204 185 182 178 182 191 199 184 178 172 176 180
65 32 145 196 102 57 183 46 188 100 162 188 140 134 158 28 164 214 27 161 58 214 0 213 10 161 166 87 41 24 192 204 101 129 21 153 104 66 154 187 44 124 157 193 105 133 34 109 189 109 81 140 16 9 190 140 170 188 8 129 165 13 38 74 61 55 47 39 19 24 2 8 9 15 73 76 56 64 61 39 44 39 50 65 124 115 98 99 94 87 67 62 53 44 36 29 27 34 38 38 45
220 218 149 155 149 205 45 241 189 167 167 102 164 201 60 185 232 92 176 166 144 92 213 0 204 63 235 263 167 197 205 82 133 199 197 61 208 189 158 101 208 211 59 107 148 146 230 184 181 100 218 144 200 221 182 144 183 189 221 199 37 230 183 142 212 210 164 173 183 180 214 220 204 199 148 133 156 153 150 176 199 193 206 220 192 183 167 153 126 116 134 140 150 159 168 174 187 181 175 177 172
66 39 135 186 98 58 174 55 178 96 153 179 130 130 150 20 160 204 21 152 50 204 10 204 0 153 162 96 35 25 182 194 95 125 24 145 105 68 145 177 47 125 148 184 101 123 44 104 179 100 82 131 9 19 181 130 160 178 18 125 156 23 37 71 62 56 43 35 13 18 12 18 3 8 70 70 53 62 59 35 45 40 51 66 119 111 94 95 84 77 58 56 48 38 30 23 18 24 29 29 36
193 189 145 178 118 180 33 206 170 136 162 98 133 170 3 133 202 88 142 161 114 88 161 63 153 0 204 234 133 165 174 78 102 168 167 9 177 158 154 97 179 180 5 103 117 115 194 153 171 69 188 140 148 170 173 139 152 170 169 168 29 179 154 111 188 183 133 145 148 146 162 169 152 147 117 102 125 122 119 147 168 162 179 193 161 152 136 122 95 85 103 109 115 123 134 140 135 129 123 126 120
136 173 243 170 88 123 215 203 162 74 261 286 98 53 201 162 4 312 148 260 137 312 166 235 162 204 0 173 136 149 67 302 99 60 153 202 94 109 252 285 141 86 199 292 81 127 191 71 163 142 122 238 155 168 158 238 85 162 170 60 198 174 136 114 128 131 120 128 150 145 165 170 160 156 110 118 121 112 120 131 137 137 136 136 44 52 71 83 110 120 134 132 135 142 142 148 161 165 162 153 148
58 58 230 258 138 74 243 67 250 123 247 273 180 144 231 110 171 299 100 246 129 299 87 263 96 234 173 0 103 71 201 289 154 127 74 226 81 95 239 272 58 105 230 278 138 194 62 108 251 171 62 225 96 78 252 224 202 250 80 127 227 75 80 126 64 64 100 90 95 95 87 81 94 97 125 131 110 117 115 89 67 73 65 58 134 125 121 132 148 149 134 127 120 112 107 102 109 116 120 117 119
61 54 122 161 69 49 147 80 153 70 140 166 105 103 130 27 134 191 15 139 28 191 41 167 35 133 136 103 0 34 157 181 66 99 33 125 93 45 131 164 48 105 129 171 75 98 69 78 154 75 68 117 28 46 156 117 135 153 47 99 131 51 22 39 56 51 15 13 22 19 40 46 33 29 38 39 21 29 26 15 37 31 47 61 93 84 68 69 58 52 34 27 19 10 7 13 26 30 27 19 17
41 24 152 191 85 33 177 54 183 83 170 196 126 117 162 39 147 221 29 169 60 221 24 197 25 165 149 71 34 0 170 211 87 104 3 157 80 42 162 194 22 100 161 201 88 128 42 85 184 104 57 148 25 25 185 147 165 183 27 104 160 30 16 60 37 31 33 23 24 24 24 26 23 26 59 64 43 50 48 22 20 15 26 41 107 98 81 83 82 82 65 58 51 43 37 31 38 45 49 46 50
163 194 235 113 99 150 185 223 93 92 252 278 40 61 172 171 67 240 167 251 135 240 192 205 182 174 67 201 157 170 0 231 81 90 174 172 120 138 244 277 173 116 170 283 91 71 212 96 97 113 149 230 177 189 95 230 23 93 198 90 169 195 157 111 156 158 135 149 173 170 191 198 182 177 114 123 128 120 124 152 165 158 169 163 74 76 89 94 85 106 124 130 141 149 158 164 170 174 171 162 151
241 228 100 167 221 229 59 247 201 234 118 54 251 270 75 172 300 10 187 117 165 10 204 82 194 78 302 289 181 211 231 0 212 265 211 76 261 225 109 52 228 273 73 59 231 171 235 250 194 125 248 95 187 213 194 95 208 201 211 265 64 214 202 190 236 231 189 193 187 190 206 211 191 186 194 188 186 189 183 195 217 211 227 241 260 251 234 225 201 194 175 172 168 172 181 189 174 168 162 166 170
102 108 153 119 23 85 113 137 111 41 171 197 42 64 99 84 96 222 80 170 48 222 101 133 95 102 99 154 66 87 81 212 0 73 87 100 82 65 162 195 94 85 97 202 18 53 126 58 112 40 94 148 90 103 114 148 84 111 105 73 96 108 73 29 93 92 54 63 85 80 100 104 96 90 33 32 46 39 42 66 86 79 90 102 56 50 35 27 12 21 37 43 54 62 71 77 83 87 84 75 64
89 125 206 170 53 76 179 155 161 38 224 249 89 34 165 125 58 275 111 223 100 275 129 199 125 168 60 127 99 104 90 265 73 0 107 166 43 62 215 248 94 29 164 254 53 123 143 20 162 107 75 201 118 131 164 201 89 161 133 0 163 137 99 77 82 84 83 91 113 107 128 133 123 119 73 81 84 75 82 94 90 90 89 89 21 18 36 47 74 84 97 95 98 105 105 110 124 128 125 116 111
44 22 152 191 89 36 177 51 183 87 169 195 126 120 164 39 150 221 28 168 62 221 21 197 24 167 153 74 33 3 174 211 87 107 0 159 82 45 161 194 25 103 163 200 92 128 40 88 184 104 60 147 24 21 185 146 165 183 24 107 160 27 18 60 40 34 33 24 23 23 20 23 22 25 59 65 43 50 48 23 23 17 29 44 110 101 84 86 82 82 64 57 53 44 36 30 37 45 48 46 50
185 181 177 176 116 173 30 198 168 134 195 96 131 168 6 125 199 86 134 194 106 86 153 61 145 9 202 226 125 157 172 76 100 166 159 0 175 156 186 94 171 178 5 101 115 113 186 151 169 67 192 172 140 162 171 172 150 168 162 166 27 171 146 109 180 175 131 137 140 138 154 161 144 139 115 100 125 120 116 139 160 154 171 185 159 150 134 120 93 95 100 113 107 115 126 132 127 121 115 118 112
60 97 202 203 62 47 188 126 194 48 220 245 104 64 174 115 92 271 100 219 102 271 104 208 105 177 94 81 93 80 120 261 82 43 82 175 0 45 211 244 65 24 173 251 62 132 114 26 195 116 36 197 105 104 197 197 119 194 106 43 172 109 74 85 52 55 78 81 101 95 103 106 102 105 76 93 79 73 79 82 61 66 60 60 54 45 46 57 83 94 100 96 94 97 98 100 113 121 118 109 104
40 64 166 183 56 26 169 94 175 51 184 209 107 80 155 68 107 235 53 183 66 235 66 189 68 158 109 95 45 42 138 225 65 62 45 156 45 0 175 208 36 58 153 215 56 120 82 43 176 96 37 161 61 67 177 161 129 175 69 62 152 72 34 48 31 34 36 34 56 50 66 68 66 62 44 56 40 36 42 34 30 29 32 40 70 61 48 50 63 74 63 59 58 54 50 53 66 74 71 62 61
191 178 14 248 171 179 135 197 240 184 10 94 201 220 151 122 250 119 137 9 115 119 154 158 145 154 252 239 131 162 244 109 162 215 161 186 211 175 0 92 178 223 149 99 181 185 186 200 241 147 198 23 137 163 242 15 222 240 162 215 140 165 153 140 186 181 139 143 137 140 156 161 141 136 144 138 136 139 134 145 167 161 177 191 210 201 184 175 151 144 126 122 118 122 131 139 124 118 112 117 120
224 211 83 220 204 212 78 230 272 217 101 3 234 252 94 155 283 62 170 100 148 62 187 101 177 97 285 272 164 194 277 52 195 248 194 94 244 208 92 0 210 256 92 23 213 217 218 233 274 179 231 78 170 196 275 78 254 272 194 248 83 197 185 173 219 214 172 176 170 173 189 194 174 169 177 171 169 172 166 178 200 194 210 224 242 233 217 208 184 177 158 155 151 155 164 172 157 151 145 149 152
20 31 168 203 88 18 188 59 195 86 186 212 142 112 176 61 139 237 49 185 74 237 44 208 47 179 141 58 48 22 173 228 94 94 25 171 65 36 178 210 0 86 175 217 92 140 47 75 196 116 42 164 47 39 197 163 177 195 41 94 172 39 23 72 20 14 45 36 46 41 42 41 45 47 71 76 55 62 60 35 9 15 8 20 102 93 84 86 93 94 79 72 65 57 53 48 59 67 71 65 64
82 119 214 196 64 69 191 148 188 50 232 258 106 60 177 127 84 283 113 231 112 283 124 211 125 180 86 105 105 100 116 273 85 29 103 178 24 58 223 256 86 0 175 263 65 135 136 30 189 118 58 209 120 124 190 209 115 188 126 29 174 130 92 89 74 76 90 93 115 109 123 126 123 121 84 92 91 85 91 94 83 86 82 82 48 43 48 59 86 96 109 106 107 109 110 112 126 133 130 122 116
189 184 140 174 114 176 28 202 166 131 158 94 129 166 2 129 197 83 138 157 110 83 157 59 148 5 199 230 129 161 170 73 97 164 163 5 173 153 149 92 175 175 0 99 112 111 190 149 167 65 183 135 143 165 168 135 148 166 165 164 25 174 150 107 183 178 129 140 144 142 158 164 148 143 113 98 121 118 114 143 164 158 175 189 157 148 132 118 91 80 98 105 110 119 129 135 130 125 119 121 116
231 217 90 226 210 218 85 237 279 223 107 20 240 259 100 162 289 69 176 106 155 69 193 107 184 103 292 278 171 201 283 59 202 254 200 101 251 215 99 23 217 263 99 0 220 224 225 240 280 186 238 85 176 202 282 85 261 279 201 254 90 204 192 179 225 220 179 182 177 179 195 201 181 176 183 178 175 179 173 185 206 200 217 231 249 240 223 215 191 184 165 162 157 161 170 179 163 158 152 156 159
92 112 171 135 13 78 128 142 126 21 189 215 61 47 114 101 79 240 89 188 66 240 105 148 101 117 81 138 75 88 91 231 18 53 92 115 62 56 181 213 92 65 112 220 0 68 130 38 127 55 86 167 94 107 129 166 83 126 109 53 111 113 75 43 83 90 59 68 89 84 104 109 99 95 42 45 57 47 55 70 84 77 88 92 38 32 17 7 25 44 59 60 69 77 81 86 100 104 101 92 83
151 149 175 86 73 136 126 172 78 91 193 219 44 90 112 112 125 181 107 192 75 181 133 146 123 115 127 194 98 128 71 171 53 123 128 113 132 120 185 217 140 135 111 224 68 0 161 108 79 54 150 171 118 138 80 170 49 78 139 123 110 143 114 73 144 141 95 104 114 111 132 138 123 118 79 64 87 84 81 107 130 124 137 151 106 100 85 77 57 47 65 71 81 90 99 105 111 114 112 103 92
60 23 176 224 127 65 216 12 216 125 194 220 165 158 192 62 189 245 57 193 90 245 34 230 44 194 191 62 69 42 212 235 126 143 40 186 114 82 186 218 47 136 190 225 130 161 0 125 217 137 84 172 48 25 218 171 198 216 27 143 193 22 56 98 63 58 72 64 50 52 33 27 42 48 98 100 81 89 86 64 56 53 56 60 148 139 123 124 120 115 97 90 81 72 65 59 60 67 71 71 78
70 106 191 179 38 57 164 136 170 24 209 234 80 40 150 104 68 260 90 208 85 260 109 184 104 153 71 108 78 85 96 250 58 20 88 151 26 43 200 233 75 30 149 240 38 108 125 0 171 92 56 186 97 110 173 186 96 170 112 20 148 115 78 62 63 65 62 70 92 87 109 111 102 98 58 66 63 60 62 73 71 71 70 70 30 21 22 33 59 69 82 80 77 84 84 90 103 107 104 95 90
207 205 232 46 136 192 182 229 10 154 249 275 99 133 168 168 161 184 163 248 131 184 189 181 179 171 163 251 154 184 97 194 112 162 184 169 195 176 241 274 196 189 167 280 127 79 217 171 0 110 206 227 174 194 1 226 83 10 195 162 166 199 170 129 200 197 152 160 170 167 188 194 179 174 135 120 143 140 137 163 186 180 193 207 146 148 153 140 113 103 121 127 137 146 155 161 167 170 168 159 148
127 125 137 117 57 113 80 149 109 74 155 181 72 108 67 88 140 135 84 154 52 135 109 100 100 69 142 171 75 104 113 125 40 107 104 67 116 96 147 179 116 118 65 186 55 54 137 92 110 0 126 133 95 114 111 132 91 109 116 107 64 119 91 50 120 117 72 81 90 88 108 115 99 94 56 40 63 61 57 84 106 100 113 127 100 91 75 61 34 23 41 48 58 66 75 81 87 91 88 79 69
33 71 189 213 85 24 198 95 205 72 207 233 128 93 185 90 120 258 76 206 95 258 81 218 82 188 122 62 68 57 149 248 94 75 60 192 36 37 198 231 42 58 183 238 86 150 84 56 206 126 0 184 82 82 207 184 150 205 84 75 182 87 52 83 30 32 63 57 79 73 80 83 80 83 74 90 69 71 77 57 39 43 37 33 83 74 70 80 92 104 98 92 86 77 74 76 89 97 95 86 84
177 164 12 234 157 165 121 183 226 170 31 80 187 206 137 108 236 105 123 30 101 105 140 144 131 140 238 225 117 148 230 95 148 201 147 172 197 161 23 78 164 209 135 85 167 171 172 186 227 133 184 0 123 149 228 9 208 226 148 201 126 151 139 126 172 167 125 129 123 126 142 147 127 122 130 124 122 125 120 131 153 147 163 177 196 187 170 161 137 130 112 108 104 108 117 125 110 104 99 103 106
66 42 128 181 93 58 169 59 173 89 145 171 125 123 145 15 153 197 12 144 45 197 16 200 9 148 155 96 28 25 177 187 90 118 24 140 105 61 137 170 47 120 143 176 94 118 48 97 174 95 82 123 0 23 176 122 155 173 23 118 151 28 31 63 62 56 36 28 5 9 16 22 7 1 62 63 45 53 50 28 45 41 51 66 113 104 87 89 79 72 54 49 40 29 22 15 13 21 24 24 32
63 25 154 201 104 57 191 37 193 102 171 197 142 135 167 37 166 223 30 170 67 223 9 221 19 170 168 78 46 25 189 213 103 131 21 162 104 67 163 196 39 124 165 202 107 138 25 110 194 114 82 149 23 0 195 149 175 193 3 131 170 6 40 75 60 54 49 41 24 29 7 3 18 23 74 77 58 66 63 41 44 39 48 63 125 116 100 101 97 92 74 67 58 49 42 32 35 42 46 46 53
208 206 233 46 138 194 184 230 11 155 251 276 100 135 170 169 162 184 165 250 133 184 190 182 181 173 158 252 156 185 95 194 114 164 185 171 197 177 242 275 197 190 168 282 129 80 218 173 1 111 207 228 176 195 0 228 85 11 197 164 167 200 172 131 201 198 153 162 171 169 189 196 180 175 137 121 144 142 138 165 187 181 194 208 147 150 154 142 115 104 122 129 139 147 156 162 168 172 169 160 150
177 164 5 234 157 165 121 183 225 170 23 79 187 205 137 108 236 105 123 22 101 105 140 144 130 139 238 224 117 147 230 95 148 201 146 172 197 161 15 78 163 209 135 85 166 170 171 186 226 132 184 9 122 149 228 0 207 225 147 201 126 150 138 126 172 167 125 129 123 126 142 147 127 122 130 124 122 125 119 131 152 147 163 177 195 186 170 161 137 130 111 108 104 107 117 125 110 104 98 102 105
164 186 212 91 90 173 163 209 82 83 230 256 23 60 149 149 85 218 144 229 112 218 170 183 160 152 85 202 135 165 23 208 84 89 165 150 119 129 222 254 177 115 148 261 83 49 198 96 83 91 150 208 155 175 85 207 0 82 176 89 147 180 151 110 157 178 132 141 151 148 169 175 160 155 116 101 124 121 118 144 167 161 174 164 73 75 80 85 88 84 102 108 118 127 136 142 148 151 149 140 129
206 204 231 53 135 191 181 228 0 153 248 274 98 132 167 167 160 191 162 247 130 191 188 189 178 170 162 250 153 183 93 201 111 161 183 168 194 175 240 272 195 188 166 279 126 78 216 170 10 109 205 226 173 193 11 225 82 0 194 161 165 198 169 128 199 196 151 159 169 166 187 193 178 173 134 119 142 139 136 162 185 179 192 206 145 147 152 139 112 102 120 126 136 145 154 160 166 169 167 158 147
65 27 152 202 106 59 191 38 194 104 170 196 146 138 167 37 168 221 33 169 67 221 8 221 18 169 170 80 47 27 198 211 105 133 24 162 106 69 162 194 41 126 165 201 109 139 27 112 195 116 84 148 23 3 197 147 176 194 0 133 172 5 42 78 63 57 51 43 26 30 7 1 18 23 77 80 60 68 65 43 46 41 51 65 128 119 102 103 100 93 75 68 60 51 43 36 35 42 46 46 53
89 125 206 170 53 76 179 155 161 38 224 249 89 34 165 125 58 275 111 223 100 275 129 199 125 168 60 127 99 104 90 265 73 0 107 166 43 62 215 248 94 29 164 254 53 123 143 20 162 107 75 201 118 131 164 201 89 161 133 0 163 137 99 77 82 84 83 91 113 107 128 133 123 119 73 81 84 75 82 94 90 90 89 89 21 18 36 47 74 84 97 95 98 105 105 110 124 128 125 116 111
183 181 131 173 113 169 19 205 165 130 149 84 128 164 26 127 196 74 140 148 108 74 165 37 156 29 198 227 131 160 169 64 96 163 160 27 172 152 140 83 172 174 25 90 111 110 193 148 166 64 182 126 151 170 167 126 147 165 172 163 0 175 147 106 176 173 128 137 146 144 164 171 155 150 112 96 119 117 113 140 162 156 169 183 156 147 131 117 90 79 97 104 114 122 131 137 143 123 117 135 125
64 24 155 206 110 63 200 33 198 108 173 199 150 141 176 41 172 224 38 172 72 224 13 230 23 179 174 75 51 30 195 214 108 137 27 171 109 72 165 197 39 130 174 204 113 143 22 115 199 119 87 151 28 6 200 150 180 198 5 137 175 0 45 81 62 56 55 47 30 34 12 7 22 28 80 83 64 72 69 47 47 44 50 64 131 122 106 107 103 97 79 72 63 54 47 38 40 47 51 51 58
36 38 143 177 72 27 163 68 169 70 161 187 112 103 151 42 133 212 27 160 49 212 38 183 37 154 136 80 22 16 157 202 73 99 18 146 74 34 153 185 23 92 150 192 75 114 56 78 170 91 52 139 31 40 172 138 151 169 42 99 147 45 0 46 31 25 20 10 26 21 37 42 35 32 45 51 29 37 35 9 15 9 21 36 93 84 68 69 68 68 53 47 40 32 28 26 40 47 49 40 38
82 81 131 137 33 65 122 110 128 46 148 174 69 82 108 62 112 200 53 147 25 200 74 142 71 111 114 126 39 60 111 190 29 77 60 109 85 48 140 173 72 89 107 179 43 73 98 62 129 50 83 126 63 75 131 126 110 128 78 77 106 81 46 0 73 72 27 36 58 53 73 77 69 64 8 10 19 12 14 39 62 56 69 82 72 63 46 37 24 28 22 19 27 35 44 50 60 64 61 52 42
9 46 177 207 83 10 192 75 199 78 195 220 135 99 185 74 126 246 61 194 82 246 61 212 62 188 128 64 56 37 156 236 93 82 40 180 52 31 186 219 20 74 183 225 83 144 63 63 200 120 30 172 62 60 201 172 157 199 63 82 176 62 31 73 0 6 51 45 58 53 60 62 60 63 69 80 57 62 64 40 18 23 12 9 89 80 76 78 91 98 86 80 73 65 61 60 75 79 82 73 72
13 41 172 204 86 10 190 70 196 84 190 215 140 102 180 68 129 241 55 189 77 241 55 210 56 183 131 64 51 31 158 231 92 84 34 175 55 34 181 214 14 76 178 220 90 141 58 65 197 117 32 167 56 54 198 167 178 196 57 84 173 56 25 72 6 0 46 35 52 47 54 56 54 57 68 77 56 61 61 34 12 17 6 13 92 83 82 84 90 95 82 75 68 60 56 54 69 73 77 68 67
56 54 130 159 57 44 144 84 151 54 148 173 93 87 131 41 117 199 29 147 37 199 47 164 43 133 120 100 15 33 135 189 54 83 33 131 78 36 139 172 45 90 129 179 59 95 72 62 152 72 63 125 36 49 153 125 132 151 51 83 128 55 20 27 51 46 0 10 31 27 46 51 41 37 26 32 9 17 16 13 35 29 42 56 77 68 51 53 48 50 37 31 24 21 20 26 40 44 41 32 27
45 45 134 168 64 37 153 76 159 62 151 177 103 96 142 35 126 203 21 151 39 203 39 173 35 145 128 90 13 23 149 193 63 91 24 137 81 34 143 176 36 93 140 182 68 104 64 70 160 81 57 129 28 41 162 129 141 159 43 91 137 47 10 36 45 35 10 0 23 18 38 43 33 29 35 41 19 27 25 3 24 18 31 45 86 77 60 62 58 58 44 37 30 22 18 20 34 42 39 30 29
63 44 128 177 88 54 169 62 169 84 146 172 121 118 145 15 148 197 8 145 43 197 19 183 13 148 150 95 22 24 173 187 85 113 23 140 101 56 137 170 46 115 144 177 89 114 50 92 170 90 79 123 5 24 171 123 151 169 26 113 146 30 26 58 58 52 31 23 0 5 18 25 11 6 57 57 40 49 45 23 42 36 49 63 108 99 82 84 75 68 50 43 34 25 18 9 13 20 25 23 29
57 45 131 174 84 49 160 63 166 79 148 174 118 112 143 17 142 200 7 147 41 200 24 180 18 146 145 95 19 24 170 190 80 107 23 138 95 50 140 173 41 109 142 179 84 111 52 87 167 88 73 126 9 29 169 126 148 166 30 107 144 34 21 53 53 47 27 18 5 0 23 29 16 10 52 55 35 44 40 18 36 30 43 57 102 93 76 78 72 65 47 40 32 23 15 9 16 23 27 25 28
65 30 147 195 101 56 184 45 187 99 164 190 139 133 159 29 163 216 26 164 60 216 2 214 12 162 165 87 40 24 191 206 100 128 20 154 103 66 156 189 42 123 158 195 104 132 33 109 188 108 80 142 16 7 189 142 169 187 7 128 164 12 37 73 60 54 46 38 18 23 0 7 10 16 72 75 55 63 61 39 43 38 49 65 123 114 97 99 93 86 68 61 52 43 35 29 28 35 39 39 46
65 27 152 202 106 59 190 39 193 104 170 195 145 137 166 36 167 221 33 169 66 221 8 220 18 169 170 81 46 26 198 211 104 133 23 161 106 68 161 194 41 126 164 201 109 138 27 111 194 115 83 147 22 3 196 147 175 193 1 133 171 7 42 77 62 56 51 43 25 29 7 0 17 22 76 79 60 68 65 43 46 41 51 65 127 118 101 103 99 93 74 67 59 50 42 35 34 42 45 45 53
64 37 132 186 96 56 173 54 178 94 150 176 130 127 149 19 158 201 19 149 49 201 9 204 3 152 160 94 33 23 182 191 96 123 22 144 102 66 141 174 45 123 148 181 99 123 42 102 179 99 80 127 7 18 180 127 160 178 18 123 155 22 35 69 60 54 41 33 11 16 10 17 0 6 68 68 51 60 56 33 43 37 49 64 117 108 92 93 84 77 58 54 45 36 28 21 17 25 29 29 36
67 42 127 181 94 58 168 59 173 90 145 170 125 124 144 14 154 196 14 144 44 196 15 199 8 147 156 97 29 26 177 186 90 119 25 139 105 62 136 169 47 121 143 176 95 118 48 98 174 94 83 122 1 23 175 122 155 173 23 119 150 28 32 64 63 57 37 29 6 10 16 22 6 0 63 64 46 54 51 30 45 42 52 67 114 105 88 90 79 72 53 50 41 32 23 16 12 20 24 23 31
78 80 135 142 33 62 128 109 134 44 153 178 72 77 114 62 107 204 52 152 29 204 73 148 70 117 110 125 38 59 114 194 33 73 59 115 76 44 144 177 71 84 113 183 42 79 98 58 135 56 74 130 62 74 137 130 116 134 77 73 112 80 45 8 69 68 26 35 57 52 72 76 68 63 0 17 18 8 14 38 61 55 66 78 67 58 41 36 28 33 26 24 28 37 43 49 61 65 62 53 42
88 86 129 127 35 72 113 112 119 50 147 173 69 85 99 60 115 198 51 146 24 198 76 133 70 102 118 131 39 64 123 188 32 81 65 100 93 56 138 171 76 92 98 178 45 64 100 66 120 40 90 124 63 77 121 124 101 119 80 81 96 83 51 10 80 77 32 41 57 55 75 79 68 64 17 0 24 20 17 44 66 60 74 88 75 66 50 39 21 18 20 18 26 34 42 48 59 63 60 51 40
66 64 127 150 49 50 136 93 142 55 144 170 85 89 122 46 119 196 35 143 30 196 56 156 53 125 121 110 21 43 128 186 46 84 43 125 79 40 136 169 55 91 121 175 57 87 81 63 143 63 69 122 45 58 144 122 124 142 60 84 119 64 29 19 57 56 9 19 40 35 55 60 51 46 18 24 0 9 7 22 45 39 52 66 79 70 53 51 41 41 29 24 18 20 26 32 45 49 46 37 30
71 71 130 148 40 54 133 101 139 46 148 174 78 79 119 55 110 199 43 147 32 199 64 153 62 122 112 117 29 50 120 189 39 75 50 120 73 36 139 172 62 85 118 179 47 84 89 60 140 61 71 125 53 66 142 125 121 139 68 75 117 72 37 12 62 61 17 27 49 44 63 68 60 54 8 20 9 0 7 30 52 46 59 71 69 60 44 41 34 39 29 26 23 30 35 41 54 58 55 46 39
71 70 124 144 46 56 129 98 136 54 142 168 81 87 116 50 117 193 40 141 25 193 61 150 59 119 120 115 26 48 124 183 42 82 48 116 79 42 134 166 60 91 114 173 55 81 86 62 137 57 77 120 50 63 138 119 118 136 65 82 113 69 35 14 64 61 16 25 45 40 61 65 56 51 14 17 7 7 0 28 50 44 57 71 77 68 51 49 37 35 22 19 17 25 32 38 49 53 50 41 34
44 44 136 170 67 38 156 76 162 65 154 180 105 98 144 35 128 205 21 153 42 205 39 176 35 147 131 89 15 22 152 195 66 94 23 139 82 34 145 178 35 94 143 185 70 107 64 73 163 84 57 131 28 41 165 131 144 162 43 94 140 47 9 39 40 34 13 3 23 18 39 43 33 30 38 44 22 30 28 0 23 17 30 44 88 79 63 64 61 61 46 39 33 24 21 20 34 41 42 33 31
21 35 158 193 80 14 178 68 185 78 175 201 134 108 166 59 134 227 44 174 63 227 44 199 45 168 137 67 37 20 165 217 86 90 23 160 61 30 167 200 9 83 164 206 84 130 56 71 186 106 39 153 45 44 187 152 167 185 46 90 162 47 15 62 18 12 35 24 42 36 43 46 43 45 61 66 45 52 50 23 0 6 6 21 98 89 76 78 84 84 68 61 54 46 42 43 57 65 63 54 53
27 34 152 187 74 19 172 65 179 71 169 195 128 105 160 51 135 221 38 168 57 221 39 193 40 162 137 73 31 15 158 211 79 90 17 154 66 29 161 194 15 86 158 200 77 124 53 71 180 100 43 147 41 39 181 147 161 179 41 90 156 44 9 56 23 17 29 18 36 30 38 41 37 42 55 60 39 46 44 17 6 0 13 27 95 86 69 71 78 78 62 55 48 40 36 37 50 57 57 48 47
15 38 168 200 84 13 186 67 192 82 186 212 138 107 176 64 134 237 51 185 74 237 50 206 51 179 136 65 47 26 169 227 90 89 29 171 60 32 177 210 8 82 175 217 88 137 56 70 193 113 37 163 51 48 194 163 174 192 51 89 169 50 21 69 12 6 42 31 49 43 49 51 49 52 66 74 52 59 57 30 6 13 0 15 97 88 80 82 88 91 78 71 64 56 53 50 64 70 73 65 63
0 43 182 214 92 19 200 72 206 86 200 226 142 107 190 78 134 251 65 199 88 251 65 220 66 193 136 58 61 41 163 241 102 89 44 185 60 40 191 224 20 82 189 231 92 151 60 70 207 127 33 177 66 63 208 177 164 206 65 89 183 64 36 82 9 13 56 45 63 57 65 65 64 67 78 88 66 71 71 44 21 27 15 0 97 88 84 86 100 105 92 85 79 70 67 64 79 84 88 79 77
97 130 200 153 46 84 172 160 145 31 218 244 74 17 158 120 41 269 105 217 95 269 124 192 119 161 44 134 93 107 74 260 56 21 110 159 54 70 210 242 102 48 157 249 38 106 148 30 146 100 83 196 113 125 147 195 73 145 128 21 156 131 93 72 89 92 77 86 108 102 123 127 117 114 67 75 79 69 77 88 98 95 97 97 0 9 28 41 67 77 92 89 92 99 99 105 118 122 120 111 105
88 122 191 155 37 75 163 151 147 22 209 235 73 20 149 111 50 260 96 208 86 260 115 183 111 152 52 125 84 98 76 251 50 18 101 150 45 61 201 233 93 43 148 240 32 100 139 21 148 91 74 187 104 116 150 186 75 147 119 18 147 122 84 63 80 83 68 77 99 93 114 118 108 105 58 66 70 60 68 79 89 86 88 88 9 0 20 32 58 69 83 80 83 90 90 96 109 114 111 102 96
84 105 175 160 21 71 147 134 152 6 192 218 58 37 133 94 69 244 79 192 69 244 98 167 94 136 71 121 68 81 89 234 35 36 84 134 46 48 184 217 84 48 132 223 17 85 123 22 153 75 70 170 87 100 154 170 80 152 102 36 131 106 68 46 76 82 51 60 82 76 97 101 92 88 41 50 53 44 51 63 76 69 80 84 28 20 0 16 42 53 66 64 67 73 74 79 93 97 94 85 79
86 106 166 148 7 73 133 136 139 15 184 209 63 49 120 95 81 235 83 183 60 235 99 153 95 122 83 132 69 83 94 225 27 47 86 120 57 50 175 208 86 59 118 215 7 77 124 33 140 61 80 161 89 101 142 161 85 139 103 47 117 107 69 37 78 84 53 62 84 78 99 103 93 90 36 39 51 41 49 64 78 71 82 86 41 32 16 0 28 39 53 55 63 71 75 81 94 98 95 86 77
100 103 142 120 24 84 106 132 112 42 160 186 47 76 92 73 107 211 68 159 37 211 94 126 84 95 110 148 58 82 85 201 12 74 82 93 83 63 151 184 93 86 91 191 25 57 120 59 113 34 92 137 79 97 115 137 88 112 100 74 90 103 68 24 91 90 48 58 75 72 93 99 84 79 28 21 41 34 37 61 84 78 88 100 67 58 42 28 0 11 26 32 42 51 60 66 72 76 73 64 53
105 103 135 110 34 90 96 127 102 52 153 179 55 86 82 66 118 204 61 152 30 204 87 116 77 85 120 149 52 82 106 194 21 84 82 95 94 74 144 177 94 96 80 184 44 47 115 69 103 23 104 130 72 92 104 130 84 102 93 84 79 97 68 28 98 95 50 58 68 65 86 93 77 72 33 18 41 39 35 61 84 78 91 105 77 69 53 39 11 0 19 25 35 44 53 59 65 69 66 57 46
92 85 116 128 49 79 114 108 120 66 134 160 72 102 100 47 132 185 43 133 11 185 67 134 58 103 134 134 34 65 124 175 37 97 64 100 100 63 126 158 79 109 98 165 59 65 97 82 121 41 98 112 54 74 122 111 102 120 75 97 97 79 53 22 86 82 37 44 50 47 68 74 58 53 26 20 29 29 22 46 68 62 78 92 92 83 66 53 26 19 0 7 15 23 34 41 46 50 47 38 27
85 78 113 134 50 73 120 101 126 64 131 157 78 99 106 44 129 182 36 130 8 182 62 140 56 109 132 127 27 58 130 172 43 95 57 113 96 59 122 155 72 106 105 162 60 71 90 80 127 48 92 108 49 67 129 108 108 126 68 95 104 72 47 19 80 75 31 37 43 40 61 67 54 50 24 18 24 26 19 39 61 55 71 85 89 80 64 55 32 25 7 0 10 19 27 34 43 47 44 35 24
79 71 109 145 59 66 130 93 136 72 127 152 88 102 112 35 132 178 28 126 11 178 53 150 48 115 135 120 19 51 141 168 54 98 53 107 94 58 118 151 65 107 110 157 69 81 81 77 137 58 86 104 40 58 139 104 118 136 60 98 114 63 40 27 73 68 24 30 34 32 52 59 45 41 28 26 18 23 17 33 54 48 64 79 92 83 67 63 42 35 15 10 0 9 19 25 34 38 35 26 15
70 63 113 153 67 58 139 84 145 76 130 156 97 109 121 26 139 182 19 129 20 182 44 159 38 123 142 112 10 43 149 172 62 105 44 115 97 54 122 155 57 109 119 161 77 90 72 84 146 66 77 108 29 49 147 107 127 145 51 105 122 54 32 35 65 60 21 22 25 23 43 50 36 32 37 34 20 30 25 24 46 40 56 70 99 90 73 71 51 44 23 19 9 0 10 16 25 29 26 17 10
67 58 122 162 75 54 148 76 154 76 139 165 106 109 131 23 140 191 11 139 28 191 36 168 30 134 142 107 7 37 158 181 71 105 36 126 98 50 131 164 53 110 129 170 81 99 65 84 155 75 74 117 22 42 156 117 136 154 43 105 131 47 28 44 61 56 20 18 18 15 35 42 28 23 43 42 26 35 32 21 42 36 53 67 99 90 74 75 60 53 34 27 19 10 0 9 22 30 27 18 16
64 52 130 168 81 54 154 71 160 82 148 174 112 115 137 17 145 199 2 147 34 199 29 174 23 140 148 102 13 31 164 189 77 110 30 132 100 53 139 172 48 112 135 179 86 105 59 90 161 81 76 125 15 32 162 125 142 160 36 110 137 38 26 50 60 54 26 20 9 9 29 35 21 16 49 48 32 41 38 20 43 37 50 64 105 96 79 81 66 59 41 34 25 16 9 0 15 22 27 25 22
79 54 115 174 91 68 156 71 166 95 132 158 117 128 132 2 158 184 13 132 37 184 27 187 18 135 161 109 26 38 170 174 83 124 37 127 113 66 124 157 59 126 130 163 100 111 60 103 167 87 89 110 13 35 168 110 148 166 35 124 143 40 40 60 75 69 40 34 13 16 28 34 17 12 61 59 45 54 49 34 57 50 64 79 118 109 93 94 72 65 46 43 34 25 22 15 0 8 12 15 24
84 62 109 178 95 75 150 79 169 99 127 152 121 132 126 6 163 178 20 126 41 178 34 181 24 129 165 116 30 45 174 168 87 128 45 121 121 74 118 151 67 133 125 158 104 114 67 107 170 91 97 104 21 42 172 104 151 169 42 128 123 47 47 64 79 73 44 42 20 23 35 42 25 20 65 63 49 58 53 41 65 57 70 84 122 114 97 98 76 69 50 47 38 29 30 22 8 0 6 14 20
88 66 103 175 92 75 145 83 167 96 121 147 119 130 120 10 160 172 25 120 38 172 38 175 29 123 162 120 27 49 171 162 84 125 48 115 118 71 112 145 71 130 119 152 101 112 71 104 168 88 95 99 24 46 169 98 149 167 46 125 117 51 49 61 82 77 41 39 25 27 39 45 29 24 62 60 46 55 50 42 63 57 73 88 120 111 94 95 73 66 47 44 35 26 27 27 12 6 0 8 14
79 65 107 166 83 66 147 82 158 87 125 151 110 121 123 14 151 176 23 124 29 176 38 177 29 126 153 117 19 46 162 166 75 116 46 118 109 62 117 149 65 122 121 156 92 103 71 95 159 79 86 103 24 46 160 102 140 158 46 116 135 51 40 52 73 68 32 30 23 25 39 45 29 23 53 51 37 46 41 33 54 48 65 79 111 102 85 86 64 57 38 35 26 17 18 25 15 14 8 0 7
77 70 111 155 73 65 141 90 147 82 128 154 99 115 117 23 145 180 25 127 19 180 45 172 36 120 148 119 17 50 151 170 64 111 50 112 104 61 120 152 64 116 116 159 83 92 78 90 148 69 84 106 32 53 150 105 129 147 53 111 125 58 38 42 72 67 27 29 29 28 46 53 36 31 42 40 30 39 34 31 53 47 63 77 105 96 79 77 53 46 27 24 15 10 16 22 24 20 14 7 0