0 106 192 93 206 181 58 53 229 93 79 86 200 45 191 137 43 67 199 180 229 202 41 202 88 22 163 15 193 196 142 94 220 133 177 162 64 89 53 196 128 70 135 32 213 225 48 201 57 75 193 185 99 201 111 20 111 138 64 21 231 64 36 82 9 13 56 45 63 57 65 65 64 67 78 88 66 71 71 44 21 27 15 0 97 88 84 86 100 105 92 85 79 70 67 64 79 84 88 79 77
106 0 219 139 130 89 139 101 256 13 146 108 227 92 171 70 136 92 226 78 256 181 137 181 30 89 190 116 169 223 69 20 246 74 204 57 139 32 106 223 69 143 77 132 193 205 134 228 150 81 219 166 12 228 104 94 140 41 126 91 258 140 102 80 98 100 86 94 116 111 131 136 126 122 76 84 87 78 86 97 106 103 106 106 16 18 36 48 74 85 100 98 101 108 108 114 127 131 128 119 114
192 219 0 118 240 216 173 142 98 206 153 112 8 147 130 173 176 133 7 215 98 137 181 137 213 178 29 207 154 4 178 209 88 169 15 255 164 216 149 4 164 161 171 193 152 164 173 9 180 141 1 187 216 9 125 179 105 209 142 177 99 165 153 140 187 182 140 144 138 140 157 162 142 137 145 139 136 140 134 146 167 161 178 192 210 201 185 176 152 145 126 123 119 122 132 140 125 119 113 117 120
93 139 118 0 178 153 57 44 155 127 46 39 125 54 144 109 66 54 125 152 155 154 70 154 134 85 89 103 131 121 114 130 145 105 103 187 52 136 42 121 100 48 107 83 177 188 63 127 67 68 118 123 137 127 61 84 44 137 29 84 156 51 58 73 89 83 52 51 32 36 42 45 32 26 73 71 57 66 61 51 71 66 78 93 131 122 105 107 84 77 58 55 46 37 39 32 18 9 12 20 26
206 130 240 178 0 45 197 161 205 142 194 135 248 160 173 92 201 140 247 63 205 183 205 183 159 190 211 221 170 244 91 149 215 97 225 131 197 161 166 244 101 199 93 210 182 179 198 250 209 135 241 168 138 250 118 191 159 124 178 192 279 198 169 128 199 196 150 159 169 166 187 193 178 173 134 119 142 139 136 162 185 179 192 206 145 147 152 139 112 102 120 126 136 145 154 160 166 169 167 158 147
181 89 216 153 45 0 173 136 189 101 170 110 224 136 148 52 177 116 223 20 189 158 180 158 119 166 187 196 146 220 51 109 243 58 201 90 172 121 142 220 62 175 54 185 170 182 174 225 185 111 216 143 97 225 93 166 134 83 153 167 254 173 145 104 174 171 126 135 144 142 162 169 153 148 110 94 117 115 111 138 160 154 167 181 104 107 111 108 88 77 95 102 112 120 129 135 141 145 142 133 123
58 139 173 57 197 173 0 40 210 126 26 71 181 49 190 128 15 61 180 172 210 200 22 200 127 59 144 59 177 177 133 129 201 124 158 195 10 129 32 177 119 17 126 38 205 216 10 183 13 74 174 169 136 183 95 53 100 158 27 60 212 13 40 80 56 50 54 46 33 33 18 12 26 31 79 82 62 71 68 46 39 39 44 58 130 121 104 106 102 97 78 71 63 54 46 41 43 50 54 54 60
53 101 142 44 161 136 40 0 179 88 47 36 150 12 146 92 41 23 149 135 179 156 45 156 95 43 113 68 143 146 97 91 169 88 127 157 40 98 8 146 83 45 90 52 168 180 38 151 52 34 142 135 98 151 61 43 61 114 27 42 181 41 15 40 49 43 14 8 18 13 33 37 27 24 39 44 23 31 28 9 32 26 39 53 92 83 67 68 62 60 42 35 28 20 17 13 27 34 37 28 27
229 256 98 155 205 189 210 179 0 243 190 149 106 184 41 210 213 170 105 188 0 49 218 49 250 215 69 244 66 102 215 246 10 206 83 292 201 253 186 102 201 198 208 230 64 75 210 107 217 178 98 63 253 107 162 216 142 246 179 214 47 202 190 177 224 219 177 181 175 177 194 199 179 174 182 176 173 177 171 183 204 198 215 229 247 238 222 213 189 182 163 160 156 159 169 177 162 156 150 154 157
93 13 206 127 142 101 126 88 243 0 133 95 214 79 160 82 124 79 213 90 243 170 124 170 17 77 177 103 157 210 81 8 234 82 191 69 126 20 94 210 77 131 84 119 182 193 121 215 138 68 207 155 10 215 93 81 128 53 113 78 245 127 89 67 85 88 73 82 104 98 119 123 113 110 63 71 75 65 73 84 94 91 93 93 4 5 24 36 63 73 88 85 88 95 95 101 114 118 116 107 101
79 146 153 46 194 170 26 47 190 133 0 65 161 56 179 125 37 72 160 169 190 189 43 189 141 77 124 81 166 157 130 136 180 121 138 202 18 143 40 157 116 10 123 60 212 223 32 162 31 81 153 158 143 162 96 72 79 166 20 79 191 16 52 88 76 70 61 53 33 38 15 15 23 25 87 90 73 78 78 53 59 54 64 79 137 129 112 113 100 93 75 76 62 54 50 43 34 38 45 45 53
86 108 112 39 135 110 71 36 149 95 65 0 120 41 123 66 76 22 119 109 149 133 80 133 102 72 83 101 110 116 71 98 140 62 97 144 69 105 45 116 57 70 64 88 156 154 73 122 82 29 113 102 105 122 28 74 34 94 48 71 151 70 47 29 81 76 31 38 42 39 58 65 48 43 34 28 25 28 22 40 62 56 72 86 99 90 74 65 41 34 15 12 7 16 27 33 36 40 27 23 16
200 227 8 125 248 224 181 150 106 214 161 120 0 154 138 181 184 141 3 223 106 145 189 145 221 186 37 215 162 6 186 217 96 177 23 263 172 224 157 6 172 169 179 201 160 172 181 5 187 148 7 195 224 5 133 187 113 217 150 185 107 173 161 148 195 190 148 151 146 148 164 170 150 145 153 147 144 148 142 154 175 169 186 200 218 209 192 184 160 153 134 131 127 130 139 148 132 127 121 125 128
45 92 147 54 160 136 49 12 184 79 56 41 154 0 146 91 45 22 153 135 184 156 48 156 87 31 118 60 148 150 97 82 174 87 132 148 49 89 16 150 82 53 89 51 168 180 42 156 59 31 147 140 89 156 66 33 66 112 36 30 185 50 10 37 40 35 11 4 26 21 41 46 36 32 36 42 21 28 26 5 27 21 31 45 83 74 58 59 59 60 47 40 33 25 21 23 37 45 42 33 32
191 171 130 144 173 148 190 146 41 160 179 123 138 146 0 108 187 126 137 147 41 10 191 10 168 176 101 206 24 134 113 164 43 103 115 192 186 171 152 134 99 187 106 195 33 44 184 140 201 121 131 22 169 140 108 176 126 143 165 177 79 191 155 114 184 181 136 145 161 152 175 182 165 160 120 104 127 125 121 148 170 164 177 191 164 155 139 125 98 87 105 112 122 130 139 145 148 142 136 139 133
137 70 173 109 92 52 128 92 210 82 125 66 181 91 108 0 132 71 180 42 210 118 136 118 105 121 144 152 105 177 5 93 201 5 159 89 128 107 97 177 13 130 12 141 130 141 129 183 140 66 174 103 78 183 49 122 92 49 109 123 212 129 100 59 130 127 81 90 100 97 118 124 109 104 65 50 73 70 67 93 116 110 123 137 85 84 69 61 41 33 51 57 67 76 85 91 97 100 98 89 78
43 136 176 66 201 177 15 41 213 124 37 76 184 45 187 132 0 63 183 176 213 197 7 197 121 53 147 45 186 180 137 127 204 128 161 193 21 123 40 180 123 28 130 24 209 220 5 185 18 72 177 178 134 185 101 44 103 156 35 51 215 21 36 78 46 41 52 42 42 42 28 24 34 39 77 83 61 69 67 41 32 32 35 43 128 119 102 104 100 100 82 75 68 60 55 49 52 59 63 63 67
67 92 133 54 140 116 61 23 170 79 72 22 141 22 126 71 63 0 140 115 170 136 69 136 86 52 104 82 123 137 76 82 161 67 118 137 61 88 29 137 62 66 69 71 148 159 60 143 73 16 134 121 89 143 48 53 55 97 50 51 172 63 31 23 61 57 12 21 39 34 57 58 50 45 22 23 4 14 9 24 46 40 53 67 83 74 57 55 43 39 27 21 15 17 25 31 42 46 43 34 27
199 226 7 125 247 223 180 149 105 213 160 119 3 153 137 180 183 140 0 222 105 144 188 144 220 185 36 214 161 5 185 216 95 176 22 262 171 223 156 5 171 168 178 200 159 171 180 2 187 147 6 194 223 2 132 186 112 216 149 184 106 172 160 147 194 189 147 151 145 147 164 169 149 144 152 146 143 147 141 153 174 168 185 199 217 208 192 183 159 152 133 130 126 129 139 147 132 126 120 124 127
180 78 215 152 63 20 172 135 188 90 169 109 223 135 147 42 176 115 222 0 188 157 179 157 108 165 186 195 145 219 40 98 242 47 200 79 171 110 141 219 56 174 50 184 169 181 173 224 183 110 215 142 86 224 92 165 133 72 152 166 253 172 144 103 173 170 125 134 143 141 161 168 152 147 109 93 116 114 110 137 159 153 166 180 94 96 101 107 87 76 94 101 111 119 128 134 140 144 141 132 122
229 256 98 155 205 189 210 179 0 243 190 149 106 184 41 210 213 170 105 188 0 49 218 49 250 215 69 244 66 102 215 246 10 206 83 292 201 253 186 102 201 198 208 230 64 75 210 107 217 178 98 63 253 107 162 216 142 246 179 214 47 202 190 177 224 219 177 181 175 177 194 199 179 174 182 176 173 177 171 183 204 198 215 229 247 238 222 213 189 182 163 160 156 159 169 177 162 156 150 154 157
202 181 137 154 183 158 200 156 49 170 189 133 145 156 10 118 197 136 144 157 49 0 201 0 179 186 108 216 34 141 123 174 50 114 123 202 196 181 162 141 109 197 116 205 40 52 194 147 211 131 138 32 180 147 118 187 136 153 175 187 86 202 165 124 194 191 146 155 171 162 185 192 175 170 130 115 138 135 131 158 180 174 187 202 174 165 149 135 108 97 115 122 132 140 149 155 158 152 146 149 143
41 137 181 70 205 180 22 45 218 124 43 80 189 48 191 136 7 69 188 179 218 201 0 201 123 56 152 42 191 185 141 127 208 132 166 193 27 125 44 185 127 33 134 18 212 224 12 190 17 78 181 183 134 190 105 48 107 157 40 55 219 27 38 84 44 39 58 46 46 46 33 32 39 44 83 89 67 75 73 45 35 34 37 41 128 119 103 105 106 104 86 79 72 64 59 53 56 64 68 67 71
202 181 137 154 183 158 200 156 49 170 189 133 145 156 10 118 197 136 144 157 49 0 201 0 179 186 108 216 34 141 123 174 50 114 123 202 196 181 162 141 109 197 116 205 40 52 194 147 211 131 138 32 180 147 118 187 136 153 175 187 86 202 165 124 194 191 146 155 171 162 185 192 175 170 130 115 138 135 131 158 180 174 187 202 174 165 149 135 108 97 115 122 132 140 149 155 158 152 146 149 143
88 30 213 134 159 119 127 95 250 17 141 102 221 87 168 105 121 86 220 108 250 179 123 179 0 71 184 98 166 217 97 14 241 100 198 86 133 5 101 217 96 138 103 114 190 202 118 223 135 75 214 164 21 223 101 76 135 70 121 73 252 134 96 75 80 83 80 89 111 105 126 130 121 117 70 78 82 72 80 91 89 89 88 88 19 17 31 45 72 82 95 92 95 102 103 108 121 126 123 114 108
22 89 178 85 190 166 59 43 215 77 77 72 186 31 176 121 53 52 185 165 215 186 56 186 71 0 149 37 179 182 127 78 205 117 163 146 67 73 47 182 112 72 119 48 198 210 48 187 66 56 178 171 83 187 97 10 97 117 61 1 217 68 32 64 13 16 42 36 58 52 61 64 61 65 59 71 48 52 55 36 18 25 21 22 81 72 63 64 79 90 77 71 64 56 52 54 68 76 73 64 63
163 190 29 89 211 187 144 113 69 177 124 83 37 118 101 144 147 104 36 186 69 108 152 108 184 149 0 178 125 33 149 180 59 140 14 226 135 187 120 33 135 132 142 164 123 135 144 39 151 112 30 158 187 39 96 150 76 180 113 148 70 136 124 111 158 153 111 115 109 111 128 133 113 108 116 110 107 111 105 117 138 132 149 163 181 172 156 147 123 116 97 94 90 93 103 111 96 90 84 88 91
15 116 207 103 221 196 59 68 244 103 81 101 215 60 206 152 45 82 214 195 244 216 42 216 98 37 178 0 208 211 157 104 234 148 192 172 65 99 67 211 143 71 150 28 228 240 49 216 51 90 207 200 109 216 126 34 126 148 75 35 246 65 50 96 23 28 71 60 76 72 70 69 75 77 93 102 81 86 86 59 36 42 29 15 107 98 94 101 113 120 107 100 93 85 81 79 89 97 101 93 92
193 169 154 131 170 146 177 143 66 157 166 110 162 148 24 105 186 123 161 145 66 34 191 34 166 179 125 208 0 158 110 162 67 101 139 189 173 168 152 158 96 174 103 195 57 68 183 164 188 118 155 9 167 164 95 180 113 140 152 178 103 179 154 111 188 183 133 145 148 146 162 169 152 147 117 102 125 122 119 147 168 162 179 193 161 152 136 122 95 85 103 109 115 123 134 140 135 129 123 126 120
196 223 4 121 244 220 177 146 102 210 157 116 6 150 134 177 180 137 5 219 102 141 185 141 217 182 33 211 158 0 182 213 92 173 19 259 168 220 153 0 168 165 175 197 156 168 177 7 183 144 3 191 220 7 129 183 109 213 146 181 103 169 157 144 191 186 144 148 142 144 160 166 146 141 149 143 140 144 138 150 171 165 182 196 214 205 188 180 156 149 130 127 123 126 135 144 128 123 117 121 124
142 69 178 114 91 51 133 97 215 81 130 71 186 97 113 5 137 76 185 40 215 123 141 123 97 127 149 157 110 182 0 89 206 10 164 88 133 100 102 182 18 135 17 146 135 146 134 188 145 71 179 108 77 188 54 127 97 48 114 128 217 134 105 64 135 132 87 95 105 102 123 129 114 109 70 55 78 75 72 98 121 115 128 142 84 84 69 66 46 38 56 62 72 81 90 96 102 105 103 94 83
94 20 209 130 149 109 129 91 246 8 136 98 217 82 164 93 127 82 216 98 246 174 127 174 14 78 180 104 162 213 89 0 237 89 194 73 129 16 97 213 84 134 91 120 186 198 124 219 141 71 210 160 9 219 97 82 131 60 116 79 248 130 92 71 86 89 76 85 107 101 122 126 116 113 66 74 78 68 76 87 95 94 94 94 6 13 29 41 68 78 91 88 91 98 98 104 117 121 119 110 104
220 246 88 145 215 243 201 169 10 234 180 140 96 174 43 201 204 161 95 242 10 50 208 50 241 205 59 234 67 92 206 237 0 197 73 282 192 243 176 92 192 188 199 221 65 76 201 98 207 168 89 65 243 98 152 207 133 236 170 204 37 193 181 168 214 209 168 171 166 168 184 189 170 164 172 167 164 168 162 174 195 189 206 220 238 229 212 203 180 173 154 151 146 150 159 168 152 146 141 145 148
133 74 169 105 97 58 124 88 206 82 121 62 177 87 103 5 128 67 176 47 206 114 132 114 100 117 140 148 101 173 10 89 197 0 154 94 124 103 93 173 9 126 8 137 125 137 125 179 136 62 170 99 82 179 45 118 88 52 105 119 208 125 96 55 125 123 77 86 96 93 114 120 105 100 61 46 69 66 63 89 111 106 119 133 86 80 65 57 37 29 47 53 63 72 81 87 92 96 93 85 74
177 204 15 103 225 201 158 127 83 191 138 97 23 132 115 159 161 118 22 200 83 123 166 123 198 163 14 192 139 19 164 194 73 154 0 240 149 201 134 19 149 146 156 179 138 149 158 25 165 126 16 172 201 25 110 164 90 194 127 162 85 150 138 126 172 167 125 129 123 126 142 147 127 122 130 124 122 125 119 131 152 147 163 177 195 186 170 161 137 130 111 108 104 107 117 125 110 104 98 102 105
162 57 255 187 131 90 195 157 292 69 202 144 263 148 192 89 193 137 262 79 292 202 193 202 86 146 226 172 189 259 88 73 282 94 240 0 195 89 162 259 97 199 107 188 214 225 190 264 207 121 255 187 64 264 134 150 176 66 182 147 294 196 158 116 154 157 142 151 173 167 188 192 182 179 120 118 133 126 129 153 163 160 162 162 72 74 92 99 103 113 129 134 142 150 164 170 175 179 176 167 156
64 139 164 52 197 172 10 40 201 126 18 69 172 49 186 128 21 61 171 171 201 196 27 196 133 67 135 65 173 168 133 129 192 124 149 195 0 136 32 168 119 8 126 44 219 216 16 174 16 74 165 165 136 174 94 61 91 158 22 68 203 2 44 80 64 58 54 46 29 33 11 5 21 26 79 82 63 71 68 46 46 43 52 64 130 121 104 106 102 96 78 71 62 53 46 37 38 46 50 49 57
89 32 216 136 161 121 129 98 253 20 143 105 224 89 171 107 123 88 223 110 253 181 125 181 5 73 187 99 168 220 100 16 243 103 201 89 136 0 103 220 98 140 105 116 193 204 119 225 137 77 216 166 23 225 104 78 137 72 123 74 254 137 99 77 82 84 83 91 113 107 128 133 123 119 73 81 84 75 82 94 90 90 89 89 21 18 36 47 74 84 97 95 98 105 105 110 124 128 125 116 111
53 106 149 42 166 142 32 8 186 94 40 45 157 16 152 97 40 29 156 141 186 162 44 162 101 47 120 67 152 153 102 97 176 93 134 162 32 103 0 153 88 37 95 51 174 185 37 158 44 41 149 144 103 158 70 44 70 126 20 47 187 34 16 48 48 42 21 13 10 6 25 29 20 16 47 50 30 38 35 13 32 26 38 53 98 89 72 73 70 65 48 42 37 28 20 15 24 31 36 34 34
196 223 4 121 244 220 177 146 102 210 157 116 6 150 134 177 180 137 5 219 102 141 185 141 217 182 33 211 158 0 182 213 92 173 19 259 168 220 153 0 168 165 175 197 156 168 177 7 183 144 3 191 220 7 129 183 109 213 146 181 103 169 157 144 191 186 144 148 142 144 160 166 146 141 149 143 140 144 138 150 171 165 182 196 214 205 188 180 156 149 130 127 123 126 135 144 128 123 117 121 124
128 69 164 100 101 62 119 83 201 77 116 57 172 82 99 13 123 62 171 56 201 109 127 109 96 112 135 143 96 168 18 84 192 9 149 97 119 98 88 168 0 121 11 132 121 132 120 174 131 57 165 94 77 174 40 113 83 48 100 114 203 120 91 50 120 118 72 81 91 88 109 115 100 95 56 41 64 61 58 84 107 101 114 128 81 75 60 52 32 24 42 48 58 67 76 82 87 91 89 80 69
70 143 161 48 199 175 17 45 198 131 10 70 169 53 187 130 28 66 168 174 198 197 33 197 138 72 132 71 174 165 135 134 188 126 146 199 8 140 37 165 121 0 128 50 220 218 22 170 21 78 161 166 140 170 94 66 87 163 22 73 200 7 49 85 70 64 58 50 32 37 14 8 22 27 84 89 67 75 73 50 53 48 58 70 135 126 109 110 105 98 80 75 66 57 49 42 39 45 50 50 58
135 77 171 107 93 54 126 90 208 84 123 64 179 89 106 12 130 69 178 50 208 116 134 116 103 119 142 150 103 175 17 91 199 8 156 107 126 105 95 175 11 128 0 139 127 139 127 181 138 64 172 101 84 181 47 120 90 55 107 121 210 127 98 57 127 125 79 88 98 95 116 122 107 102 63 48 71 68 65 91 114 108 121 135 88 82 67 59 39 31 49 55 65 74 83 89 94 98 96 87 76
32 132 193 83 210 185 38 52 230 119 60 88 201 51 195 141 24 71 200 184 230 205 18 205 114 48 164 28 195 197 146 120 221 137 179 188 44 116 51 197 132 50 139 0 217 229 28 203 28 80 194 187 126 203 113 40 113 158 54 47 232 44 40 87 35 32 60 51 55 55 49 49 54 57 86 92 70 77 75 50 31 35 30 32 124 115 104 106 109 109 94 87 80 72 67 62 69 77 80 78 79
213 193 152 177 182 170 205 168 64 182 212 156 160 168 33 130 209 148 159 169 64 40 212 40 190 198 123 228 57 156 135 186 65 125 138 214 219 193 174 156 121 220 127 217 0 21 206 162 217 143 153 55 191 162 115 198 159 165 198 199 101 224 177 136 206 203 158 167 176 174 208 214 198 193 142 126 149 147 143 170 192 186 199 213 186 177 161 147 120 109 127 134 144 152 161 167 181 175 169 171 166
225 205 164 188 179 182 216 180 75 193 223 154 172 180 44 141 220 159 171 181 75 52 224 52 202 210 135 240 68 168 146 198 76 137 149 225 216 204 185 168 132 218 139 229 21 0 217 173 228 154 164 66 203 173 126 210 170 177 197 211 113 217 188 147 218 215 170 178 188 185 206 212 197 192 153 138 161 158 155 181 204 198 211 225 197 188 172 158 131 121 139 145 155 164 173 179 185 186 180 183 166
48 134 173 63 198 174 10 38 210 121 32 73 181 42 184 129 5 60 180 173 210 194 12 194 118 48 144 49 183 177 134 124 201 125 158 190 16 119 37 177 120 22 127 28 206 217 0 182 17 69 174 175 131 182 98 43 100 153 33 50 212 16 32 75 46 40 49 39 39 39 25 19 31 37 74 80 59 66 64 38 31 29 34 48 125 116 99 101 97 97 79 72 65 57 52 46 49 56 60 60 64
201 228 9 127 250 225 183 151 107 215 162 122 5 156 140 183 185 143 2 224 107 147 190 147 223 187 39 216 164 7 188 219 98 179 25 264 174 225 158 7 174 170 181 203 162 173 182 0 189 150 9 196 225 0 134 189 114 218 151 186 109 174 162 150 196 191 149 153 147 150 166 171 151 146 154 148 146 149 143 155 177 171 187 201 220 211 194 185 161 154 135 132 128 132 141 149 134 128 122 127 130
57 150 180 67 209 185 13 52 217 138 31 82 187 59 201 140 18 73 187 183 217 211 17 211 135 66 151 51 188 183 145 141 207 136 165 207 16 137 44 183 131 21 138 28 217 228 17 189 0 85 180 180 147 189 107 61 106 170 37 68 218 15 50 92 60 55 65 57 44 45 27 21 36 41 91 94 74 82 80 57 49 46 51 57 142 133 116 117 114 108 90 83 75 65 58 52 53 61 64 64 72
75 81 141 68 135 111 74 34 178 68 81 29 148 31 121 66 72 16 147 110 178 131 78 131 75 56 112 90 118 144 71 71 168 62 126 121 74 77 41 144 57 78 64 80 143 154 69 150 85 0 141 116 78 150 54 58 62 81 63 58 179 75 40 8 66 65 20 30 51 47 66 71 63 57 7 16 12 4 9 33 55 49 62 75 72 63 46 41 29 34 25 22 23 31 38 44 57 60 57 48 36
193 219 1 118 241 216 174 142 98 207 153 113 7 147 131 174 177 134 6 215 98 138 181 138 214 178 30 207 155 3 179 210 89 170 16 255 165 216 149 3 165 161 172 194 153 164 174 9 180 141 0 187 216 9 125 180 106 209 142 177 100 166 154 141 187 182 140 144 138 141 157 162 142 137 145 140 137 140 135 147 168 162 178 193 211 202 185 176 152 145 127 124 119 123 132 141 125 119 114 118 121
185 166 187 123 168 143 169 135 63 155 158 102 195 140 22 103 178 121 194 142 63 32 183 32 164 171 158 200 9 191 108 160 65 99 172 187 165 166 144 191 94 166 101 187 55 66 175 196 180 116 187 0 165 196 87 172 105 138 144 170 101 171 146 109 180 175 131 137 140 138 154 161 144 139 115 100 125 120 116 139 160 154 171 185 159 150 134 120 93 95 100 113 107 115 126 132 127 121 115 118 112
99 12 216 137 138 97 136 98 253 10 143 105 224 89 169 78 134 89 223 86 253 180 134 180 21 83 187 109 167 220 77 9 243 82 201 64 136 23 103 220 77 140 84 126 191 203 131 225 147 78 216 165 0 225 102 88 137 49 123 84 255 137 99 77 92 94 83 92 113 108 128 133 123 119 73 81 84 75 83 94 100 100 99 99 7 15 34 46 73 83 97 95 98 105 105 111 124 128 125 116 111
201 228 9 127 250 225 183 151 107 215 162 122 5 156 140 183 185 143 2 224 107 147 190 147 223 187 39 216 164 7 188 219 98 179 25 264 174 225 158 7 174 170 181 203 162 173 182 0 189 150 9 196 225 0 134 189 114 218 151 186 109 174 162 150 196 191 149 153 147 150 166 171 151 146 154 148 146 149 143 155 177 171 187 201 220 211 194 185 161 154 135 132 128 132 141 149 134 128 122 127 130
111 104 125 61 118 93 95 61 162 93 96 28 133 66 108 49 101 48 132 92 162 118 105 118 101 97 96 126 95 129 54 97 152 45 110 134 94 104 70 129 40 94 47 113 115 126 98 134 107 54 125 87 102 134 0 98 43 85 73 96 164 95 72 47 106 101 57 63 67 64 83 89 73 68 53 37 60 58 54 65 87 81 97 111 97 88 72 58 30 19 31 37 33 41 52 58 52 46 40 40 35
20 94 179 84 191 166 53 43 216 81 72 74 187 33 176 122 44 53 186 165 216 187 48 187 76 10 150 34 180 183 127 82 207 118 164 150 61 78 44 183 113 66 120 40 198 210 43 189 61 58 180 172 88 189 98 0 98 129 56 8 218 62 27 65 11 11 44 37 54 48 56 59 55 58 61 72 49 54 56 38 14 19 13 20 85 77 75 77 83 90 79 73 66 58 54 54 68 75 75 66 65
111 140 105 44 159 134 100 61 142 128 79 34 113 66 126 92 103 55 112 133 142 136 107 136 135 97 76 126 113 109 97 131 133 88 90 176 91 137 70 109 83 87 90 113 159 170 100 114 106 62 106 105 137 114 43 98 0 127 68 96 144 92 72 62 106 101 61 63 65 64 83 88 69 63 66 60 58 61 55 65 87 81 97 111 132 123 106 97 73 62 47 44 40 44 52 58 51 45 40 44 36
138 41 209 137 124 83 158 114 246 53 166 94 217 112 143 49 156 97 216 72 246 153 157 153 70 117 180 148 140 213 48 60 236 52 194 66 158 72 126 213 48 163 55 158 165 177 153 218 170 81 209 138 49 218 85 129 127 0 146 118 248 160 122 76 130 136 100 114 132 127 151 155 146 137 79 78 92 85 89 117 130 123 134 138 56 58 54 59 54 62 79 94 102 110 118 124 125 129 126 117 106
64 126 142 29 178 153 27 27 179 113 20 48 150 36 165 109 35 50 149 152 179 175 40 175 121 61 113 75 152 146 114 116 170 105 127 182 22 123 20 146 100 22 107 54 198 197 33 151 37 63 142 144 123 151 73 56 68 146 0 63 181 22 35 69 60 54 41 33 11 16 11 17 1 6 68 68 51 60 57 33 43 38 49 64 118 109 92 93 84 77 58 54 46 36 28 21 17 25 29 28 36
21 91 177 84 192 167 60 42 214 78 79 71 185 30 177 123 51 51 184 166 214 187 55 187 73 1 148 35 178 181 128 79 204 119 162 147 68 74 47 181 114 73 121 47 199 211 50 186 68 58 177 170 84 186 96 8 96 118 63 0 216 69 34 65 12 15 41 35 57 51 63 66 63 65 61 73 47 53 54 35 21 26 20 21 82 73 64 66 80 91 76 70 63 55 51 53 67 75 72 64 62
231 258 99 156 279 254 212 181 47 245 191 151 107 185 79 212 215 172 106 253 47 86 219 86 252 217 70 246 103 103 217 248 37 208 85 294 203 254 187 103 203 200 210 232 101 113 212 109 218 179 100 101 255 109 164 218 144 248 181 216 0 204 192 179 225 220 179 182 177 179 195 201 181 176 183 178 175 179 173 185 206 200 217 231 249 240 223 215 191 184 165 162 157 161 170 179 163 158 152 156 159
64 140 165 51 198 173 13 41 202 127 16 70 173 50 191 129 21 63 172 172 202 202 27 202 134 68 136 65 179 169 134 130 193 125 150 196 2 137 34 169 120 7 127 44 224 217 16 174 15 75 166 171 137 174 95 62 92 160 22 69 204 0 45 81 62 56 55 47 30 34 12 7 22 28 80 83 64 72 69 47 47 44 50 64 131 122 106 107 103 97 79 72 63 54 47 38 40 47 51 51 58
36 102 153 58 169 145 40 15 190 89 52 47 161 10 155 100 36 31 160 144 190 165 38 165 96 32 124 50 154 157 105 92 181 96 138 158 44 99 16 157 91 49 98 40 177 188 32 162 50 40 154 146 99 162 72 27 72 122 35 34 192 45 0 46 31 25 20 10 26 21 37 42 35 32 45 51 29 37 35 9 15 9 21 36 93 84 68 69 68 68 53 47 40 32 28 26 40 47 49 40 38
82 80 140 73 128 104 80 40 177 67 88 29 148 37 114 59 78 23 147 103 177 124 84 124 75 64 111 96 111 144 64 71 168 55 126 116 80 77 48 144 50 85 57 87 136 147 75 150 92 8 141 109 77 150 47 65 62 76 69 65 179 81 46 0 73 72 27 36 58 53 73 77 69 64 8 10 19 12 14 39 62 56 69 82 72 63 46 37 24 28 22 19 27 35 44 50 60 64 61 52 42
9 98 187 89 199 174 56 49 224 85 76 81 195 40 184 130 46 61 194 173 224 194 44 194 80 13 158 23 188 191 135 86 214 125 172 154 64 82 48 191 120 70 127 35 206 218 46 196 60 66 187 180 92 196 106 11 106 130 60 12 225 62 31 73 0 6 51 45 58 53 60 62 60 63 69 80 57 62 64 40 18 23 12 9 89 80 76 78 91 98 86 80 73 65 61 60 75 79 82 73 72
13 100 182 83 196 171 50 43 219 88 70 76 190 35 181 127 41 57 189 170 219 191 39 191 83 16 153 28 183 186 132 89 209 123 167 157 58 84 42 186 118 64 125 32 203 215 40 191 55 65 182 175 94 191 101 11 101 136 54 15 220 56 25 72 6 0 46 35 52 47 54 56 54 57 68 77 56 61 61 34 12 17 6 13 92 83 82 84 90 95 82 75 68 60 56 54 69 73 77 68 67
56 86 140 52 150 126 54 14 177 73 61 31 148 11 136 81 52 12 147 125 177 146 58 146 80 42 111 71 133 144 87 76 168 77 125 142 54 83 21 144 72 58 79 60 158 170 49 149 65 20 140 131 83 149 57 44 61 100 41 41 179 55 20 27 51 46 0 10 31 27 46 51 41 37 26 32 9 17 16 13 35 29 42 56 77 68 51 53 48 50 37 31 24 21 20 26 40 44 41 32 27
45 94 144 51 159 135 46 8 181 82 53 38 151 4 145 90 42 21 151 134 181 155 46 155 89 36 115 60 145 148 95 85 171 86 129 151 46 91 13 148 81 50 88 51 167 178 39 153 57 30 144 137 92 153 63 37 63 114 33 35 182 47 10 36 45 35 10 0 23 18 38 43 33 29 35 41 19 27 25 3 24 18 31 45 86 77 60 62 58 58 44 37 30 22 18 20 34 42 39 30 29
63 116 138 32 169 144 33 18 175 104 33 42 146 26 161 100 42 39 145 143 175 171 46 171 111 58 109 76 148 142 105 107 166 96 123 173 29 113 10 142 91 32 98 55 176 188 39 147 44 51 138 140 113 147 67 54 65 132 11 57 177 30 26 58 58 52 31 23 0 5 18 25 11 6 57 57 40 49 45 23 42 36 49 63 108 99 82 84 75 68 50 43 34 25 18 9 13 20 25 23 29
57 111 140 36 166 142 33 13 177 98 38 39 148 21 152 97 42 34 147 141 177 162 46 162 105 52 111 72 146 144 102 101 168 93 126 167 33 107 6 144 88 37 95 55 174 185 39 150 45 47 141 138 108 150 64 48 64 127 16 51 179 34 21 53 53 47 27 18 5 0 23 29 16 10 52 55 35 44 40 18 36 30 43 57 102 93 76 78 72 65 47 40 32 23 15 9 16 23 27 25 28
65 131 157 42 187 162 18 33 194 119 15 58 164 41 175 118 28 57 164 161 194 185 33 185 126 61 128 70 162 160 123 122 184 114 142 188 11 128 25 160 109 14 116 49 208 206 25 166 27 66 157 154 128 166 83 56 83 151 11 63 195 12 37 73 60 54 46 38 18 23 0 7 10 16 72 75 55 63 61 39 43 38 49 65 123 114 97 99 93 86 68 61 52 43 35 29 28 35 39 39 46
65 136 162 45 193 169 12 37 199 123 15 65 170 46 182 124 24 58 169 168 199 192 32 192 130 64 133 69 169 166 129 126 189 120 147 192 5 133 29 166 115 8 122 49 214 212 19 171 21 71 162 161 133 171 89 59 88 155 17 66 201 7 42 77 62 56 51 43 25 29 7 0 17 22 76 79 60 68 65 43 46 41 51 65 127 118 101 103 99 93 74 67 59 50 42 35 34 42 45 45 53
64 126 142 32 178 153 26 27 179 113 23 48 150 36 165 109 34 50 149 152 179 175 39 175 121 61 113 75 152 146 114 116 170 105 127 182 21 123 20 146 100 22 107 54 198 197 31 151 36 63 142 144 123 151 73 55 69 146 1 63 181 22 35 69 60 54 41 33 11 16 10 17 0 6 68 68 51 60 56 33 43 37 49 64 117 108 92 93 84 77 58 54 45 36 28 21 17 25 29 29 36
67 122 137 26 173 148 31 24 174 110 25 43 145 32 160 104 39 45 144 147 174 170 44 170 117 65 108 77 147 141 109 113 164 100 122 179 26 119 16 141 95 27 102 57 193 192 37 146 41 57 137 139 119 146 68 58 63 137 6 65 176 28 32 64 63 57 37 29 6 10 16 22 6 0 63 64 46 54 51 30 45 42 52 67 114 105 88 90 79 72 53 50 41 32 23 16 12 20 24 23 31
78 76 145 73 134 110 79 39 182 63 87 34 153 36 120 65 77 22 152 109 182 130 83 130 70 59 116 93 117 149 70 66 172 61 130 120 79 73 47 149 56 84 63 86 142 153 74 154 91 7 145 115 73 154 53 61 66 79 68 61 183 80 45 8 69 68 26 35 57 52 72 76 68 63 0 17 18 8 14 38 61 55 66 78 67 58 41 36 28 33 26 24 28 37 43 49 61 65 62 53 42
88 84 139 71 119 94 82 44 176 71 90 28 147 42 104 50 83 23 146 93 176 115 89 115 78 71 110 102 102 143 55 74 167 46 124 118 82 81 50 143 41 89 48 92 126 138 80 148 94 16 140 100 81 148 37 72 60 78 68 73 178 83 51 10 80 77 32 41 57 55 75 79 68 64 17 0 24 20 17 44 66 60 74 88 75 66 50 39 21 18 20 18 26 34 42 48 59 63 60 51 40
66 87 136 57 142 117 62 23 173 75 73 25 144 21 127 73 61 4 143 116 173 138 67 138 82 48 107 81 125 140 78 78 164 69 122 133 63 84 30 140 64 67 71 70 149 161 59 146 74 12 137 125 84 146 60 49 58 92 51 47 175 64 29 19 57 56 9 19 40 35 55 60 51 46 18 24 0 9 7 22 45 39 52 66 79 70 53 51 41 41 29 24 18 20 26 32 45 49 46 37 30
71 78 140 66 139 115 71 31 177 65 78 28 148 28 125 70 69 14 147 114 177 135 75 135 72 52 111 86 122 144 75 68 168 66 125 126 71 75 38 144 61 75 68 77 147 158 66 149 82 4 140 120 75 149 58 54 61 85 60 53 179 72 37 12 62 61 17 27 49 44 63 68 60 54 8 20 9 0 7 30 52 46 59 71 69 60 44 41 34 39 29 26 23 30 35 41 54 58 55 46 39
71 86 134 61 136 111 68 28 171 73 78 22 142 26 121 67 67 9 141 110 171 131 73 131 80 55 105 86 119 138 72 76 162 63 119 129 68 82 35 138 58 73 65 75 143 155 64 143 80 9 135 116 83 143 54 56 55 89 57 54 173 69 35 14 64 61 16 25 45 40 61 65 56 51 14 17 7 7 0 28 50 44 57 71 77 68 51 49 37 35 22 19 17 25 32 38 49 53 50 41 34
44 97 146 51 162 138 46 9 183 84 53 40 154 5 148 93 41 24 153 137 183 158 45 158 91 36 117 59 147 150 98 87 174 89 131 153 46 94 13 150 84 50 91 50 170 181 38 155 57 33 147 139 94 155 65 38 65 117 33 35 185 47 9 39 40 34 13 3 23 18 39 43 33 30 38 44 22 30 28 0 23 17 30 44 88 79 63 64 61 61 46 39 33 24 21 20 34 41 42 33 31
21 106 167 71 185 160 39 32 204 94 59 62 175 27 170 116 32 46 174 159 204 180 35 180 89 18 138 36 168 171 121 95 195 111 152 163 46 90 32 171 107 53 114 31 192 204 31 177 49 55 168 160 100 177 87 14 87 130 43 21 206 47 15 62 18 12 35 24 42 36 43 46 43 45 61 66 45 52 50 23 0 6 6 21 98 89 76 78 84 84 68 61 54 46 42 43 57 65 63 54 53
27 103 161 66 179 154 39 26 198 91 54 56 169 21 164 110 32 40 168 153 198 174 34 174 89 25 132 42 162 165 115 94 189 106 147 160 43 90 26 165 101 48 108 35 186 198 29 171 46 49 162 154 100 171 81 19 81 123 38 26 200 44 9 56 23 17 29 18 36 30 38 41 37 42 55 60 39 46 44 17 6 0 13 27 95 86 69 71 78 78 62 55 48 40 36 37 50 57 57 48 47
15 106 178 78 192 167 44 39 215 93 64 72 186 31 177 123 35 53 185 166 215 187 37 187 88 21 149 29 179 182 128 94 206 119 163 162 52 89 38 182 114 58 121 30 199 211 34 187 51 62 178 171 99 187 97 13 97 134 49 20 217 50 21 69 12 6 42 31 49 43 49 51 49 52 66 74 52 59 57 30 6 13 0 15 97 88 80 82 88 91 78 71 64 56 53 50 64 70 73 65 63
0 106 192 93 206 181 58 53 229 93 79 86 200 45 191 137 43 67 199 180 229 202 41 202 88 22 163 15 193 196 142 94 220 133 177 162 64 89 53 196 128 70 135 32 213 225 48 201 57 75 193 185 99 201 111 20 111 138 64 21 231 64 36 82 9 13 56 45 63 57 65 65 64 67 78 88 66 71 71 44 21 27 15 0 97 88 84 86 100 105 92 85 79 70 67 64 79 84 88 79 77
97 16 210 131 145 104 130 92 247 4 137 99 218 83 164 85 128 83 217 94 247 174 128 174 19 81 181 107 161 214 84 6 238 86 195 72 130 21 98 214 81 135 88 124 186 197 125 220 142 72 211 159 7 220 97 85 132 56 118 82 249 131 93 72 89 92 77 86 108 102 123 127 117 114 67 75 79 69 77 88 98 95 97 97 0 9 28 41 67 77 92 89 92 99 99 105 118 122 120 111 105
88 18 201 122 147 107 121 83 238 5 129 90 209 74 155 84 119 74 208 96 238 165 119 165 17 72 172 98 152 205 84 13 229 80 186 74 121 18 89 205 75 126 82 115 177 188 116 211 133 63 202 150 15 211 88 77 123 58 109 73 240 122 84 63 80 83 68 77 99 93 114 118 108 105 58 66 70 60 68 79 89 86 88 88 9 0 20 32 58 69 83 80 83 90 90 96 109 114 111 102 96
84 36 185 105 152 111 104 67 222 24 112 74 192 58 139 69 102 57 192 101 222 149 103 149 31 63 156 94 136 188 69 29 212 65 170 92 104 36 72 188 60 109 67 104 161 172 99 194 116 46 185 134 34 194 72 75 106 54 92 64 223 106 68 46 76 82 51 60 82 76 97 101 92 88 41 50 53 44 51 63 76 69 80 84 28 20 0 16 42 53 66 64 67 73 74 79 93 97 94 85 79
86 48 176 107 139 108 106 68 213 36 113 65 184 59 125 61 104 55 183 107 213 135 105 135 45 64 147 101 122 180 66 41 203 57 161 99 106 47 73 180 52 110 59 106 147 158 101 185 117 41 176 120 46 185 58 77 97 59 93 66 215 107 69 37 78 84 53 62 84 78 99 103 93 90 36 39 51 41 49 64 78 71 82 86 41 32 16 0 28 39 53 55 63 71 75 81 94 98 95 86 77
100 74 152 84 112 88 102 62 189 63 100 41 160 59 98 41 100 43 159 87 189 108 106 108 72 79 123 113 95 156 46 68 180 37 137 103 102 74 70 156 32 105 39 109 120 131 97 161 114 29 152 93 73 161 30 83 73 54 84 80 191 103 68 24 91 90 48 58 75 72 93 99 84 79 28 21 41 34 37 61 84 78 88 100 67 58 42 28 0 11 26 32 42 51 60 66 72 76 73 64 53
105 85 145 77 102 77 97 60 182 73 93 34 153 60 87 33 100 39 152 76 182 97 104 97 82 90 116 120 85 149 38 78 173 29 130 113 96 84 65 149 24 98 31 109 109 121 97 154 108 34 145 95 83 154 19 90 62 62 77 91 184 97 68 28 98 95 50 58 68 65 86 93 77 72 33 18 41 39 35 61 84 78 91 105 77 69 53 39 11 0 19 25 35 44 53 59 65 69 66 57 46
92 100 126 58 120 95 78 42 163 88 75 15 134 47 105 51 82 27 133 94 163 115 86 115 95 77 97 107 103 130 56 91 154 47 111 129 78 97 48 130 42 80 49 94 127 139 79 135 90 25 127 100 97 135 31 79 47 79 58 76 165 79 53 22 86 82 37 44 50 47 68 74 58 53 26 20 29 29 22 46 68 62 78 92 92 83 66 53 26 19 0 7 15 23 34 41 46 50 47 38 27
85 98 123 55 126 102 71 35 160 85 76 12 131 40 112 57 75 21 130 101 160 122 79 122 92 71 94 100 109 127 62 88 151 53 108 134 71 95 42 127 48 75 55 87 134 145 72 132 83 22 124 113 95 132 37 73 44 94 54 70 162 72 47 19 80 75 31 37 43 40 61 67 54 50 24 18 24 26 19 39 61 55 71 85 89 80 64 55 32 25 7 0 10 19 27 34 43 47 44 35 24
79 101 119 46 136 112 63 28 156 88 62 7 127 33 122 67 68 15 126 111 156 132 72 132 95 64 90 93 115 123 72 91 146 63 104 142 62 98 37 123 58 66 65 80 144 155 65 128 75 23 119 107 98 128 33 66 40 102 46 63 157 63 40 27 73 68 24 30 34 32 52 59 45 41 28 26 18 23 17 33 54 48 64 79 92 83 67 63 42 35 15 10 0 9 19 25 34 38 35 26 15
70 108 122 37 145 120 54 20 159 95 54 16 130 25 130 76 60 17 129 119 159 140 64 140 102 56 93 85 123 126 81 98 150 72 107 150 53 105 28 126 67 57 74 72 152 164 57 132 65 31 123 115 105 132 41 58 44 110 36 55 161 54 32 35 65 60 21 22 25 23 43 50 36 32 37 34 20 30 25 24 46 40 56 70 99 90 73 71 51 44 23 19 9 0 10 16 25 29 26 17 10
67 108 132 39 154 129 46 17 169 95 50 27 139 21 139 85 55 25 139 128 169 149 59 149 103 52 103 81 134 135 90 98 159 81 117 164 46 105 20 135 76 49 83 67 161 173 52 141 58 38 132 126 105 141 52 54 52 118 28 51 170 47 28 44 61 56 20 18 18 15 35 42 28 23 43 42 26 35 32 21 42 36 53 67 99 90 74 75 60 53 34 27 19 10 0 9 22 30 27 18 16
64 114 140 32 160 135 41 13 177 101 43 33 148 23 145 91 49 31 147 134 177 155 53 155 108 54 111 79 140 144 96 104 168 87 125 170 37 110 15 144 82 42 89 62 167 179 46 149 52 44 141 132 111 149 58 54 58 124 21 53 179 38 26 50 60 54 26 20 9 9 29 35 21 16 49 48 32 41 38 20 43 37 50 64 105 96 79 81 66 59 41 34 25 16 9 0 15 22 27 25 22
79 127 125 18 166 141 43 27 162 114 34 36 132 37 148 97 52 42 132 140 162 158 56 158 121 68 96 89 135 128 102 117 152 92 110 175 38 124 24 128 87 39 94 69 181 185 49 134 53 57 125 127 124 134 52 68 51 125 17 67 163 40 40 60 75 69 40 34 13 16 28 34 17 12 61 59 45 54 49 34 57 50 64 79 118 109 93 94 72 65 46 43 34 25 22 15 0 8 12 15 24
84 131 119 9 169 145 50 34 156 118 38 40 127 45 142 100 59 46 126 144 156 152 64 152 126 76 90 97 129 123 105 121 146 96 104 179 46 128 31 123 91 45 98 77 175 186 56 128 61 60 119 121 128 128 46 75 45 129 25 75 158 47 47 64 79 73 44 42 20 23 35 42 25 20 65 63 49 58 53 41 65 57 70 84 122 114 97 98 76 69 50 47 38 29 30 22 8 0 6 14 20
88 128 113 12 167 142 54 37 150 116 45 27 121 42 136 98 63 43 120 141 150 146 68 146 123 73 84 101 123 117 103 119 141 93 98 176 50 125 36 117 89 50 96 80 169 180 60 122 64 57 114 115 125 122 40 75 40 126 29 72 152 51 49 61 82 77 41 39 25 27 39 45 29 24 62 60 46 55 50 42 63 57 73 88 120 111 94 95 73 66 47 44 35 26 27 27 12 6 0 8 14
79 119 117 20 158 133 54 28 154 107 45 23 125 33 139 89 63 34 124 132 154 149 67 149 114 64 88 93 126 121 94 110 145 85 102 167 49 116 34 121 80 50 87 78 171 183 60 127 64 48 118 118 116 127 40 66 44 117 28 64 156 51 40 52 73 68 32 30 23 25 39 45 29 23 53 51 37 46 41 33 54 48 65 79 111 102 85 86 64 57 38 35 26 17 18 25 15 14 8 0 7
77 114 120 26 147 123 60 27 157 101 53 16 128 32 133 78 67 27 127 122 157 143 71 143 108 63 91 92 120 124 83 104 148 74 105 156 57 111 34 124 69 58 76 79 166 166 64 130 72 36 121 112 111 130 35 65 36 106 36 62 159 58 38 42 72 67 27 29 29 28 46 53 36 31 42 40 30 39 34 31 53 47 63 77 105 96 79 77 53 46 27 24 15 10 16 22 24 20 14 7 0