0 196 28 143 203 211 56 21 211 130 33 196 199 41 177 93 195 181 92 221 79 200 93 219 37 15 229 19 186 136 101 148 56 90 56 85 50 102 143 141 44 63 180 162 227 78 90 130 163 208 71 19 196 193 145 91 200 238 70 110 58 64 36 82 9 13 56 45 63 57 65 65 64 67 78 88 66 71 71 44 21 27 15 0 97 88 84 86 100 105 92 85 79 70 67 64 79 84 88 79 77
196 0 198 183 75 31 199 185 154 169 183 235 5 191 216 210 10 17 185 94 213 6 186 92 174 185 102 184 22 257 104 237 199 220 151 112 237 119 224 262 165 166 28 259 159 156 225 251 33 247 143 184 9 4 183 208 6 180 205 114 243 169 157 145 191 186 144 148 142 145 161 166 146 141 149 143 141 144 138 150 171 166 182 196 214 205 189 180 156 149 130 127 123 126 136 144 129 123 117 121 124
28 198 0 145 204 212 32 15 213 133 19 199 201 17 180 116 197 183 109 223 101 201 110 220 25 19 231 35 188 159 103 170 32 113 46 85 73 92 170 164 34 47 181 185 229 61 113 153 164 211 75 35 197 194 147 114 201 240 93 110 41 44 39 85 31 28 59 49 55 54 50 49 54 57 84 90 68 76 74 48 26 32 25 28 120 111 101 103 107 108 92 86 79 71 66 62 69 77 81 78 77
143 183 145 0 190 198 161 134 133 34 133 65 186 145 50 84 183 168 59 209 106 187 62 206 125 138 216 128 173 111 100 66 161 101 110 92 162 113 53 107 119 126 167 91 149 130 118 105 150 97 75 128 183 180 18 87 187 159 98 78 186 135 106 65 135 132 87 96 106 103 124 130 114 109 71 56 79 76 72 99 121 115 129 143 87 87 72 67 47 38 56 63 73 82 90 97 102 106 103 94 84
203 75 204 190 0 90 206 192 113 175 190 241 79 197 222 217 75 60 192 53 220 79 193 51 180 191 61 190 66 263 110 244 206 227 157 119 243 126 231 268 172 173 59 266 118 163 232 257 42 253 150 190 75 72 190 215 79 139 211 121 250 176 164 151 197 192 151 154 149 151 167 172 153 148 155 150 147 151 145 157 178 172 189 203 221 212 195 186 163 156 137 134 129 133 142 151 135 129 124 128 131
211 31 212 198 90 0 214 200 168 183 198 249 35 205 230 225 31 31 200 109 228 35 201 106 188 200 117 198 36 272 118 252 214 235 165 127 251 134 239 276 180 181 41 274 174 171 240 265 48 261 158 198 31 28 198 223 35 195 220 129 258 184 172 159 205 200 159 162 157 159 175 181 161 156 163 158 155 159 153 165 186 180 197 211 229 220 203 194 171 164 145 142 137 141 150 159 143 138 132 136 139
56 199 32 161 206 214 0 42 229 149 36 215 202 22 196 144 198 184 131 224 129 203 132 222 41 46 232 62 189 187 104 196 0 141 53 87 98 81 192 192 47 38 182 213 251 47 141 181 165 227 94 62 199 195 164 142 203 256 121 118 53 30 58 105 59 55 78 69 59 60 42 36 51 56 104 109 88 95 93 68 53 55 52 56 148 139 123 125 127 124 105 98 90 81 73 68 68 76 80 79 87
21 185 15 134 192 200 42 0 202 121 13 187 188 26 168 100 184 170 94 210 86 189 95 208 18 10 218 21 175 143 90 159 42 97 38 74 71 84 156 148 26 39 169 169 218 53 98 137 152 200 64 21 185 181 136 99 189 229 78 99 56 39 26 74 21 15 48 38 47 44 42 41 46 49 73 79 57 65 63 37 11 17 11 21 104 96 86 88 96 96 81 74 67 59 56 51 61 68 72 68 66
211 154 213 133 113 168 229 202 0 116 201 182 157 213 163 179 153 139 140 89 183 158 143 71 193 206 97 196 144 226 159 186 229 190 178 161 233 171 174 230 187 194 137 211 30 209 195 219 120 186 142 196 153 150 131 177 158 31 175 135 254 221 174 133 203 200 155 164 174 171 205 212 195 190 139 124 147 144 140 167 189 183 196 211 183 174 158 144 117 106 124 131 141 150 158 165 178 172 166 169 163
130 169 133 34 175 183 149 121 116 0 121 74 172 133 55 83 168 153 50 194 97 172 53 191 113 125 202 115 159 126 86 87 149 95 97 80 153 98 74 122 107 114 152 112 132 118 109 120 135 81 62 115 168 165 27 81 172 143 89 62 174 122 93 53 123 120 75 84 93 90 111 118 102 97 58 43 66 64 60 86 109 103 116 130 87 81 66 58 38 26 44 50 61 69 78 84 90 94 91 82 71
33 183 19 133 190 198 36 13 201 121 0 187 186 17 168 113 183 168 99 209 98 187 100 206 10 24 216 33 173 160 88 164 36 109 32 73 84 76 161 165 18 30 167 182 218 45 110 154 150 199 64 33 183 180 136 111 187 228 90 99 58 33 27 74 35 29 47 38 41 41 34 33 40 43 73 78 57 64 62 37 21 22 23 33 117 108 92 94 96 96 81 74 67 59 53 48 55 62 66 63 66
196 235 199 65 241 249 215 187 182 74 187 0 238 199 21 112 234 219 115 260 140 238 118 257 179 191 268 181 225 132 152 76 215 130 163 146 201 164 63 117 173 180 218 101 198 184 141 133 201 48 128 181 234 231 54 114 238 209 144 128 240 188 159 119 189 186 141 149 159 156 177 184 168 163 124 109 132 130 126 152 175 169 182 196 115 117 122 123 102 92 110 116 126 135 144 150 156 160 157 148 137
199 5 201 186 79 35 202 188 157 172 186 238 0 194 219 213 11 20 188 97 216 3 189 95 177 188 105 187 25 260 107 240 202 223 154 115 240 122 227 265 169 169 31 262 162 159 228 254 37 250 146 187 10 7 187 211 3 183 208 117 247 172 160 148 194 189 147 151 145 148 164 169 149 144 152 146 144 147 141 153 175 169 185 199 217 208 192 183 159 152 133 130 126 130 139 147 132 126 120 124 128
41 191 17 145 197 205 22 26 213 133 17 199 194 0 180 126 190 176 112 216 114 194 113 214 22 31 224 46 181 172 96 177 22 125 42 80 86 81 174 177 28 35 174 195 230 50 126 166 157 211 76 46 190 187 148 124 194 240 106 112 51 32 39 86 44 39 59 50 51 51 38 38 45 50 85 90 69 76 74 49 36 36 36 41 130 121 104 106 108 108 91 84 77 69 64 59 62 70 74 73 76
177 216 180 50 222 230 196 168 163 55 168 21 219 180 0 97 215 201 96 241 125 219 99 239 160 172 249 163 206 117 133 61 196 115 145 127 186 145 48 102 154 161 199 86 179 165 126 118 182 50 109 163 215 212 35 99 219 190 129 109 221 169 140 100 170 167 122 131 140 137 158 165 149 144 106 90 113 111 107 134 156 150 163 177 100 102 107 104 83 73 91 98 108 116 125 131 137 141 138 129 118
93 210 116 84 217 225 144 100 179 83 113 112 213 126 97 0 210 195 32 235 28 214 31 233 105 101 243 80 200 47 131 55 144 18 101 114 83 136 50 52 106 118 194 69 195 132 29 41 177 144 67 80 210 207 89 2 214 206 26 116 130 127 89 67 85 88 73 82 104 98 119 123 113 110 63 71 75 65 73 84 94 91 93 93 4 5 24 36 63 73 88 85 88 95 95 101 114 118 116 107 101
195 10 197 183 75 31 198 184 153 168 183 234 11 190 215 210 0 16 184 93 212 8 185 91 173 184 101 183 22 256 103 237 198 220 150 111 236 118 224 261 165 165 27 258 158 156 225 250 33 246 142 183 2 6 183 208 8 180 204 113 243 169 157 144 190 185 143 147 141 144 160 165 145 140 148 142 140 143 138 149 171 165 181 195 214 205 188 179 155 148 129 126 122 126 135 143 128 122 116 121 124
181 17 183 168 60 31 184 170 139 153 168 219 20 176 201 195 16 0 170 79 198 21 171 77 159 170 87 168 5 242 89 222 184 205 136 97 221 104 209 247 150 151 11 244 144 141 210 236 19 232 128 168 17 14 168 193 21 165 190 99 228 154 142 129 176 171 129 133 127 129 146 151 131 126 134 128 125 129 123 135 156 150 167 181 199 190 174 165 141 134 115 112 108 111 121 129 114 108 102 106 109
92 185 109 59 192 200 131 94 140 50 99 115 188 112 96 32 184 170 0 210 46 189 3 208 91 96 218 78 175 79 102 73 131 44 86 91 95 121 69 84 91 104 169 94 156 118 58 73 152 131 49 78 185 182 64 30 189 167 38 86 138 113 74 42 83 89 58 67 89 83 104 108 99 95 42 45 56 47 54 70 83 77 87 92 36 30 15 7 33 44 58 60 68 76 81 86 99 104 101 92 82
221 94 223 209 53 109 224 210 89 194 209 260 97 216 241 235 93 79 210 0 238 98 211 27 199 210 31 209 84 282 129 263 224 246 176 137 262 144 250 287 191 191 78 284 94 182 250 276 61 272 168 209 94 91 209 234 98 116 230 139 269 194 182 170 216 211 169 173 167 170 186 191 171 166 174 168 166 169 163 175 197 191 207 221 240 231 214 205 181 174 155 152 148 152 161 169 154 148 142 147 150
79 213 101 106 220 228 129 86 183 97 98 140 216 114 125 28 212 198 46 238 0 217 44 236 94 87 246 66 203 70 127 82 129 17 98 111 61 133 78 75 97 116 197 97 199 132 12 64 180 172 64 66 213 210 111 26 217 210 9 120 111 123 86 70 71 73 70 79 101 95 117 120 110 107 66 74 72 68 70 81 79 79 79 79 30 23 30 41 67 78 91 88 85 92 92 98 111 115 112 104 98
200 6 201 187 79 35 203 189 158 172 187 238 3 194 219 214 8 21 189 98 217 0 190 96 178 189 106 187 26 261 108 241 203 224 155 116 240 123 228 266 169 170 31 263 163 160 229 255 37 251 147 187 6 7 187 212 0 184 209 118 247 173 161 148 195 190 148 151 146 148 164 170 150 145 153 147 144 148 142 154 175 169 186 200 218 209 192 184 160 153 134 131 127 130 139 148 132 127 121 125 128
93 186 110 62 193 201 132 95 143 53 100 118 189 113 99 31 185 171 3 211 44 190 0 209 92 97 219 79 176 78 103 71 132 43 87 92 93 122 68 83 92 105 170 93 159 119 55 72 153 133 50 79 186 183 67 29 190 170 36 87 135 114 75 43 84 90 59 68 90 84 105 109 100 96 43 46 57 48 55 71 84 78 88 93 35 29 14 8 34 45 59 61 69 77 82 87 100 105 102 93 83
219 92 220 206 51 106 222 208 71 191 206 257 95 214 239 233 91 77 208 27 236 96 209 0 197 208 35 206 82 280 127 260 222 243 174 135 259 142 247 285 188 189 75 282 76 179 248 274 58 225 166 206 91 88 206 231 96 97 228 137 266 192 180 167 214 209 167 171 165 167 184 189 169 164 172 166 163 167 161 173 194 188 205 219 237 228 211 203 179 172 153 150 146 149 158 167 151 146 140 144 147
37 174 25 125 180 188 41 18 193 113 10 179 177 22 160 105 173 159 91 199 94 178 92 197 0 27 207 32 164 152 79 156 41 105 22 63 88 69 153 157 10 28 157 174 209 43 106 146 140 191 55 32 174 170 127 103 178 220 86 90 64 34 19 65 35 29 39 29 32 31 29 31 30 33 64 70 49 56 54 28 15 14 23 37 109 100 83 85 87 88 72 66 59 51 45 39 45 53 57 54 57
15 185 19 138 191 200 46 10 206 125 24 191 188 31 172 101 184 170 96 210 87 189 97 208 27 0 218 23 175 144 90 156 46 98 45 74 59 91 158 149 33 49 168 170 222 64 98 138 151 203 68 23 185 181 140 99 189 233 78 99 56 50 28 78 17 12 51 38 55 50 52 52 53 56 75 83 61 68 66 37 14 20 10 15 105 96 89 91 97 100 81 74 67 59 55 58 68 76 80 68 66
229 102 231 216 61 117 232 218 97 202 216 268 105 224 249 243 101 87 218 31 246 106 219 35 207 218 0 217 92 290 137 270 232 254 184 145 270 152 258 295 199 199 86 292 102 189 258 284 69 280 176 217 102 98 217 241 106 124 238 147 277 202 190 178 224 219 177 181 175 178 194 199 179 174 182 176 174 177 171 183 205 199 215 229 247 238 222 213 189 182 163 160 156 160 169 177 162 156 150 154 158
19 184 35 128 190 198 62 21 196 115 33 181 187 46 163 80 183 168 78 209 66 187 79 206 32 23 217 0 174 123 89 134 62 77 47 72 58 94 140 128 36 55 167 149 212 71 77 117 150 194 55 0 183 180 130 78 187 223 57 98 74 63 27 65 10 10 44 37 54 49 56 59 56 58 62 72 50 54 56 38 14 19 13 19 84 75 71 73 84 90 79 73 66 58 54 54 68 75 75 66 65
186 22 188 173 66 36 189 175 144 159 173 225 25 181 206 200 22 5 175 84 203 26 176 82 164 175 92 174 0 247 94 227 189 211 141 102 227 109 215 252 156 156 11 249 149 146 215 241 24 237 133 174 22 19 174 198 26 171 195 104 234 159 147 135 181 176 134 138 132 135 151 156 136 131 139 133 131 134 128 140 162 156 172 186 204 195 179 170 146 139 120 117 113 117 126 134 119 113 107 111 115
136 257 159 111 263 272 187 143 226 126 160 132 260 172 117 47 256 242 79 282 70 261 78 280 152 144 290 123 247 0 177 58 187 58 147 161 128 182 70 17 153 165 240 46 242 179 69 8 223 158 113 123 257 253 116 49 261 252 71 162 173 174 136 114 128 131 120 128 150 145 165 170 160 156 110 118 121 112 120 131 137 137 136 136 44 52 71 83 110 120 134 132 135 142 142 148 161 165 162 153 148
101 104 103 100 110 118 104 90 159 86 88 152 107 96 133 131 103 89 102 129 127 108 103 127 79 90 137 89 94 177 0 154 104 141 56 17 142 24 141 182 71 71 87 176 164 61 146 171 70 164 68 89 104 100 101 129 108 185 119 31 148 74 62 62 96 91 55 53 47 50 66 71 51 46 66 60 59 69 55 55 77 71 87 101 135 126 109 97 73 66 47 44 40 40 41 49 34 28 22 26 30
148 237 170 66 244 252 196 159 186 87 164 76 240 177 61 55 237 222 73 263 82 241 71 260 156 156 270 134 227 58 154 0 196 73 152 143 138 174 14 43 157 169 221 26 202 183 84 59 204 109 102 134 237 234 67 56 241 213 81 132 185 178 140 95 140 142 119 133 150 145 170 174 164 156 98 97 111 104 107 135 148 142 147 148 58 60 73 77 81 86 103 112 120 129 136 142 153 157 154 145 135
56 199 32 161 206 214 0 42 229 149 36 215 202 22 196 144 198 184 131 224 129 203 132 222 41 46 232 62 189 187 104 196 0 141 53 87 98 81 192 192 47 38 182 213 251 47 141 181 165 227 94 62 199 195 164 142 203 256 121 118 53 30 58 105 59 55 78 69 59 60 42 36 51 56 104 109 88 95 93 68 53 55 52 56 148 139 123 125 127 124 105 98 90 81 73 68 68 76 80 79 87
90 220 113 101 227 235 141 97 190 95 109 130 223 125 115 18 220 205 44 246 17 224 43 243 105 98 254 77 211 58 141 73 141 0 111 124 76 146 68 63 108 128 204 87 207 142 11 52 187 162 77 77 220 217 108 16 224 217 21 127 127 137 99 78 82 85 83 92 114 108 129 133 123 120 73 81 85 75 83 94 91 91 90 90 20 16 36 48 75 85 98 95 98 105 105 111 124 129 126 117 111
56 151 46 110 157 165 53 38 178 97 32 163 154 42 145 101 150 136 86 176 98 155 87 174 22 45 184 47 141 147 56 152 53 111 0 40 106 48 148 152 14 18 134 170 194 32 116 141 117 176 45 47 150 147 112 99 155 205 89 70 86 27 23 55 52 46 28 20 9 9 18 23 14 12 54 57 37 45 43 20 34 30 41 56 105 96 79 81 77 72 54 47 39 30 22 16 25 32 34 32 36
85 112 85 92 119 127 87 74 161 80 73 146 115 80 127 114 111 97 91 137 111 116 92 135 63 74 145 72 102 161 17 143 87 124 40 0 125 27 126 166 55 50 96 165 166 52 129 155 79 158 52 72 112 109 95 112 116 188 103 34 127 58 46 50 80 75 38 36 32 34 46 52 36 31 54 49 43 52 47 39 60 54 71 85 118 109 93 86 62 55 36 33 27 23 24 31 18 13 7 8 13
50 237 73 162 243 251 98 71 233 153 84 201 240 86 186 83 236 221 95 262 61 240 93 259 88 59 270 58 227 128 142 138 98 76 106 125 0 152 133 133 94 112 220 152 249 127 69 122 203 231 95 58 236 233 168 81 240 260 59 151 68 110 86 106 59 64 97 96 113 107 115 114 114 117 98 114 101 95 101 95 71 78 65 50 87 78 79 90 116 128 121 118 116 111 107 115 129 134 128 119 118
102 119 92 113 126 134 81 84 171 98 76 164 122 81 145 136 118 104 121 144 133 123 122 142 69 91 152 94 109 182 24 174 81 146 48 27 152 0 158 187 60 49 103 196 177 39 151 176 86 176 74 94 119 116 113 134 123 198 124 44 126 52 67 81 98 92 61 59 41 45 43 48 39 35 82 80 66 75 70 60 80 75 87 102 140 131 114 115 93 86 67 64 55 46 48 41 26 18 21 29 35
143 224 170 53 231 239 192 156 174 74 161 63 227 174 48 50 224 209 69 250 78 228 68 247 153 158 258 140 215 70 141 14 192 68 148 126 133 158 0 55 154 166 208 39 190 164 79 71 191 95 99 140 224 221 53 52 228 201 76 119 180 175 137 91 135 151 115 130 147 142 166 171 161 143 95 94 108 101 104 132 145 138 149 143 53 55 69 74 66 73 90 97 107 116 124 131 136 140 137 128 118
141 262 164 107 268 276 192 148 230 122 165 117 265 177 102 52 261 247 84 287 75 266 83 285 157 149 295 128 252 17 182 43 192 63 152 166 133 187 55 0 158 170 245 31 247 184 74 19 228 150 118 128 262 258 108 54 266 257 76 167 178 179 141 119 133 136 125 133 155 150 170 175 165 161 115 123 126 117 124 136 142 142 141 141 49 57 76 88 115 125 139 137 140 147 147 153 166 170 167 158 153
44 165 34 119 172 180 47 26 187 107 18 173 169 28 154 106 165 150 91 191 97 169 92 188 10 33 199 36 156 153 71 157 47 108 14 55 94 60 154 158 0 20 149 175 204 35 108 147 132 185 50 36 165 162 122 104 169 214 88 84 74 27 18 60 40 34 33 24 23 23 20 23 22 25 59 65 43 50 48 23 23 17 29 44 110 101 84 86 82 82 64 57 53 44 36 30 37 45 48 46 50
63 166 47 126 173 181 38 39 194 114 30 180 169 35 161 118 165 151 104 191 116 170 105 189 28 49 199 55 156 165 71 169 38 128 18 50 112 49 166 170 20 0 150 187 214 17 133 159 133 192 62 55 166 163 129 116 170 221 108 81 82 11 37 72 60 54 46 38 22 26 6 6 14 19 71 74 55 63 60 38 42 37 48 63 122 113 97 98 94 89 70 63 55 46 38 30 31 39 43 43 50
180 28 181 167 59 41 182 169 137 152 167 218 31 174 199 194 27 11 169 78 197 31 170 75 157 168 86 167 11 240 87 221 182 204 134 96 220 103 208 245 149 150 0 243 143 140 209 234 17 230 127 167 27 24 167 192 31 164 188 98 227 153 141 128 174 169 128 131 126 128 144 149 130 124 132 127 124 128 122 134 155 149 166 180 198 189 172 163 140 133 114 111 106 110 119 128 112 106 101 105 108
162 259 185 91 266 274 213 169 211 112 182 101 262 195 86 69 258 244 94 284 97 263 93 282 174 170 292 149 249 46 176 26 213 87 170 165 152 196 39 31 175 187 243 0 227 201 98 48 225 133 124 149 259 255 91 71 263 238 95 157 199 196 158 116 154 157 142 151 173 167 188 192 182 179 120 118 133 126 129 153 163 160 162 162 72 74 92 99 103 113 129 134 142 150 164 170 175 179 176 167 156
227 159 229 149 118 174 251 218 30 132 218 198 162 230 179 195 158 144 156 94 199 163 159 76 209 222 102 212 149 242 164 202 251 207 194 166 249 177 190 247 204 214 143 227 0 214 211 236 126 187 159 212 159 155 147 193 163 41 191 140 270 227 190 149 219 216 171 180 196 187 210 217 200 195 155 140 163 160 156 183 205 199 213 227 199 190 174 160 133 122 140 147 157 166 174 181 183 177 171 174 168
78 156 61 130 163 171 47 53 209 118 45 184 159 50 165 132 156 141 118 182 132 160 119 179 43 64 189 71 146 179 61 183 47 142 32 52 127 39 164 184 35 17 140 201 214 0 143 173 123 196 76 71 156 153 133 130 160 235 123 81 91 17 51 86 75 69 60 52 32 37 14 14 22 24 85 89 72 77 77 52 58 53 63 78 136 127 111 112 100 93 74 75 66 53 49 42 34 38 45 45 52
90 225 113 118 232 240 141 98 195 109 110 141 228 126 126 29 225 210 58 250 12 229 55 248 106 98 258 77 215 69 146 84 141 11 116 129 69 151 79 74 108 133 209 98 211 143 0 63 192 173 82 77 225 222 123 27 229 222 21 132 117 135 104 82 83 85 88 97 119 113 134 131 128 125 78 86 90 80 88 99 91 91 90 90 31 27 41 53 79 90 103 100 103 110 110 116 129 133 131 122 116
130 251 153 105 257 265 181 137 219 120 154 133 254 166 118 41 250 236 73 276 64 255 72 274 146 138 284 117 241 8 171 59 181 52 141 155 122 176 71 19 147 159 234 48 236 173 63 0 217 165 107 117 251 247 110 42 255 246 65 156 167 168 130 108 122 125 114 122 144 139 159 164 154 150 104 112 115 106 113 125 131 131 130 130 38 46 65 77 104 114 128 126 129 136 136 142 155 159 156 147 142
163 33 164 150 42 48 165 152 120 135 150 201 37 157 182 177 33 19 152 61 180 37 153 58 140 151 69 150 24 223 70 204 165 187 117 79 203 86 191 228 132 133 17 225 126 123 192 217 0 213 110 150 33 30 150 175 37 147 171 81 210 136 124 111 157 152 110 114 109 111 127 132 113 107 115 110 107 111 105 117 138 132 149 163 181 172 155 146 123 116 97 94 89 93 102 111 95 89 84 88 91
208 247 211 97 253 261 227 200 186 81 199 48 250 211 50 144 246 232 131 272 172 251 133 225 191 203 280 194 237 158 164 109 227 162 176 158 231 176 95 150 185 192 230 133 187 196 173 165 213 0 140 194 247 243 81 146 251 162 173 140 252 200 172 131 201 198 153 162 171 169 189 196 180 175 137 121 144 142 138 165 187 181 194 208 147 150 154 142 115 104 122 129 139 147 156 162 168 172 169 160 150
71 143 75 75 150 158 94 64 142 62 64 128 146 76 109 67 142 128 49 168 64 147 50 166 55 68 176 55 133 113 68 102 94 77 45 52 95 74 99 118 50 62 127 124 159 76 82 107 110 140 0 55 143 140 77 65 147 169 56 59 116 71 36 11 62 61 16 26 48 43 63 67 59 53 9 19 9 2 6 29 51 45 59 71 71 62 45 43 32 37 27 25 22 29 34 40 53 57 54 45 38
19 184 35 128 190 198 62 21 196 115 33 181 187 46 163 80 183 168 78 209 66 187 79 206 32 23 217 0 174 123 89 134 62 77 47 72 58 94 140 128 36 55 167 149 212 71 77 117 150 194 55 0 183 180 130 78 187 223 57 98 74 63 27 65 10 10 44 37 54 49 56 59 56 58 62 72 50 54 56 38 14 19 13 19 84 75 71 73 84 90 79 73 66 58 54 54 68 75 75 66 65
196 9 197 183 75 31 199 185 153 168 183 234 10 190 215 210 2 17 185 94 213 6 186 91 174 185 102 183 22 257 104 237 199 220 150 112 236 119 224 262 165 166 27 259 159 156 225 251 33 247 143 183 0 5 183 208 6 180 205 114 243 169 157 144 191 186 144 147 142 144 160 166 146 141 149 143 140 144 138 150 171 165 182 196 214 205 188 180 156 149 130 127 122 126 135 144 128 123 117 121 124
193 4 194 180 72 28 195 181 150 165 180 231 7 187 212 207 6 14 182 91 210 7 183 88 170 181 98 180 19 253 100 234 195 217 147 109 233 116 221 258 162 163 24 255 155 153 222 247 30 243 140 180 5 0 180 205 7 177 201 111 240 166 154 141 187 182 140 144 138 141 157 162 142 137 145 140 137 140 135 147 168 162 178 193 211 202 185 176 152 145 127 124 119 123 132 141 125 119 114 118 121
145 183 147 18 190 198 164 136 131 27 136 54 187 148 35 89 183 168 64 209 111 187 67 206 127 140 217 130 174 116 101 67 164 108 112 95 168 113 53 108 122 129 167 91 147 133 123 110 150 81 77 130 183 180 0 94 187 158 102 77 189 137 108 67 138 135 90 98 108 105 126 132 117 112 73 58 81 78 75 101 124 118 131 145 92 94 79 72 51 41 59 65 75 84 93 99 105 109 106 97 86
91 208 114 87 215 223 142 99 177 81 111 114 211 124 99 2 208 193 30 234 26 212 29 231 103 99 241 78 198 49 129 56 142 16 99 112 81 134 52 54 104 116 192 71 193 130 27 42 175 146 65 78 208 205 94 0 212 204 24 114 128 125 87 66 83 86 71 80 102 96 117 121 111 108 61 69 73 63 71 82 92 89 91 91 6 4 23 35 61 72 86 83 86 93 93 99 112 117 114 105 99
200 6 201 187 79 35 203 189 158 172 187 238 3 194 219 214 8 21 189 98 217 0 190 96 178 189 106 187 26 261 108 241 203 224 155 116 240 123 228 266 169 170 31 263 163 160 229 255 37 251 147 187 6 7 187 212 0 184 209 118 247 173 161 148 195 190 148 151 146 148 164 170 150 145 153 147 144 148 142 154 175 169 186 200 218 209 192 184 160 153 134 131 127 130 139 148 132 127 121 125 128
238 180 240 159 139 195 256 229 31 143 228 209 183 240 190 206 180 165 167 116 210 184 170 97 220 233 124 223 171 252 185 213 256 217 205 188 260 198 201 257 214 221 164 238 41 235 222 246 147 162 169 223 180 177 158 204 184 0 202 162 281 230 201 160 230 227 182 191 201 198 219 225 209 204 166 151 174 171 167 194 216 210 223 238 210 201 185 171 144 133 151 158 168 176 185 191 197 199 193 195 179
70 205 93 98 211 220 121 78 175 89 90 144 208 106 129 26 204 190 38 230 9 209 36 228 86 78 238 57 195 71 119 81 121 21 89 103 59 124 76 76 88 108 188 95 191 123 21 65 171 173 56 57 205 201 102 24 209 202 0 112 108 115 78 62 63 65 62 70 92 87 109 111 102 98 58 66 63 60 62 73 71 71 70 70 30 21 22 33 59 69 82 80 77 84 84 90 103 107 104 95 90
110 114 110 78 121 129 118 99 135 62 99 128 117 112 109 116 113 99 86 139 120 118 87 137 90 99 147 98 104 162 31 132 118 127 70 34 151 44 119 167 84 81 98 157 140 81 132 156 81 140 59 98 114 111 77 114 118 162 112 0 151 94 71 61 105 100 60 62 64 63 78 84 67 62 65 60 57 60 55 64 86 80 96 110 120 111 95 81 54 42 47 43 39 43 51 57 50 44 39 41 35
58 243 41 186 250 258 53 56 254 174 58 240 247 51 221 130 243 228 138 269 111 247 135 266 64 56 277 74 234 173 148 185 53 127 86 127 68 126 180 178 74 82 227 199 270 91 117 167 210 252 116 74 243 240 189 128 247 281 108 151 0 75 80 126 64 64 100 90 95 95 87 81 94 97 125 131 110 117 115 89 67 73 65 58 134 125 121 132 148 149 134 127 120 112 107 102 109 116 120 117 119
64 169 44 135 176 184 30 39 221 122 33 188 172 32 169 127 169 154 113 194 123 173 114 192 34 50 202 63 159 174 74 178 30 137 27 58 110 52 175 179 27 11 153 196 227 17 135 168 136 200 71 63 169 166 137 125 173 230 115 94 75 0 45 81 62 56 55 47 30 34 12 7 22 28 80 83 64 72 69 47 47 44 50 64 131 122 106 107 103 97 79 72 63 54 47 38 40 47 51 51 58
36 157 39 106 164 172 58 26 174 93 27 159 160 39 140 89 157 142 74 182 86 161 75 180 19 28 190 27 147 136 62 140 58 99 23 46 86 67 137 141 18 37 141 158 190 51 104 130 124 172 36 27 157 154 108 87 161 201 78 71 80 45 0 46 31 25 20 10 26 21 37 42 35 32 45 51 29 37 35 9 15 9 21 36 93 84 68 69 68 68 53 47 40 32 28 26 40 47 49 40 38
82 145 85 65 151 159 105 74 133 53 74 119 148 86 100 67 144 129 42 170 70 148 43 167 65 78 178 65 135 114 62 95 105 78 55 50 106 81 91 119 60 72 128 116 149 86 82 108 111 131 11 65 144 141 67 66 148 160 62 61 126 81 46 0 73 72 27 36 58 53 73 77 69 64 8 10 19 12 14 39 62 56 69 82 72 63 46 37 24 28 22 19 27 35 44 50 60 64 61 52 42
9 191 31 135 197 205 59 21 203 123 35 189 194 44 170 85 190 176 83 216 71 195 84 214 35 17 224 10 181 128 96 140 59 82 52 80 59 98 135 133 40 60 174 154 219 75 83 122 157 201 62 10 191 187 138 83 195 230 63 105 64 62 31 73 0 6 51 45 58 53 60 62 60 63 69 80 57 62 64 40 18 23 12 9 89 80 76 78 91 98 86 80 73 65 61 60 75 79 82 73 72
13 186 28 132 192 200 55 15 200 120 29 186 189 39 167 88 185 171 89 211 73 190 90 209 29 12 219 10 176 131 91 142 55 85 46 75 64 92 151 136 34 54 169 157 216 69 85 125 152 198 61 10 186 182 135 86 190 227 65 100 64 56 25 72 6 0 46 35 52 47 54 56 54 57 68 77 56 61 61 34 12 17 6 13 92 83 82 84 90 95 82 75 68 60 56 54 69 73 77 68 67
56 144 59 87 151 159 78 48 155 75 47 141 147 59 122 73 143 129 58 169 70 148 59 167 39 51 177 44 134 120 55 119 78 83 28 38 97 61 115 125 33 46 128 142 171 60 88 114 110 153 16 44 144 140 90 71 148 182 62 60 100 55 20 27 51 46 0 10 31 27 46 51 41 37 26 32 9 17 16 13 35 29 42 56 77 68 51 53 48 50 37 31 24 21 20 26 40 44 41 32 27
45 148 49 96 154 162 69 38 164 84 38 149 151 50 131 82 147 133 67 173 79 151 68 171 29 38 181 37 138 128 53 133 69 92 20 36 96 59 130 133 24 38 131 151 180 52 97 122 114 162 26 37 147 144 98 80 151 191 70 62 90 47 10 36 45 35 10 0 23 18 38 43 33 29 35 41 19 27 25 3 24 18 31 45 86 77 60 62 58 58 44 37 30 22 18 20 34 42 39 30 29
63 142 55 106 149 157 59 47 174 93 41 159 145 51 140 104 141 127 89 167 101 146 90 165 32 55 175 54 132 150 47 150 59 114 9 32 113 41 147 155 23 22 126 173 196 32 119 144 109 171 48 54 142 138 108 102 146 201 92 64 95 30 26 58 58 52 31 23 0 5 18 25 11 6 57 57 40 49 45 23 42 36 49 63 108 99 82 84 75 68 50 43 34 25 18 9 13 20 25 23 29
57 145 54 103 151 159 60 44 171 90 41 156 148 51 137 98 144 129 83 170 95 148 84 167 31 50 178 49 135 145 50 145 60 108 9 34 107 45 142 150 23 26 128 167 187 37 113 139 111 169 43 49 144 141 105 96 148 198 87 63 95 34 21 53 53 47 27 18 5 0 23 29 16 10 52 55 35 44 40 18 36 30 43 57 102 93 76 78 72 65 47 40 32 23 15 9 16 23 27 25 28
65 161 50 124 167 175 42 42 205 111 34 177 164 38 158 119 160 146 104 186 117 164 105 184 29 52 194 56 151 165 66 170 42 129 18 46 115 43 166 170 20 6 144 188 210 14 134 159 127 189 63 56 160 157 126 117 164 219 109 78 87 12 37 73 60 54 46 38 18 23 0 7 10 16 72 75 55 63 61 39 43 38 49 65 123 114 97 99 93 86 68 61 52 43 35 29 28 35 39 39 46
65 166 49 130 172 181 36 41 212 118 33 184 169 38 165 123 165 151 108 191 120 170 109 189 31 52 199 59 156 170 71 174 36 133 23 52 114 48 171 175 23 6 149 192 217 14 131 164 132 196 67 59 166 162 132 121 170 225 111 84 81 7 42 77 62 56 51 43 25 29 7 0 17 22 76 79 60 68 65 43 46 41 51 65 127 118 101 103 99 93 74 67 59 50 42 35 34 42 45 45 53
64 146 54 114 153 161 51 46 195 102 40 168 149 45 149 113 145 131 99 171 110 150 100 169 30 53 179 56 136 160 51 164 51 123 14 36 114 39 161 165 22 14 130 182 200 22 128 154 113 180 59 56 146 142 117 111 150 209 102 67 94 22 35 69 60 54 41 33 11 16 10 17 0 6 68 68 51 60 56 33 43 37 49 64 117 108 92 93 84 77 58 54 45 36 28 21 17 25 29 29 36
67 141 57 109 148 156 56 49 190 97 43 163 144 50 144 110 140 126 95 166 107 145 96 164 33 56 174 58 131 156 46 156 56 120 12 31 117 35 143 161 25 19 124 179 195 24 125 150 107 175 53 58 141 137 112 108 145 204 98 62 97 28 32 64 63 57 37 29 6 10 16 22 6 0 63 64 46 54 51 30 45 42 52 67 114 105 88 90 79 72 53 50 41 32 23 16 12 20 24 23 31
78 149 84 71 155 163 104 73 139 58 73 124 152 85 106 63 148 134 42 174 66 153 43 172 64 75 182 62 139 110 66 98 104 73 54 54 98 82 95 115 59 71 132 120 155 85 78 104 115 137 9 62 149 145 73 61 153 166 58 65 125 80 45 8 69 68 26 35 57 52 72 76 68 63 0 17 18 8 14 38 61 55 66 78 67 58 41 36 28 33 26 24 28 37 43 49 61 65 62 53 42
88 143 90 56 150 158 109 79 124 43 78 109 146 90 90 71 142 128 45 168 74 147 46 166 70 83 176 72 133 118 60 97 109 81 57 49 114 80 94 123 65 74 127 118 140 89 86 112 110 121 19 72 143 140 58 69 147 151 66 60 131 83 51 10 80 77 32 41 57 55 75 79 68 64 17 0 24 20 17 44 66 60 74 88 75 66 50 39 21 18 20 18 26 34 42 48 59 63 60 51 40
66 141 68 79 147 155 88 57 147 66 57 132 144 69 113 75 140 125 56 166 72 144 57 163 49 61 174 50 131 121 59 111 88 85 37 43 101 66 108 126 43 55 124 133 163 72 90 115 107 144 9 50 140 137 81 73 144 174 63 57 110 64 29 19 57 56 9 19 40 35 55 60 51 46 18 24 0 9 7 22 45 39 52 66 79 70 53 51 41 41 29 24 18 20 26 32 45 49 46 37 30
71 144 76 76 151 159 95 65 144 64 64 130 147 76 111 65 143 129 47 169 68 148 48 167 56 68 177 54 134 112 69 104 95 75 45 52 95 75 101 117 50 63 128 126 160 77 80 106 111 142 2 54 144 140 78 63 148 171 60 60 117 72 37 12 62 61 17 27 49 44 63 68 60 54 8 20 9 0 7 30 52 46 59 71 69 60 44 41 34 39 29 26 23 30 35 41 54 58 55 46 39
71 138 74 72 145 153 93 63 140 60 62 126 141 74 107 73 138 123 54 163 70 142 55 161 54 66 171 56 128 120 55 107 93 83 43 47 101 70 104 124 48 60 122 129 156 77 88 113 105 138 6 56 138 135 75 71 142 167 62 55 115 69 35 14 64 61 16 25 45 40 61 65 56 51 14 17 7 7 0 28 50 44 57 71 77 68 51 49 37 35 22 19 17 25 32 38 49 53 50 41 34
44 150 48 99 157 165 68 37 167 86 37 152 153 49 134 84 149 135 70 175 81 154 71 173 28 37 183 38 140 131 55 135 68 94 20 39 95 60 132 136 23 38 134 153 183 52 99 125 117 165 29 38 150 147 101 82 154 194 73 64 89 47 9 39 40 34 13 3 23 18 39 43 33 30 38 44 22 30 28 0 23 17 30 44 88 79 63 64 61 61 46 39 33 24 21 20 34 41 42 33 31
21 171 26 121 178 186 53 11 189 109 21 175 175 36 156 94 171 156 83 197 79 175 84 194 15 14 205 14 162 137 77 148 53 91 34 60 71 80 145 142 23 42 155 163 205 58 91 131 138 187 51 14 171 168 124 92 175 216 71 86 67 47 15 62 18 12 35 24 42 36 43 46 43 45 61 66 45 52 50 23 0 6 6 21 98 89 76 78 84 84 68 61 54 46 42 43 57 65 63 54 53
27 166 32 115 172 180 55 17 183 103 22 169 169 36 150 91 165 150 77 191 79 169 78 188 14 20 199 19 156 137 71 142 55 91 30 54 78 75 138 142 17 37 149 160 199 53 91 131 132 181 45 19 165 162 118 89 169 210 71 80 73 44 9 56 23 17 29 18 36 30 38 41 37 42 55 60 39 46 44 17 6 0 13 27 95 86 69 71 78 78 62 55 48 40 36 37 50 57 57 48 47
15 182 25 129 189 197 52 11 196 116 23 182 185 36 163 93 181 167 87 207 79 186 88 205 23 10 215 13 172 136 87 147 52 90 41 71 65 87 149 141 29 48 166 162 213 63 90 130 149 194 59 13 182 178 131 91 186 223 70 96 65 50 21 69 12 6 42 31 49 43 49 51 49 52 66 74 52 59 57 30 6 13 0 15 97 88 80 82 88 91 78 71 64 56 53 50 64 70 73 65 63
0 196 28 143 203 211 56 21 211 130 33 196 199 41 177 93 195 181 92 221 79 200 93 219 37 15 229 19 186 136 101 148 56 90 56 85 50 102 143 141 44 63 180 162 227 78 90 130 163 208 71 19 196 193 145 91 200 238 70 110 58 64 36 82 9 13 56 45 63 57 65 65 64 67 78 88 66 71 71 44 21 27 15 0 97 88 84 86 100 105 92 85 79 70 67 64 79 84 88 79 77
97 214 120 87 221 229 148 104 183 87 117 115 217 130 100 4 214 199 36 240 30 218 35 237 109 105 247 84 204 44 135 58 148 20 105 118 87 140 53 49 110 122 198 72 199 136 31 38 181 147 71 84 214 211 92 6 218 210 30 120 134 131 93 72 89 92 77 86 108 102 123 127 117 114 67 75 79 69 77 88 98 95 97 97 0 9 28 41 67 77 92 89 92 99 99 105 118 122 120 111 105
88 205 111 87 212 220 139 96 174 81 108 117 208 121 102 5 205 190 30 231 23 209 29 228 100 96 238 75 195 52 126 60 139 16 96 109 78 131 55 57 101 113 189 74 190 127 27 46 172 150 62 75 205 202 94 4 209 201 21 111 125 122 84 63 80 83 68 77 99 93 114 118 108 105 58 66 70 60 68 79 89 86 88 88 9 0 20 32 58 69 83 80 83 90 90 96 109 114 111 102 96
84 189 101 72 195 203 123 86 158 66 92 122 192 104 107 24 188 174 15 214 30 192 14 211 83 89 222 71 179 71 109 73 123 36 79 93 79 114 69 76 84 97 172 92 174 111 41 65 155 154 45 71 188 185 79 23 192 185 22 95 121 106 68 46 76 82 51 60 82 76 97 101 92 88 41 50 53 44 51 63 76 69 80 84 28 20 0 16 42 53 66 64 67 73 74 79 93 97 94 85 79
86 180 103 67 186 194 125 88 144 58 94 123 183 106 104 36 179 165 7 205 41 184 8 203 85 91 213 73 170 83 97 77 125 48 81 86 90 115 74 88 86 98 163 99 160 112 53 77 146 142 43 73 180 176 72 35 184 171 33 81 132 107 69 37 78 84 53 62 84 78 99 103 93 90 36 39 51 41 49 64 78 71 82 86 41 32 16 0 28 39 53 55 63 71 75 81 94 98 95 86 77
100 156 107 47 163 171 127 96 117 38 96 102 159 108 83 63 155 141 33 181 67 160 34 179 87 97 189 84 146 110 73 81 127 75 77 62 116 93 66 115 82 94 140 103 133 100 79 104 123 115 32 84 156 152 51 61 160 144 59 54 148 103 68 24 91 90 48 58 75 72 93 99 84 79 28 21 41 34 37 61 84 78 88 100 67 58 42 28 0 11 26 32 42 51 60 66 72 76 73 64 53
105 149 108 38 156 164 124 96 106 26 96 92 152 108 73 73 148 134 44 174 78 153 45 172 88 100 182 90 139 120 66 86 124 85 72 55 128 86 73 125 82 89 133 113 122 93 90 114 116 104 37 90 149 145 41 72 153 133 69 42 149 97 68 28 98 95 50 58 68 65 86 93 77 72 33 18 41 39 35 61 84 78 91 105 77 69 53 39 11 0 19 25 35 44 53 59 65 69 66 57 46
92 130 92 56 137 145 105 81 124 44 81 110 133 91 91 88 129 115 58 155 91 134 59 153 72 81 163 79 120 134 47 103 105 98 54 36 121 67 90 139 64 70 114 129 140 74 103 128 97 122 27 79 130 127 59 86 134 151 82 47 134 79 53 22 86 82 37 44 50 47 68 74 58 53 26 20 29 29 22 46 68 62 78 92 92 83 66 53 26 19 0 7 15 23 34 41 46 50 47 38 27
85 127 86 63 134 142 98 74 131 50 74 116 130 84 98 85 126 112 60 152 88 131 61 150 66 74 160 73 117 132 44 112 98 95 47 33 118 64 97 137 57 63 111 134 147 75 100 126 94 129 25 73 127 124 65 83 131 158 80 43 127 72 47 19 80 75 31 37 43 40 61 67 54 50 24 18 24 26 19 39 61 55 71 85 89 80 64 55 32 25 7 0 10 19 27 34 43 47 44 35 24
79 123 79 73 129 137 90 67 141 61 67 126 126 77 108 88 122 108 68 148 85 127 69 146 59 67 156 66 113 135 40 120 90 98 39 27 116 55 107 140 53 55 106 142 157 66 103 129 89 139 22 66 122 119 75 86 127 168 77 39 120 63 40 27 73 68 24 30 34 32 52 59 45 41 28 26 18 23 17 33 54 48 64 79 92 83 67 63 42 35 15 10 0 9 19 25 34 38 35 26 15
70 126 71 82 133 141 81 59 150 69 59 135 130 69 116 95 126 111 76 152 92 130 77 149 51 59 160 58 117 142 40 129 81 105 30 23 111 46 116 147 44 46 110 150 166 53 110 136 93 147 29 58 126 123 84 93 130 176 84 43 112 54 32 35 65 60 21 22 25 23 43 50 36 32 37 34 20 30 25 24 46 40 56 70 99 90 73 71 51 44 23 19 9 0 10 16 25 29 26 17 10
67 136 66 90 142 150 73 56 158 78 53 144 139 64 125 95 135 121 81 161 92 139 82 158 45 55 169 54 126 142 41 136 73 105 22 24 107 48 124 147 36 38 119 164 174 49 110 136 102 156 34 54 135 132 93 93 139 185 84 51 107 47 28 44 61 56 20 18 18 15 35 42 28 23 43 42 26 35 32 21 42 36 53 67 99 90 74 75 60 53 34 27 19 10 0 9 22 30 27 18 16
64 144 62 97 151 159 68 51 165 84 48 150 147 59 131 101 143 129 86 169 98 148 87 167 39 58 177 54 134 148 49 142 68 111 16 31 115 41 131 153 30 30 128 170 181 42 116 142 111 162 40 54 144 141 99 99 148 191 90 57 102 38 26 50 60 54 26 20 9 9 29 35 21 16 49 48 32 41 38 20 43 37 50 64 105 96 79 81 66 59 41 34 25 16 9 0 15 22 27 25 22
79 129 69 102 135 143 68 61 178 90 55 156 132 62 137 114 128 114 99 154 111 132 100 151 45 68 162 68 119 161 34 153 68 124 25 18 129 26 136 166 37 31 112 175 183 34 129 155 95 168 53 68 128 125 105 112 132 197 103 50 109 40 40 60 75 69 40 34 13 16 28 34 17 12 61 59 45 54 49 34 57 50 64 79 118 109 93 94 72 65 46 43 34 25 22 15 0 8 12 15 24
84 123 77 106 129 138 76 68 172 94 62 160 126 70 141 118 122 108 104 148 115 127 105 146 53 76 156 75 113 165 28 157 76 129 32 13 134 18 140 170 45 39 106 179 177 38 133 159 89 172 57 75 123 119 109 117 127 199 107 44 116 47 47 64 79 73 44 42 20 23 35 42 25 20 65 63 49 58 53 41 65 57 70 84 122 114 97 98 76 69 50 47 38 29 30 22 8 0 6 14 20
88 117 81 103 124 132 80 72 166 91 66 157 120 74 138 116 116 102 101 142 112 121 102 140 57 80 150 75 107 162 22 154 80 126 34 7 128 21 137 167 48 43 101 176 171 45 131 156 84 169 54 75 117 114 106 114 121 193 104 39 120 51 49 61 82 77 41 39 25 27 39 45 29 24 62 60 46 55 50 42 63 57 73 88 120 111 94 95 73 66 47 44 35 26 27 27 12 6 0 8 14
79 121 78 94 128 136 79 68 169 82 63 148 124 73 129 107 121 106 92 147 104 125 93 144 54 68 154 66 111 153 26 145 79 117 32 8 119 29 128 158 46 43 105 167 174 45 122 147 88 160 45 66 121 118 97 105 125 195 95 41 117 51 40 52 73 68 32 30 23 25 39 45 29 23 53 51 37 46 41 33 54 48 65 79 111 102 85 86 64 57 38 35 26 17 18 25 15 14 8 0 7
77 124 77 84 131 139 87 66 163 71 66 137 128 76 118 101 124 109 82 150 98 128 83 147 57 66 158 65 115 148 30 135 87 111 36 13 118 35 118 153 50 50 108 156 168 52 116 142 91 150 38 65 124 121 86 99 128 179 90 35 119 58 38 42 72 67 27 29 29 28 46 53 36 31 42 40 30 39 34 31 53 47 63 77 105 96 79 77 53 46 27 24 15 10 16 22 24 20 14 7 0