0 79 102 226 191 196 91 225 40 237 126 201 106 19 114 82 33 202 56 50 95 207 188 177 85 83 196 82 200 78 196 103 60 175 46 224 69 63 164 204 68 176 64 143 41 93 200 136 34 85 229 86 229 51 163 181 81 84 188 58 190 64 36 82 9 13 56 45 63 57 65 65 64 67 78 88 66 71 71 44 21 27 15 0 97 88 84 86 100 105 92 85 79 70 67 64 79 84 88 79 77
79 0 133 243 160 213 23 198 52 210 61 218 40 65 133 114 61 174 98 61 121 171 205 194 72 72 213 21 217 112 213 38 129 192 113 241 13 118 97 141 122 128 122 109 114 124 217 153 90 72 246 120 246 124 180 198 14 30 205 102 159 123 86 70 71 73 70 79 101 95 117 120 110 107 66 74 72 68 70 81 79 79 79 79 30 23 30 41 67 78 91 88 85 92 92 98 111 115 112 104 98
102 133 0 149 126 119 136 186 92 192 173 124 148 94 44 26 118 151 48 152 17 175 111 100 78 79 119 151 123 25 119 150 68 98 72 147 127 54 156 172 45 144 51 111 81 9 123 59 67 78 152 18 152 82 86 104 146 114 111 45 126 52 67 81 98 92 61 59 41 45 43 48 39 35 82 80 66 75 70 60 80 75 87 102 140 131 114 115 93 86 67 64 55 46 48 41 26 18 21 29 35
226 243 149 0 97 99 240 108 210 114 277 104 253 214 142 158 233 82 181 267 132 276 91 80 172 172 99 258 103 157 99 254 215 77 212 7 231 202 256 272 192 245 198 212 221 152 103 90 203 172 6 161 42 229 66 84 256 218 90 181 96 199 187 175 221 216 174 178 172 175 191 196 176 171 179 173 171 174 168 180 202 196 212 226 244 235 219 210 186 179 160 157 153 157 166 174 159 153 147 151 155
191 160 126 97 0 156 156 66 156 73 192 162 166 179 114 132 185 32 151 209 110 169 148 137 105 107 156 178 160 131 156 169 188 135 186 94 148 172 150 166 170 139 171 106 195 129 160 136 168 105 100 132 63 201 123 141 173 133 148 155 1 176 152 109 186 181 131 143 146 144 160 167 150 145 115 100 123 120 117 145 166 160 177 191 159 150 134 120 93 83 101 107 113 121 131 138 133 127 121 124 118
196 213 119 99 156 0 210 168 180 174 247 7 223 184 112 128 203 141 151 236 102 245 24 27 141 141 1 228 6 127 1 224 185 33 182 96 201 171 226 242 162 215 168 182 191 121 6 60 173 141 102 130 102 199 33 17 226 187 10 150 155 169 157 144 191 186 144 148 142 144 160 166 146 141 149 143 140 144 138 150 171 165 182 196 214 205 188 180 156 149 130 127 123 126 135 144 128 123 117 121 124
91 23 136 240 156 210 0 195 63 207 38 215 21 77 130 117 76 171 100 80 124 151 202 191 69 69 210 39 214 115 210 15 140 189 126 238 22 123 78 121 125 109 126 99 126 127 214 150 101 69 243 123 243 136 177 195 32 26 202 105 156 127 89 67 83 85 73 82 103 98 119 123 113 110 63 71 74 65 73 84 91 91 90 91 8 9 26 38 64 75 87 85 88 95 95 101 114 118 115 107 101
225 198 186 108 66 168 195 0 194 33 230 173 205 211 173 191 224 52 192 248 169 188 160 149 144 145 168 216 172 190 168 207 230 146 222 106 186 214 188 204 214 177 216 144 228 188 172 159 204 144 111 191 75 241 135 153 211 171 159 192 66 217 188 147 218 215 170 178 188 185 206 212 197 192 153 138 161 158 155 181 204 198 211 225 197 188 172 158 131 121 139 145 155 164 173 179 185 186 180 183 166
40 52 92 210 156 180 63 194 0 206 99 185 79 25 98 70 37 170 53 71 78 176 172 161 51 50 180 58 184 68 179 76 78 158 63 207 41 67 129 173 71 145 71 112 63 83 184 120 40 51 213 75 213 75 147 165 57 48 171 57 155 72 34 48 31 34 36 34 56 50 66 68 66 62 44 56 40 36 42 34 30 29 32 40 70 61 48 50 63 74 63 59 58 54 50 53 66 74 71 62 61
237 210 192 114 73 174 207 33 206 0 243 180 217 223 179 198 236 58 205 260 175 158 166 155 156 158 174 228 178 197 174 220 243 153 235 112 198 227 201 198 235 170 237 156 240 194 178 166 216 156 118 197 98 253 141 159 223 183 166 204 72 242 201 160 230 227 182 191 200 198 226 232 216 211 166 150 173 171 167 194 216 210 223 237 210 201 185 171 143 133 151 158 168 176 185 191 198 193 187 189 184
126 61 173 277 192 247 38 230 99 243 0 252 42 112 167 154 112 207 138 118 161 160 239 228 106 106 247 76 251 152 247 22 177 226 163 275 58 161 87 130 163 118 163 109 163 164 251 187 138 106 280 160 280 172 214 232 69 61 239 142 191 164 126 104 119 121 110 119 140 135 156 160 150 147 100 108 112 102 110 121 127 128 126 126 34 42 61 73 100 110 124 122 125 132 132 138 151 155 152 144 138
201 218 124 104 162 7 215 173 185 180 252 0 228 190 117 133 208 147 156 242 108 251 29 32 147 147 7 233 2 132 7 229 191 39 187 102 207 177 232 248 168 220 174 187 196 127 2 65 178 147 107 136 107 204 38 22 231 193 15 156 161 174 162 150 196 191 149 153 147 150 166 171 151 146 154 148 146 149 143 155 177 171 187 201 219 211 194 185 161 154 135 132 128 132 141 149 134 128 122 126 130
106 40 148 253 166 223 21 205 79 217 42 228 0 92 143 130 91 181 113 96 137 131 215 204 81 82 223 59 227 128 223 21 153 201 138 250 37 136 58 101 138 89 139 80 138 139 227 163 114 81 256 135 256 151 190 208 51 37 214 118 166 140 102 80 98 100 86 94 116 111 131 136 126 122 76 84 87 78 86 97 106 103 106 106 16 18 36 48 74 85 100 98 101 108 108 114 127 131 128 119 114
19 65 94 214 179 184 77 211 25 223 112 190 92 0 102 74 23 188 48 57 83 193 176 165 68 67 184 68 188 70 184 89 65 163 49 212 55 58 150 190 62 162 62 129 47 85 188 124 29 68 217 78 217 57 151 169 67 70 176 50 178 63 28 66 10 11 45 38 55 49 57 60 57 59 63 73 50 55 57 39 15 20 14 19 83 74 70 72 85 91 80 74 67 59 55 55 69 76 76 67 66
114 133 44 142 114 112 130 173 98 179 167 117 143 102 0 53 121 139 85 154 28 163 104 93 61 62 112 148 116 52 112 144 110 90 114 140 121 96 144 160 87 132 93 99 123 46 116 52 91 61 145 55 145 124 79 97 146 108 103 82 113 94 75 65 109 104 64 66 67 67 85 91 78 73 69 63 61 64 58 68 89 83 100 114 134 125 109 100 76 65 50 47 43 47 54 61 54 56 42 47 39
82 114 26 158 132 128 117 191 70 198 154 133 130 74 53 0 92 157 27 132 26 170 120 109 60 61 128 129 132 3 128 131 58 106 56 156 109 42 151 167 37 139 41 106 65 18 132 68 47 60 161 9 161 71 95 113 127 96 119 25 131 43 44 64 78 72 43 37 17 19 31 37 20 15 64 62 48 57 52 37 60 53 67 82 122 113 96 97 75 68 49 46 37 28 25 19 3 7 11 15 24
33 61 118 233 185 203 76 224 37 236 112 208 91 23 121 92 0 200 72 36 101 206 195 184 86 84 203 58 207 90 203 89 85 181 74 231 54 82 150 203 86 175 86 142 68 109 207 143 53 86 236 101 236 73 170 188 57 70 195 74 185 87 52 83 30 32 63 57 79 73 80 83 80 83 74 90 69 71 77 57 39 43 37 33 83 74 70 80 92 104 98 92 86 77 74 76 89 97 95 86 84
202 174 151 82 32 141 171 52 170 58 207 147 181 188 139 157 200 0 169 224 135 184 133 123 120 122 142 192 145 156 141 184 213 120 199 79 162 197 165 181 195 153 196 120 204 154 145 133 181 120 85 157 49 226 108 126 187 147 133 168 32 202 165 124 194 191 146 155 171 162 185 192 175 170 130 115 138 135 131 158 180 174 187 202 174 165 149 135 108 97 115 122 132 140 149 155 158 152 146 149 143
56 98 48 181 151 151 100 192 53 205 138 156 113 48 85 27 72 169 0 106 49 175 142 132 55 53 151 112 155 26 150 115 40 129 35 178 92 23 155 171 25 144 26 111 42 39 155 90 21 55 184 31 184 53 118 136 112 79 142 5 150 27 23 55 52 46 28 20 9 9 18 23 14 12 54 57 37 45 43 20 34 30 41 56 105 96 79 81 77 72 54 47 39 30 22 16 25 32 34 32 36
50 61 152 267 209 236 80 248 71 260 118 242 96 57 154 132 36 224 106 0 135 230 228 218 109 108 237 47 240 128 236 95 103 215 92 264 62 110 152 203 117 189 110 166 86 143 240 176 85 109 270 136 269 91 203 221 57 79 228 108 209 110 86 106 59 64 97 96 113 107 115 114 114 117 98 114 101 95 101 95 71 78 65 50 87 78 79 90 116 128 121 118 116 111 107 115 129 134 128 119 118
95 121 17 132 110 102 124 169 78 175 161 108 137 83 28 26 101 135 49 135 0 159 94 83 54 54 102 139 106 25 102 138 83 81 80 130 115 70 139 155 60 128 66 95 89 20 106 42 71 54 135 29 135 97 69 87 134 102 94 49 109 67 56 57 89 84 48 46 41 43 59 64 44 39 61 55 53 62 50 49 70 64 80 95 128 119 102 92 68 61 42 39 35 33 34 43 27 21 16 20 23
207 171 175 276 169 245 151 188 176 158 160 251 131 193 163 170 206 184 175 230 159 0 237 227 126 128 246 189 249 168 245 139 213 224 204 273 168 196 84 49 196 45 198 78 210 179 249 185 186 126 279 174 214 223 213 231 182 153 237 174 169 199 170 130 200 197 152 161 170 167 188 195 179 174 136 120 143 141 137 164 186 180 193 207 146 148 153 141 113 103 121 128 138 146 155 161 167 171 168 159 148
188 205 111 91 148 24 202 160 172 166 239 29 215 176 104 120 195 133 142 228 94 237 0 16 133 133 24 220 28 119 24 216 177 25 174 88 193 163 218 234 154 206 160 174 182 113 28 52 165 133 94 122 94 191 25 7 218 179 14 142 147 161 149 136 183 178 136 139 134 136 152 158 138 133 141 135 132 136 130 142 163 157 174 188 206 197 180 172 148 141 122 119 114 118 127 136 120 115 109 113 116
177 194 100 80 137 27 191 149 161 155 228 32 204 165 93 109 184 123 132 218 83 227 16 0 123 123 27 209 31 108 27 205 166 15 163 78 182 153 207 223 143 196 149 163 172 103 31 41 154 123 83 112 83 180 14 12 207 169 19 132 137 150 138 126 172 167 125 129 123 126 142 147 127 122 130 124 122 125 119 131 153 147 163 177 195 186 170 161 137 130 111 108 104 108 117 125 110 104 98 102 106
85 72 78 172 105 141 69 144 51 156 106 147 81 68 61 60 86 120 55 109 54 126 133 123 0 2 141 90 145 58 141 83 94 120 82 169 60 78 107 123 82 95 80 62 87 69 145 81 64 0 175 64 174 101 108 126 85 46 133 60 105 82 48 5 75 74 28 38 56 53 74 77 67 63 12 6 20 16 15 41 63 57 71 85 73 64 47 38 26 24 19 16 25 33 40 47 57 61 58 49 39
83 72 79 172 107 141 69 145 50 158 106 147 82 67 62 61 84 122 53 108 54 128 133 123 2 0 142 90 145 59 141 83 93 120 81 169 61 76 108 124 78 97 79 64 86 70 145 81 62 2 175 64 175 99 109 126 85 47 133 60 106 80 47 3 73 73 27 37 56 52 74 76 67 63 11 7 19 14 14 40 62 56 69 83 73 64 48 39 26 26 19 16 25 33 41 47 57 61 58 49 39
196 213 119 99 156 1 210 168 180 174 247 7 223 184 112 128 203 142 151 237 102 246 24 27 141 142 0 228 5 127 0 224 185 34 182 96 201 172 226 242 162 215 168 182 191 122 5 60 173 141 102 130 102 199 33 17 226 188 10 151 156 169 157 145 191 186 144 148 142 145 161 166 146 141 149 143 141 144 138 150 171 166 182 196 214 205 189 180 156 149 130 127 123 126 136 144 129 123 117 121 124
82 21 151 258 178 228 39 216 58 228 76 233 59 68 148 129 58 192 112 47 139 189 220 209 90 90 228 0 232 127 228 53 135 206 116 256 31 124 115 159 128 147 128 127 117 142 232 168 96 90 261 134 261 127 195 213 7 48 220 118 177 130 92 89 74 76 90 93 115 109 123 126 123 121 84 92 91 85 91 94 83 86 82 82 48 43 48 59 86 96 109 106 107 109 110 112 126 133 130 122 116
200 217 123 103 160 6 214 172 184 178 251 2 227 188 116 132 207 145 155 240 106 249 28 31 145 145 5 232 0 131 6 228 189 37 186 100 205 175 230 246 166 219 172 186 195 125 0 64 177 145 106 134 106 203 37 21 230 191 14 154 159 173 161 148 195 190 148 152 146 148 164 170 150 145 153 147 144 148 142 154 175 169 186 200 218 209 192 184 160 153 134 131 127 130 139 148 132 127 121 125 128
78 112 25 157 131 127 115 190 68 197 152 132 128 70 52 3 90 156 26 128 25 168 119 108 58 59 127 127 131 0 127 129 57 105 55 155 107 41 149 165 36 137 40 104 64 16 131 67 46 58 160 7 160 70 94 112 125 94 118 24 130 41 42 62 74 68 41 35 15 17 29 36 19 14 62 60 46 55 50 35 59 51 64 78 120 111 94 95 73 66 47 44 35 26 23 17 2 6 10 14 23
196 213 119 99 156 1 210 168 179 174 247 7 223 184 112 128 203 141 150 236 102 245 24 27 141 141 0 228 6 127 0 224 185 33 182 96 201 171 226 242 162 214 168 181 190 121 6 60 172 141 102 130 101 199 33 17 226 187 10 150 155 169 157 144 190 185 144 147 142 144 160 166 146 141 148 143 140 144 138 150 171 165 182 196 214 205 188 179 156 149 130 127 122 126 135 144 128 123 117 121 124
103 38 150 254 169 224 15 207 76 220 22 229 21 89 144 131 89 184 115 95 138 139 216 205 83 83 224 53 228 129 224 0 154 203 140 252 35 138 66 109 140 97 140 88 140 141 228 164 115 83 257 137 257 149 191 209 46 38 216 119 168 141 103 81 96 98 87 96 118 112 133 137 127 124 77 85 89 79 87 98 104 105 103 103 13 19 38 50 77 87 102 99 102 109 109 115 128 132 129 121 115
60 129 68 215 188 185 140 230 78 243 177 191 153 65 110 58 85 213 40 103 83 213 177 166 94 93 185 135 189 57 185 154 0 164 21 213 119 19 193 209 24 182 18 149 22 67 189 125 39 94 218 59 218 19 152 170 134 118 177 38 187 17 53 94 63 58 68 60 46 47 28 23 38 43 93 96 76 85 82 60 51 49 54 60 144 135 118 120 116 111 92 85 77 68 60 55 55 63 67 66 74
175 192 98 77 135 33 189 146 158 153 226 39 201 163 90 106 181 120 129 215 81 224 25 15 120 120 34 206 37 105 33 203 164 0 160 75 180 150 205 221 141 193 147 160 169 100 37 39 151 120 80 109 80 178 12 18 205 166 25 129 134 148 136 123 169 164 122 126 121 123 139 144 124 119 127 122 119 122 117 129 150 144 160 175 193 184 167 158 135 127 109 106 101 105 114 123 107 101 96 100 103
46 113 72 212 186 182 126 222 63 235 163 187 138 49 114 56 74 199 35 92 80 204 174 163 82 81 182 116 186 55 182 140 21 160 0 210 103 20 185 201 27 174 20 141 15 68 186 122 23 82 215 60 215 27 149 167 116 104 174 35 185 20 37 80 49 41 54 44 44 44 30 24 36 41 79 85 63 71 69 43 35 34 38 46 130 121 104 106 102 102 84 77 70 62 57 51 53 61 65 65 69
224 241 147 7 94 96 238 106 207 112 275 102 250 212 140 156 231 79 178 264 130 273 88 78 169 169 96 256 100 155 96 252 213 75 210 0 229 199 254 270 190 242 196 209 218 149 100 88 200 169 6 158 39 227 63 81 254 215 88 178 93 197 185 172 218 213 172 175 170 172 188 193 174 168 176 171 168 172 166 178 199 193 210 224 242 233 216 207 184 177 158 155 150 154 163 172 156 150 145 149 152
69 13 127 231 148 201 22 186 41 198 58 207 37 55 121 109 54 162 92 62 115 168 193 182 60 61 201 31 205 107 201 35 119 180 103 229 0 108 98 143 112 129 112 97 104 118 205 141 80 60 234 114 234 114 168 186 26 18 193 96 147 113 80 59 61 63 64 73 95 89 110 110 104 101 54 62 66 56 64 75 69 69 68 69 28 20 18 29 56 66 79 76 79 86 86 92 105 110 107 98 92
63 118 54 202 172 171 123 214 67 227 161 177 136 58 96 42 82 197 23 110 70 196 163 153 78 76 172 124 175 41 171 138 19 150 20 199 108 0 177 193 9 166 4 133 32 53 175 111 30 78 205 46 204 33 138 156 124 102 163 22 171 7 40 78 60 54 51 43 30 31 11 6 22 27 77 80 60 68 66 43 42 39 48 63 128 119 102 104 100 94 76 69 61 52 44 38 39 47 50 50 58
164 97 156 256 150 226 78 188 129 201 87 232 58 150 144 151 150 165 155 152 139 84 218 207 107 108 226 115 230 149 226 66 193 205 185 254 98 177 0 44 177 41 179 44 191 160 230 166 167 107 259 155 196 204 193 211 108 81 218 155 149 180 151 110 157 178 132 141 151 148 169 175 160 155 116 101 124 121 118 144 167 161 174 164 73 75 80 85 88 84 102 108 118 127 136 142 148 151 149 140 129
204 141 172 272 166 242 121 204 173 198 130 248 101 190 160 167 203 181 171 203 155 49 234 223 123 124 242 159 246 165 242 109 209 221 201 270 143 193 44 0 193 47 195 60 207 176 246 182 183 123 276 171 212 220 209 227 152 125 234 171 165 196 167 126 197 194 148 157 167 164 185 191 176 171 132 117 140 137 134 160 183 177 190 204 116 118 125 130 110 100 118 124 134 143 152 158 164 167 165 156 145
68 122 45 192 170 162 125 214 71 235 163 168 138 62 87 37 86 195 25 117 60 196 154 143 82 78 162 128 166 36 162 140 24 141 27 190 112 9 177 193 0 165 8 132 40 44 166 102 35 82 195 36 195 38 129 147 128 104 154 24 169 8 44 80 65 59 53 45 27 32 9 4 17 22 79 84 62 70 68 45 49 43 53 68 130 121 104 106 101 94 75 69 61 52 44 37 34 40 46 45 53
176 128 144 245 139 215 109 177 145 170 118 220 89 162 132 139 175 153 144 189 128 45 206 196 95 97 215 147 219 137 214 97 182 193 174 242 129 166 41 47 165 0 167 33 179 148 219 154 155 95 248 143 184 192 182 200 139 111 206 143 138 168 140 99 169 166 121 130 139 137 157 164 148 143 105 89 112 110 106 133 155 149 162 176 104 106 111 103 83 72 90 97 107 115 124 130 136 140 137 128 118
64 122 51 198 171 168 126 216 71 237 163 174 139 62 93 41 86 196 26 110 66 198 160 149 80 79 168 128 172 40 168 140 18 147 20 196 112 4 179 195 8 167 0 134 32 52 172 108 34 80 201 45 201 31 135 153 128 104 160 24 170 2 44 80 64 58 54 46 29 33 11 5 21 26 79 82 63 71 68 46 46 43 52 64 130 121 104 106 102 96 78 71 62 53 46 37 38 46 50 49 57
143 109 111 212 106 182 99 144 112 156 109 187 80 129 99 106 142 120 111 166 95 78 174 163 62 64 182 127 186 104 181 88 149 160 141 209 97 133 44 60 132 33 134 0 146 115 186 122 122 62 215 110 151 159 149 167 122 82 173 110 105 135 107 66 136 133 88 97 106 104 124 131 115 110 72 56 79 77 73 100 122 116 129 143 99 92 78 70 50 39 57 64 74 82 91 97 103 107 104 95 85
41 114 81 221 195 191 126 228 63 240 163 196 138 47 123 65 68 204 42 86 89 210 182 172 87 86 191 117 195 64 190 140 22 169 15 218 104 32 191 207 40 179 32 146 0 76 195 130 25 87 224 69 224 16 158 176 116 104 182 44 194 32 39 86 44 39 59 50 51 51 38 38 45 50 85 90 69 76 74 49 36 36 36 41 130 121 104 106 108 108 91 84 77 69 64 59 62 70 74 73 76
93 124 9 152 129 121 127 188 83 194 164 127 139 85 46 18 109 154 39 143 20 179 113 103 69 70 122 142 125 16 121 141 67 100 68 149 118 53 160 176 44 148 52 115 76 0 125 61 58 69 155 9 155 83 89 107 137 105 113 36 128 51 58 73 89 83 52 51 32 36 42 45 32 26 73 71 57 66 61 51 71 66 78 93 131 122 105 107 84 77 58 55 46 37 39 32 18 9 12 20 26
200 217 123 103 160 6 214 172 184 178 251 2 227 188 116 132 207 145 155 240 106 249 28 31 145 145 5 232 0 131 6 228 189 37 186 100 205 175 230 246 166 219 172 186 195 125 0 64 177 145 106 134 106 203 37 21 230 191 14 154 159 173 161 148 195 190 148 152 146 148 164 170 150 145 153 147 144 148 142 154 175 169 186 200 218 209 192 184 160 153 134 131 127 130 139 148 132 127 121 125 128
136 153 59 90 136 60 150 159 120 166 187 65 163 124 52 68 143 133 90 176 42 185 52 41 81 81 60 168 64 67 60 164 125 39 122 88 141 111 166 182 102 154 108 122 130 61 64 0 113 81 93 70 93 139 27 45 166 127 52 90 136 109 97 84 131 126 84 87 82 84 100 106 86 81 89 83 80 84 78 90 111 105 122 136 154 145 128 120 96 89 70 67 62 66 75 84 68 63 57 61 64
34 90 67 203 168 173 101 204 40 216 138 178 114 29 91 47 53 181 21 85 71 186 165 154 64 62 173 96 177 46 172 115 39 151 23 200 80 30 167 183 35 155 34 122 25 58 177 113 0 64 206 51 206 38 140 158 96 80 164 23 167 36 15 62 32 26 35 26 31 30 30 33 29 32 61 67 45 52 50 25 13 11 20 34 106 97 80 82 84 84 69 62 55 47 42 38 44 52 56 53 54
85 72 78 172 105 141 69 144 51 156 106 147 81 68 61 60 86 120 55 109 54 126 133 123 0 2 141 90 145 58 141 83 94 120 82 169 60 78 107 123 82 95 80 62 87 69 145 81 64 0 175 64 174 101 108 126 85 46 133 60 105 82 48 5 75 74 28 38 56 53 74 77 67 63 12 6 20 16 15 41 63 57 71 85 73 64 47 38 26 24 19 16 25 33 40 47 57 61 58 49 39
229 246 152 6 100 102 243 111 213 118 280 107 256 217 145 161 236 85 184 270 135 279 94 83 175 175 102 261 106 160 102 257 218 80 215 6 234 205 259 276 195 248 201 215 224 155 106 93 206 175 0 164 45 232 69 87 259 221 94 184 99 202 190 178 224 219 177 181 175 178 194 199 179 174 182 176 174 177 171 183 205 199 215 229 247 238 222 213 189 182 163 160 156 160 169 177 162 156 150 154 158
86 120 18 161 132 130 123 191 75 197 160 136 135 78 55 9 101 157 31 136 29 174 122 112 64 64 130 134 134 7 130 137 59 109 60 158 114 46 155 171 36 143 45 110 69 9 134 70 51 64 164 0 163 75 97 115 133 101 122 29 131 43 51 67 81 75 48 42 24 24 34 38 24 19 68 66 52 62 56 42 64 59 70 86 127 118 101 102 79 72 53 50 41 32 30 24 9 5 11 18 27
229 246 152 42 63 102 243 75 213 98 280 107 256 217 145 161 236 49 184 269 135 214 94 83 174 175 102 261 106 160 101 257 218 80 215 39 234 204 196 212 195 184 201 151 224 155 106 93 206 174 45 163 0 232 69 87 259 221 93 183 63 202 190 177 224 219 177 181 175 177 194 199 179 174 182 176 173 177 171 183 204 198 215 229 247 238 222 213 189 182 163 160 156 159 169 177 162 156 150 154 157
51 124 82 229 201 199 136 241 75 253 172 204 151 57 124 71 73 226 53 91 97 223 191 180 101 99 199 127 203 70 199 149 19 178 27 227 114 33 204 220 38 192 31 159 16 83 203 139 38 101 232 75 232 0 166 184 126 117 191 52 200 30 52 99 54 49 72 63 59 61 42 36 51 56 98 104 82 89 87 62 47 49 47 51 142 133 117 119 121 121 105 99 90 81 73 68 69 76 80 80 87
163 180 86 66 123 33 177 135 147 141 214 38 190 151 79 95 170 108 118 203 69 213 25 14 108 109 33 195 37 94 33 191 152 12 149 63 168 138 193 209 129 182 135 149 158 89 37 27 140 108 69 97 69 166 0 18 193 155 25 117 123 136 124 111 158 153 111 115 109 111 128 133 113 108 116 110 107 111 105 117 138 132 149 163 181 172 156 147 123 116 97 94 90 93 103 111 96 90 84 88 91
181 198 104 84 141 17 195 153 165 159 232 22 208 169 97 113 188 126 136 221 87 231 7 12 126 126 17 213 21 112 17 209 170 18 167 81 186 156 211 227 147 200 153 167 176 107 21 45 158 126 87 115 87 184 18 0 211 173 7 135 141 154 142 129 176 171 129 133 127 129 146 151 131 126 134 128 125 129 123 135 156 150 167 181 199 190 174 165 141 134 115 112 108 111 121 129 114 108 102 106 109
81 14 146 256 173 226 32 211 57 223 69 231 51 67 146 127 57 187 112 57 134 182 218 207 85 85 226 7 230 125 226 46 134 205 116 254 26 124 108 152 128 139 128 122 116 137 230 166 96 85 259 133 259 126 193 211 0 43 218 117 172 129 91 83 73 76 83 93 115 109 122 125 122 121 79 87 85 81 83 93 82 85 81 81 40 36 43 54 80 91 104 101 98 105 105 111 124 128 125 117 111
84 30 114 218 133 187 26 171 48 183 61 193 37 70 108 96 70 147 79 79 102 153 179 169 46 47 188 48 191 94 187 38 118 166 104 215 18 102 81 125 104 111 104 82 104 105 191 127 80 46 221 101 221 117 155 173 43 0 179 83 132 106 67 45 76 82 51 60 82 76 97 101 92 88 41 49 53 43 51 62 76 69 80 84 29 20 3 14 41 51 65 63 66 73 74 79 92 97 94 85 79
188 205 111 90 148 10 202 159 171 166 239 15 214 176 103 119 195 133 142 228 94 237 14 19 133 133 10 220 14 118 10 216 177 25 174 88 193 163 218 234 154 206 160 173 182 113 14 52 164 133 94 122 93 191 25 7 218 179 0 142 147 161 149 136 182 177 135 139 134 136 152 157 138 132 140 135 132 135 130 142 163 157 173 188 206 197 180 171 148 141 122 119 114 118 127 136 120 114 109 113 116
58 102 45 181 155 150 105 192 57 204 142 156 118 50 82 25 74 168 5 108 49 174 142 132 60 60 151 118 154 24 150 119 38 129 35 178 96 22 155 171 24 143 24 110 44 36 154 90 23 60 184 29 183 52 117 135 117 83 142 0 154 26 25 59 53 47 33 25 10 9 15 21 9 10 58 61 42 50 47 25 36 33 43 58 109 100 83 85 79 72 54 47 38 29 22 16 22 30 33 33 35
190 159 126 96 1 155 156 66 155 72 191 161 166 178 113 131 185 32 150 209 109 169 147 137 105 106 156 177 159 130 155 168 187 134 185 93 147 171 149 165 169 138 170 105 194 128 159 136 167 105 99 131 63 200 123 141 172 132 147 154 0 176 151 108 185 180 131 142 145 143 159 166 149 144 114 99 122 119 116 144 166 160 176 190 158 149 133 120 92 82 100 106 112 121 131 137 132 126 120 123 117
64 123 52 199 176 169 127 217 72 242 164 174 140 63 94 43 87 202 27 110 67 199 161 150 82 80 169 130 173 41 169 141 17 148 20 197 113 7 180 196 8 168 2 135 32 51 173 109 36 82 202 43 202 30 136 154 129 106 161 26 176 0 45 81 62 56 55 47 30 34 12 7 22 28 80 83 64 72 69 47 47 44 50 64 131 122 106 107 103 97 79 72 63 54 47 38 40 47 51 51 58
36 86 67 187 152 157 89 188 34 201 126 162 102 28 75 44 52 165 23 86 56 170 149 138 48 47 157 92 161 42 157 103 53 136 37 185 80 40 151 167 44 140 44 107 39 58 161 97 15 48 190 51 190 52 124 142 91 67 149 25 151 45 0 46 31 25 20 10 26 21 37 42 35 32 45 51 29 37 35 9 15 9 21 36 93 84 68 69 68 68 53 47 40 32 28 26 40 47 49 40 38
82 70 81 175 109 144 67 147 48 160 104 150 80 66 65 64 83 124 55 106 57 130 136 126 5 3 145 89 148 62 144 81 94 123 80 172 59 78 110 126 80 99 80 66 86 73 148 84 62 5 178 67 177 99 111 129 83 45 136 59 108 81 46 0 73 72 27 36 58 53 73 77 69 64 8 10 19 12 14 39 62 56 69 82 72 63 46 37 24 28 22 19 27 35 44 50 60 64 61 52 42
9 71 98 221 186 191 83 218 31 230 119 196 98 10 109 78 30 194 52 59 89 200 183 172 75 73 191 74 195 74 190 96 63 169 49 218 61 60 157 197 65 169 64 136 44 89 195 131 32 75 224 81 224 54 158 176 73 76 182 53 185 62 31 73 0 6 51 45 58 53 60 62 60 63 69 80 57 62 64 40 18 23 12 9 89 80 76 78 91 98 86 80 73 65 61 60 75 79 82 73 72
13 73 92 216 181 186 85 215 34 227 121 191 100 11 104 72 32 191 46 64 84 197 178 167 74 73 186 76 190 68 185 98 58 164 41 213 63 54 178 194 59 166 58 133 39 83 190 126 26 74 219 75 219 49 153 171 76 82 177 47 180 56 25 72 6 0 46 35 52 47 54 56 54 57 68 77 56 61 61 34 12 17 6 13 92 83 82 84 90 95 82 75 68 60 56 54 69 73 77 68 67
56 70 61 174 131 144 73 170 36 182 110 149 86 45 64 43 63 146 28 97 48 152 136 125 28 27 144 90 148 41 144 87 68 122 54 172 64 51 132 148 53 121 54 88 59 52 148 84 35 28 177 48 177 72 111 129 83 51 135 33 131 55 20 27 51 46 0 10 31 27 46 51 41 37 26 32 9 17 16 13 35 29 42 56 77 68 51 53 48 50 37 31 24 21 20 26 40 44 41 32 27
45 79 59 178 143 148 82 178 34 191 119 153 94 38 66 37 57 155 20 96 46 161 139 129 38 37 148 93 152 35 147 96 60 126 44 175 73 43 141 157 45 130 46 97 50 51 152 87 26 38 181 42 181 63 115 133 93 60 139 25 142 47 10 36 45 35 10 0 23 18 38 43 33 29 35 41 19 27 25 3 24 18 31 45 86 77 60 62 58 58 44 37 30 22 18 20 34 42 39 30 29
63 101 41 172 146 142 103 188 56 200 140 147 116 55 67 17 79 171 9 113 41 170 134 123 56 56 142 115 146 15 142 118 46 121 44 170 95 30 151 167 27 139 29 106 51 32 146 82 31 56 175 24 175 59 109 127 115 82 134 10 145 30 26 58 58 52 31 23 0 5 18 25 11 6 57 57 40 49 45 23 42 36 49 63 108 99 82 84 75 68 50 43 34 25 18 9 13 20 25 23 29
57 95 45 175 144 144 98 185 50 198 135 150 111 49 67 19 73 162 9 107 43 167 136 126 53 52 145 109 148 17 144 112 47 123 44 172 89 31 148 164 32 137 33 104 51 36 148 84 30 53 178 24 177 61 111 129 109 76 136 9 143 34 21 53 53 47 27 18 5 0 23 29 16 10 52 55 35 44 40 18 36 30 43 57 102 93 76 78 72 65 47 40 32 23 15 9 16 23 27 25 28
65 117 43 191 160 160 119 206 66 226 156 166 131 57 85 31 80 185 18 115 59 188 152 142 74 74 161 123 164 29 160 133 28 139 30 188 110 11 169 185 9 157 11 124 38 42 164 100 30 74 194 34 194 42 128 146 122 97 152 15 159 12 37 73 60 54 46 38 18 23 0 7 10 16 72 75 55 63 61 39 43 38 49 65 123 114 97 99 93 86 68 61 52 43 35 29 28 35 39 39 46
65 120 48 196 167 166 123 212 68 232 160 171 136 60 91 37 83 192 23 114 64 195 158 147 77 76 166 126 170 36 166 137 23 144 24 193 110 6 175 191 4 164 5 131 38 45 170 106 33 77 199 38 199 36 133 151 125 101 157 21 166 7 42 77 62 56 51 43 25 29 7 0 17 22 76 79 60 68 65 43 46 41 51 65 127 118 101 103 99 93 74 67 59 50 42 35 34 42 45 45 53
64 110 39 176 150 146 113 197 66 216 150 151 126 57 78 20 80 175 14 114 44 179 138 127 67 67 146 123 150 19 146 127 38 124 36 174 104 22 160 176 17 148 21 115 45 32 150 86 29 67 179 24 179 51 113 131 122 92 138 9 149 22 35 69 60 54 41 33 11 16 10 17 0 6 68 68 51 60 56 33 43 37 49 64 117 108 92 93 84 77 58 54 45 36 28 21 17 25 29 29 36
67 107 35 171 145 141 110 192 62 211 147 146 122 59 73 15 83 170 12 117 39 174 133 122 63 63 141 121 145 14 141 124 43 119 41 168 101 27 155 171 22 143 26 110 50 26 145 81 32 63 174 19 174 56 108 126 121 88 132 10 144 28 32 64 63 57 37 29 6 10 16 22 6 0 63 64 46 54 51 30 45 42 52 67 114 105 88 90 79 72 53 50 41 32 23 16 12 20 24 23 31
78 66 82 179 115 149 63 153 44 166 100 154 76 63 69 64 74 130 54 98 61 136 141 130 12 11 149 84 153 62 148 77 93 127 79 176 54 77 116 132 79 105 79 72 85 73 153 89 61 12 182 68 182 98 116 134 79 41 140 58 114 80 45 8 69 68 26 35 57 52 72 76 68 63 0 17 18 8 14 38 61 55 66 78 67 58 41 36 28 33 26 24 28 37 43 49 61 65 62 53 42
88 74 80 173 100 143 71 138 56 150 108 148 84 73 63 62 90 115 57 114 55 120 135 124 6 7 143 92 147 60 143 85 96 122 85 171 62 80 101 117 84 89 82 56 90 71 147 83 67 6 176 66 176 104 110 128 87 49 135 61 99 83 51 10 80 77 32 41 57 55 75 79 68 64 17 0 24 20 17 44 66 60 74 88 75 66 50 39 21 18 20 18 26 34 42 48 59 63 60 51 40
66 72 66 171 123 140 74 161 40 173 112 146 87 50 61 48 69 138 37 101 53 143 132 122 20 19 141 91 144 46 140 89 76 119 63 168 66 60 124 140 62 112 63 79 69 57 144 80 45 20 174 52 173 82 107 125 85 53 132 42 122 64 29 19 57 56 9 19 40 35 55 60 51 46 18 24 0 9 7 22 45 39 52 66 79 70 53 51 41 41 29 24 18 20 26 32 45 49 46 37 30
71 68 75 174 120 144 65 158 36 171 102 149 78 55 64 57 71 135 45 95 62 141 136 125 16 14 144 85 148 55 144 79 85 122 71 172 56 68 121 137 70 110 71 77 76 66 148 84 52 16 177 62 177 89 111 129 81 43 135 50 119 72 37 12 62 61 17 27 49 44 63 68 60 54 8 20 9 0 7 30 52 46 59 71 69 60 44 41 34 39 29 26 23 30 35 41 54 58 55 46 39
71 70 70 168 117 138 73 155 42 167 110 143 86 57 58 52 77 131 43 101 50 137 130 119 15 14 138 91 142 50 138 87 82 117 69 166 64 66 118 134 68 106 68 73 74 61 142 78 50 15 171 56 171 87 105 123 83 51 130 47 116 69 35 14 64 61 16 25 45 40 61 65 56 51 14 17 7 7 0 28 50 44 57 71 77 68 51 49 37 35 22 19 17 25 32 38 49 53 50 41 34
44 81 60 180 145 150 84 181 34 194 121 155 97 39 68 37 57 158 20 95 49 164 142 131 41 40 150 94 154 35 150 98 60 129 43 178 75 43 144 160 45 133 46 100 49 51 154 90 25 41 183 42 183 62 117 135 93 62 142 25 144 47 9 39 40 34 13 3 23 18 39 43 33 30 38 44 22 30 28 0 23 17 30 44 88 79 63 64 61 61 46 39 33 24 21 20 34 41 42 33 31
21 79 80 202 166 171 91 204 30 216 127 177 106 15 89 60 39 180 34 71 70 186 163 153 63 62 171 83 175 59 171 104 51 150 35 199 69 42 167 183 49 155 46 122 36 71 175 111 13 63 205 64 204 47 138 156 82 76 163 36 166 47 15 62 18 12 35 24 42 36 43 46 43 45 61 66 45 52 50 23 0 6 6 21 98 89 76 78 84 84 68 61 54 46 42 43 57 65 63 54 53
27 79 75 196 160 165 91 198 29 210 128 171 103 20 83 53 43 174 30 78 64 180 157 147 57 56 166 86 169 51 165 105 49 144 34 193 69 39 161 177 43 149 43 116 36 66 169 105 11 57 199 59 198 49 132 150 85 69 157 33 160 44 9 56 23 17 29 18 36 30 38 41 37 42 55 60 39 46 44 17 6 0 13 27 95 86 69 71 78 78 62 55 48 40 36 37 50 57 57 48 47
15 79 87 212 177 182 90 211 32 223 126 187 106 14 100 67 37 187 41 65 80 193 174 163 71 69 182 82 186 64 182 103 54 160 38 210 68 48 174 190 53 162 52 129 36 78 186 122 20 71 215 70 215 47 149 167 81 80 173 43 176 50 21 69 12 6 42 31 49 43 49 51 49 52 66 74 52 59 57 30 6 13 0 15 97 88 80 82 88 91 78 71 64 56 53 50 64 70 73 65 63
0 79 102 226 191 196 91 225 40 237 126 201 106 19 114 82 33 202 56 50 95 207 188 177 85 83 196 82 200 78 196 103 60 175 46 224 69 63 164 204 68 176 64 143 41 93 200 136 34 85 229 86 229 51 163 181 81 84 188 58 190 64 36 82 9 13 56 45 63 57 65 65 64 67 78 88 66 71 71 44 21 27 15 0 97 88 84 86 100 105 92 85 79 70 67 64 79 84 88 79 77
97 30 140 244 159 214 8 197 70 210 34 219 16 83 134 122 83 174 105 87 128 146 206 195 73 73 214 48 218 120 214 13 144 193 130 242 28 128 73 116 130 104 130 99 130 131 218 154 106 73 247 127 247 142 181 199 40 29 206 109 158 131 93 72 89 92 77 86 108 102 123 127 117 114 67 75 79 69 77 88 98 95 97 97 0 9 28 41 67 77 92 89 92 99 99 105 118 122 120 111 105
88 23 131 235 150 205 9 188 61 201 42 211 18 74 125 113 74 165 96 78 119 148 197 186 64 64 205 43 209 111 205 19 135 184 121 233 20 119 75 118 121 106 121 92 121 122 209 145 97 64 238 118 238 133 172 190 36 20 197 100 149 122 84 63 80 83 68 77 99 93 114 118 108 105 58 66 70 60 68 79 89 86 88 88 9 0 20 32 58 69 83 80 83 90 90 96 109 114 111 102 96
84 30 114 219 134 188 26 172 48 185 61 194 36 70 109 96 70 149 79 79 102 153 180 170 47 48 189 48 192 94 188 38 118 167 104 216 18 102 80 125 104 111 104 78 104 105 192 128 80 47 222 101 222 117 156 174 43 3 180 83 133 106 68 46 76 82 51 60 82 76 97 101 92 88 41 50 53 44 51 63 76 69 80 84 28 20 0 16 42 53 66 64 67 73 74 79 93 97 94 85 79
86 41 115 210 120 180 38 158 50 171 73 185 48 72 100 97 80 135 81 90 92 141 172 161 38 39 180 59 184 95 179 50 120 158 106 207 29 104 85 130 106 103 106 70 106 107 184 120 82 38 213 102 213 119 147 165 54 14 171 85 120 107 69 37 78 84 53 62 84 78 99 103 93 90 36 39 51 41 49 64 78 71 82 86 41 32 16 0 28 39 53 55 63 71 75 81 94 98 95 86 77
100 67 93 186 93 156 64 131 63 143 100 161 74 85 76 75 92 108 77 116 68 113 148 137 26 26 156 86 160 73 156 77 116 135 102 184 56 100 88 110 101 83 102 50 108 84 160 96 84 26 189 79 189 121 123 141 80 41 148 79 92 103 68 24 91 90 48 58 75 72 93 99 84 79 28 21 41 34 37 61 84 78 88 100 67 58 42 28 0 11 26 32 42 51 60 66 72 76 73 64 53
105 78 86 179 83 149 75 121 74 133 110 154 85 91 65 68 104 97 72 128 61 103 141 130 24 26 149 96 153 66 149 87 111 127 102 177 66 94 84 100 94 72 96 39 108 77 153 89 84 24 182 72 182 121 116 134 91 51 141 72 82 97 68 28 98 95 50 58 68 65 86 93 77 72 33 18 41 39 35 61 84 78 91 105 77 69 53 39 11 0 19 25 35 44 53 59 65 69 66 57 46
92 91 67 160 101 130 87 139 63 151 124 135 100 80 50 49 98 115 54 121 42 121 122 111 19 19 130 109 134 47 130 102 92 109 84 158 79 76 102 118 75 90 78 57 91 58 134 70 69 19 163 53 163 105 97 115 104 65 122 54 100 79 53 22 86 82 37 44 50 47 68 74 58 53 26 20 29 29 22 46 68 62 78 92 92 83 66 53 26 19 0 7 15 23 34 41 46 50 47 38 27
85 88 64 157 107 127 85 145 59 158 122 132 98 74 47 46 92 122 47 118 39 128 119 108 16 16 127 106 131 44 127 99 85 106 77 155 76 69 108 124 69 97 71 64 84 55 131 67 62 16 160 50 160 99 94 112 101 63 119 47 106 72 47 19 80 75 31 37 43 40 61 67 54 50 24 18 24 26 19 39 61 55 71 85 89 80 64 55 32 25 7 0 10 19 27 34 43 47 44 35 24
79 85 55 153 113 123 88 155 58 168 125 128 101 67 43 37 86 132 39 116 35 138 114 104 25 25 123 107 127 35 122 102 77 101 70 150 79 61 118 134 61 107 62 74 77 46 127 62 55 25 156 41 156 90 90 108 98 66 114 38 112 63 40 27 73 68 24 30 34 32 52 59 45 41 28 26 18 23 17 33 54 48 64 79 92 83 67 63 42 35 15 10 0 9 19 25 34 38 35 26 15
70 92 46 157 121 126 95 164 54 176 132 132 108 59 47 28 77 140 30 111 33 146 118 108 33 33 126 109 130 26 126 109 68 105 62 154 86 52 127 143 52 115 53 82 69 37 130 66 47 33 160 32 159 81 93 111 105 73 118 29 121 54 32 35 65 60 21 22 25 23 43 50 36 32 37 34 20 30 25 24 46 40 56 70 99 90 73 71 51 44 23 19 9 0 10 16 25 29 26 17 10
67 92 48 166 131 135 95 173 50 185 132 141 108 55 54 25 74 149 22 107 34 155 127 117 40 41 136 110 139 23 135 109 60 114 57 163 86 44 136 152 44 124 46 91 64 39 139 75 42 40 169 30 169 73 103 121 105 74 127 22 131 47 28 44 61 56 20 18 18 15 35 42 28 23 43 42 26 35 32 21 42 36 53 67 99 90 74 75 60 53 34 27 19 10 0 9 22 30 27 18 16
64 98 41 174 138 144 101 179 53 191 138 149 114 55 61 19 76 155 16 115 43 161 136 125 47 47 144 112 148 17 144 115 55 123 51 172 92 38 142 158 37 130 37 97 59 32 148 84 38 47 177 24 177 68 111 129 111 79 136 16 137 38 26 50 60 54 26 20 9 9 29 35 21 16 49 48 32 41 38 20 43 37 50 64 105 96 79 81 66 59 41 34 25 16 9 0 15 22 27 25 22
79 111 26 159 133 128 114 185 66 198 151 134 127 69 54 3 89 158 25 129 27 167 120 110 57 57 129 126 132 2 128 128 55 107 53 156 105 39 148 164 34 136 38 103 62 18 132 68 44 57 162 9 162 69 96 114 124 92 120 22 132 40 40 60 75 69 40 34 13 16 28 34 17 12 61 59 45 54 49 34 57 50 64 79 118 109 93 94 72 65 46 43 34 25 22 15 0 8 12 15 24
84 115 18 153 127 123 118 186 74 193 155 128 131 76 56 7 97 152 32 134 21 171 115 104 61 61 123 133 127 6 123 132 63 101 61 150 110 47 151 167 40 140 46 107 70 9 127 63 52 61 156 5 156 76 90 108 128 97 114 30 126 47 47 64 79 73 44 42 20 23 35 42 25 20 65 63 49 58 53 41 65 57 70 84 122 114 97 98 76 69 50 47 38 29 30 22 8 0 6 14 20
88 112 21 147 121 117 115 180 71 187 152 122 128 76 42 11 95 146 34 128 16 168 109 98 58 58 117 130 121 10 117 129 67 96 65 145 107 50 149 165 46 137 50 104 74 12 121 57 56 58 150 11 150 80 84 102 125 94 109 33 120 51 49 61 82 77 41 39 25 27 39 45 29 24 62 60 46 55 50 42 63 57 73 88 120 111 94 95 73 66 47 44 35 26 27 27 12 6 0 8 14
79 104 29 151 124 121 107 183 62 189 144 126 119 67 47 15 86 149 32 119 20 159 113 102 49 49 121 122 125 14 121 121 66 100 65 149 98 50 140 156 45 128 49 95 73 20 125 61 53 49 154 18 154 80 88 106 117 85 113 33 123 51 40 52 73 68 32 30 23 25 39 45 29 23 53 51 37 46 41 33 54 48 65 79 111 102 85 86 64 57 38 35 26 17 18 25 15 14 8 0 7
77 98 35 155 118 124 101 166 61 184 138 130 114 66 39 24 84 143 36 118 23 148 116 106 39 39 124 116 128 23 124 115 74 103 69 152 92 58 129 145 53 118 57 85 76 26 128 64 54 39 158 27 157 87 91 109 111 79 116 35 117 58 38 42 72 67 27 29 29 28 46 53 36 31 42 40 30 39 34 31 53 47 63 77 105 96 79 77 53 46 27 24 15 10 16 22 24 20 14 7 0