0 148 60 197 50 71 128 75 196 188 87 32 150 51 186 60 182 162 68 196 63 53 182 239 180 192 174 108 41 177 52 75 201 52 141 151 64 211 52 82 200 223 70 188 137 180 54 62 90 231 18 71 81 176 69 65 226 201 46 196 190 64 36 82 9 13 56 45 63 57 65 65 64 67 78 88 66 71 71 44 21 27 15 0 97 88 84 86 100 105 92 85 79 70 67 64 79 84 88 79 77
148 0 164 238 138 180 59 93 237 229 182 165 68 153 70 151 223 26 177 237 117 133 223 215 221 233 40 148 158 61 146 155 242 190 43 73 177 252 189 93 241 264 81 229 42 55 154 182 73 272 160 180 80 65 177 113 267 177 172 237 162 178 140 95 140 142 119 133 150 145 170 174 164 156 98 97 111 104 107 135 148 142 147 148 58 60 73 77 81 86 103 112 120 129 136 142 153 157 154 145 135
60 164 0 155 110 18 152 94 154 145 31 35 126 15 162 15 140 182 16 154 43 27 140 225 137 150 150 73 100 153 19 21 159 31 165 127 17 169 30 67 158 181 102 145 129 156 12 24 123 189 51 18 112 152 16 54 183 183 22 154 157 18 31 67 55 50 41 33 15 18 7 14 8 13 66 70 49 58 55 33 38 33 45 60 117 108 91 93 88 81 63 56 47 38 31 22 25 33 37 36 44
197 238 155 0 237 161 250 192 8 11 144 186 189 159 225 147 19 260 163 3 140 146 19 209 29 5 213 107 238 217 154 134 4 186 263 190 169 32 186 147 3 97 206 11 202 220 155 177 221 105 200 161 217 216 160 151 99 142 176 8 157 170 158 145 192 187 145 149 143 146 162 167 147 142 150 144 142 145 139 151 172 166 183 197 215 206 190 181 157 150 131 128 124 127 137 145 130 124 118 122 125
50 138 110 237 0 120 120 73 236 228 138 78 173 102 194 110 223 152 117 236 103 103 223 262 220 232 159 149 41 186 103 125 242 98 133 174 110 251 98 105 240 263 59 228 132 180 104 107 76 271 63 120 62 189 118 88 266 224 97 236 209 110 86 106 59 64 97 96 113 107 115 114 114 117 98 114 101 95 101 95 71 78 65 50 87 78 79 90 116 128 121 118 116 111 107 115 129 134 128 119 118
71 180 18 161 120 0 167 110 160 152 28 42 141 30 176 32 146 198 3 160 58 42 146 235 144 156 164 80 110 168 35 32 165 25 180 142 9 175 26 83 164 187 117 152 144 171 28 17 139 195 56 0 128 167 3 70 190 192 22 160 167 9 47 83 68 62 56 48 29 34 11 7 19 25 82 87 65 73 71 48 52 46 56 71 133 124 107 109 103 96 77 72 64 55 46 39 36 42 48 47 55
128 59 152 250 120 167 0 73 249 241 175 152 116 141 125 139 235 47 164 249 117 128 235 246 233 245 95 163 139 116 133 155 254 178 18 119 165 264 177 104 253 276 63 241 85 109 142 170 50 284 140 167 59 120 165 101 279 208 160 249 193 166 128 106 121 123 112 121 142 137 157 162 152 148 102 110 113 104 112 123 129 130 128 128 36 44 63 75 102 112 126 124 127 134 134 140 153 157 154 146 140
75 93 94 192 73 110 73 0 191 182 118 95 107 83 144 82 177 107 107 191 60 70 177 204 174 187 120 105 86 136 76 97 196 120 86 108 107 205 119 50 195 218 15 182 82 130 84 112 35 226 87 110 26 134 108 43 220 166 102 191 151 108 70 52 68 70 54 63 85 79 100 104 95 91 48 57 56 48 54 65 76 72 75 75 42 33 29 40 59 70 72 69 69 76 77 82 95 100 97 88 82
196 237 154 8 236 160 249 191 0 10 143 185 188 158 224 146 18 259 162 8 139 145 18 208 27 5 212 106 236 215 153 133 8 185 262 189 168 31 185 146 10 96 205 10 200 218 153 176 220 103 199 160 215 214 159 150 98 141 175 0 155 169 157 144 191 186 144 147 142 144 160 166 146 141 149 143 140 144 138 150 171 165 182 196 214 205 188 180 156 149 130 127 122 126 135 144 128 123 117 121 124
188 229 145 11 228 152 241 182 10 0 135 177 180 150 216 138 8 251 154 10 131 137 8 200 18 6 204 98 228 207 145 124 16 176 253 181 160 24 177 138 14 87 196 0 192 210 145 168 212 95 191 152 207 206 151 142 90 133 167 10 147 161 149 136 182 177 136 139 134 136 152 157 138 133 140 135 132 136 130 142 163 157 174 188 206 197 180 171 148 141 122 119 114 118 127 136 120 114 109 113 116
87 182 31 144 138 28 175 118 143 135 0 64 138 41 174 37 129 205 30 143 68 50 129 217 127 139 162 63 128 165 44 27 148 52 188 139 36 158 53 89 147 170 125 135 141 168 37 44 147 178 79 28 136 165 27 77 173 175 50 143 149 37 58 89 83 77 64 56 34 39 28 33 24 28 91 87 74 83 78 56 66 61 72 87 141 132 115 116 100 93 74 71 62 54 51 44 31 37 43 43 53
32 165 35 186 78 42 152 95 185 177 64 0 142 29 177 40 171 182 39 185 54 39 171 230 169 181 165 97 68 169 38 52 190 30 165 142 38 200 31 74 189 212 90 177 145 172 32 33 109 220 15 42 100 168 40 60 215 193 21 185 179 34 28 74 33 27 48 38 43 43 37 36 42 44 73 79 58 65 63 37 21 23 20 32 118 109 92 94 96 97 81 75 68 60 55 50 57 64 68 65 66
150 68 126 189 173 141 116 107 188 180 138 142 0 119 38 111 175 93 139 188 88 103 175 164 172 184 30 90 180 30 111 111 194 154 109 6 141 203 154 73 192 215 107 180 44 37 120 147 113 223 151 141 118 29 138 90 218 127 143 188 111 142 113 72 143 140 95 103 113 110 131 137 122 117 78 63 86 83 80 106 129 123 136 150 100 99 84 77 56 46 64 70 80 89 98 104 110 114 111 102 91
51 153 15 159 102 30 141 83 158 150 41 29 119 0 155 13 144 171 27 158 32 16 144 208 142 154 142 78 92 146 13 25 164 37 154 120 28 173 36 56 162 185 91 150 117 149 5 33 112 193 43 30 101 145 28 43 188 170 25 158 157 29 17 56 47 41 29 21 16 16 20 25 18 18 55 58 39 47 44 20 30 24 36 51 106 97 80 82 78 74 57 50 45 36 28 23 30 37 41 38 42
186 70 162 225 194 176 125 144 224 216 174 177 38 155 0 146 210 95 174 224 124 139 210 184 208 220 32 125 215 8 147 147 229 190 111 43 177 239 189 109 228 251 137 216 65 20 155 182 124 259 187 176 131 12 174 126 254 162 178 224 147 178 149 108 178 175 130 139 149 146 167 173 157 152 114 99 122 119 115 142 164 158 172 186 109 111 116 112 92 81 99 106 116 125 133 140 145 149 146 137 127
60 151 15 147 110 32 139 82 146 138 37 40 111 13 146 0 132 169 29 146 32 14 132 200 130 142 134 62 100 138 7 17 152 44 152 112 30 161 43 56 150 173 89 138 114 141 9 36 111 181 54 32 100 137 29 41 176 162 34 146 144 31 23 56 55 49 28 20 4 3 20 27 13 10 55 55 38 46 43 20 39 33 45 60 105 96 79 80 73 66 47 40 32 23 15 10 18 25 29 27 29
182 223 140 19 223 146 235 177 18 8 129 171 175 144 210 132 0 245 148 18 126 131 0 194 10 14 198 92 223 202 139 119 24 171 248 175 154 32 172 132 22 82 191 8 187 205 140 163 206 90 185 146 202 201 145 136 85 127 161 18 142 155 143 131 177 172 130 134 128 131 147 152 132 127 135 129 127 130 124 136 158 152 168 182 200 191 175 166 142 135 116 113 109 113 122 130 115 109 103 107 111
162 26 182 260 152 198 47 107 259 251 205 182 93 171 95 169 245 0 195 259 147 158 245 239 243 255 65 173 173 86 164 176 264 208 31 98 195 274 207 114 263 286 95 251 67 79 172 200 87 294 174 198 94 90 195 131 288 202 190 259 187 196 158 116 154 157 142 151 173 167 188 192 182 179 120 118 133 126 129 153 163 160 162 162 72 74 92 99 103 113 129 134 142 150 164 170 175 179 176 167 156
68 177 16 163 117 3 164 107 162 154 30 39 139 27 174 29 148 195 0 162 55 39 148 237 146 158 162 82 107 166 32 30 168 24 177 140 8 177 25 80 166 189 114 154 142 169 25 16 136 197 53 3 125 165 3 67 192 194 20 162 169 8 44 80 65 59 53 45 27 32 9 4 17 22 79 84 62 70 68 45 49 43 53 68 130 121 104 106 101 94 75 69 61 52 44 37 34 40 46 45 53
196 237 154 3 236 160 249 191 8 10 143 185 188 158 224 146 18 259 162 0 139 145 18 208 27 4 212 106 237 215 153 133 7 185 262 189 168 31 185 146 6 96 205 10 200 219 154 176 220 103 199 160 215 215 159 150 98 141 175 8 155 169 157 144 191 186 144 148 142 144 160 166 146 141 149 143 140 144 138 150 171 165 182 196 214 205 188 180 156 149 130 127 123 126 135 144 128 123 117 121 124
63 117 43 140 103 58 117 60 139 131 68 54 88 32 124 32 126 147 55 139 0 16 126 177 123 135 112 54 104 115 24 41 145 69 130 89 56 154 68 25 143 166 67 131 86 118 33 61 89 174 64 58 78 114 56 17 169 139 55 139 129 57 26 25 58 53 8 16 34 29 52 53 45 40 24 27 7 15 12 19 42 36 49 63 83 74 57 57 46 43 30 23 17 18 20 26 39 43 40 32 25
53 133 27 146 103 42 128 70 145 137 50 39 103 16 139 14 131 158 39 145 16 0 131 192 129 141 127 57 94 130 8 28 150 52 141 104 40 160 52 41 149 172 78 137 102 133 17 45 99 180 50 42 88 129 40 29 175 154 38 145 139 41 15 41 49 43 15 9 17 12 32 37 27 23 40 42 23 32 29 9 32 26 39 53 93 84 67 69 63 58 41 34 28 19 16 13 26 33 37 28 26
182 223 140 19 223 146 235 177 18 8 129 171 175 144 210 132 0 245 148 18 126 131 0 194 10 14 198 92 223 202 139 119 24 171 248 175 154 32 172 132 22 82 191 8 187 205 140 163 206 90 185 146 202 201 145 136 85 127 161 18 142 155 143 131 177 172 130 134 128 131 147 152 132 127 135 129 127 130 124 136 158 152 168 182 200 191 175 166 142 135 116 113 109 113 122 130 115 109 103 107 111
239 215 225 209 262 235 246 204 208 200 217 230 164 208 184 200 194 239 237 208 177 192 194 0 192 204 188 165 269 182 200 204 213 243 259 165 238 223 243 162 212 145 203 200 178 195 209 236 219 153 240 235 214 178 234 179 148 59 232 208 74 244 202 161 232 229 184 192 202 199 227 234 217 212 167 152 175 172 169 195 218 212 225 239 211 202 186 172 145 135 153 159 169 178 187 193 200 194 188 191 185
180 221 137 29 220 144 233 174 27 18 127 169 172 142 208 130 10 243 146 27 123 129 10 192 0 24 196 90 220 199 137 116 33 168 245 173 152 41 169 130 31 79 188 18 184 202 137 160 204 87 183 144 199 198 143 134 82 125 159 27 139 153 141 128 174 169 128 131 126 128 144 149 130 124 132 127 124 128 122 134 155 149 166 180 198 189 172 163 140 133 114 111 106 110 119 128 112 106 101 105 108
192 233 150 5 232 156 245 187 5 6 139 181 184 154 220 142 14 255 158 4 135 141 14 204 24 0 208 102 233 212 149 129 9 181 258 185 164 27 181 142 8 92 201 6 197 215 150 172 216 99 195 156 211 211 155 146 94 137 171 5 152 165 153 140 187 182 140 144 138 140 157 162 142 137 145 139 136 140 134 146 167 161 178 192 210 201 185 176 152 145 126 123 119 122 132 140 125 119 113 117 120
174 40 150 213 159 164 95 120 212 204 162 165 30 142 32 134 198 65 162 212 112 127 198 188 196 208 0 113 186 23 135 135 217 178 81 35 164 227 177 96 216 239 102 204 33 16 143 170 94 247 175 164 101 27 162 114 242 150 166 212 135 166 137 96 166 163 118 127 137 134 155 161 145 140 102 87 110 107 103 130 152 146 159 174 79 81 91 94 74 69 87 94 104 113 121 128 133 137 134 125 115
108 148 73 107 149 80 163 105 106 98 63 97 90 78 125 62 92 173 82 106 54 57 92 165 90 102 113 0 149 117 67 52 111 104 176 90 88 121 105 61 110 133 119 98 112 120 73 96 135 141 107 80 130 116 79 65 136 123 95 106 97 89 69 59 103 98 58 60 62 61 80 85 66 61 63 57 55 58 53 62 84 78 94 108 129 120 103 94 70 59 45 41 37 41 49 55 48 42 37 41 33
41 158 100 238 41 110 139 86 236 228 128 68 180 92 215 100 223 173 107 237 104 94 223 269 220 233 186 149 0 207 93 115 242 89 152 181 100 251 88 112 241 264 81 228 148 196 95 98 101 271 54 110 85 206 108 95 266 231 87 236 216 100 76 113 49 54 97 86 103 98 105 104 105 108 105 121 107 102 112 85 61 68 55 41 108 99 95 106 123 135 133 126 119 111 107 105 120 124 128 119 118
177 61 153 217 186 168 116 136 215 207 165 169 30 146 8 138 202 86 166 215 115 130 202 182 199 212 23 117 207 0 139 139 221 182 102 35 168 230 181 100 219 243 129 207 57 15 147 174 115 250 178 168 122 7 166 117 245 154 170 215 139 169 140 100 170 167 122 131 140 137 158 165 149 144 106 90 113 111 107 134 156 150 163 177 100 102 107 104 83 73 91 98 108 116 125 131 137 141 138 129 118
52 146 19 154 103 35 133 76 153 145 44 38 111 13 147 7 139 164 32 153 24 8 139 200 137 149 135 67 93 139 0 24 158 45 146 112 32 168 44 49 157 180 83 145 110 142 9 37 105 188 49 35 94 138 32 36 183 163 36 153 149 33 16 49 48 42 22 14 11 6 25 29 20 17 48 51 31 39 37 14 31 25 38 52 99 90 73 75 71 66 53 46 38 29 21 15 25 32 36 34 35
75 155 21 134 125 32 155 97 133 124 27 52 111 25 147 17 119 176 30 133 41 28 119 204 116 129 135 52 115 139 24 0 138 50 168 112 34 148 49 62 137 160 105 124 114 142 21 42 126 168 66 32 115 138 30 54 162 162 42 133 136 35 40 62 70 64 41 35 13 18 23 30 13 8 63 61 47 55 51 35 53 48 59 75 120 111 94 96 73 66 48 45 35 27 23 17 4 12 16 17 26
201 242 159 4 242 165 254 196 8 16 148 190 194 164 229 152 24 264 168 7 145 150 24 213 33 9 217 111 242 221 158 138 0 190 267 195 174 37 191 151 2 101 210 16 206 224 159 182 226 109 204 165 221 220 165 155 104 147 180 8 161 174 162 150 196 191 149 153 147 150 166 171 151 146 154 148 146 149 143 155 177 171 187 201 219 211 194 185 161 154 135 132 128 132 141 149 134 128 122 126 130
52 190 31 186 98 25 178 120 185 176 52 30 154 37 190 44 171 208 24 185 69 52 171 243 168 181 178 104 89 182 45 50 190 0 190 155 17 199 2 93 189 212 119 176 154 185 38 9 138 219 35 25 129 181 26 80 214 212 19 185 186 16 51 93 55 50 66 58 45 46 28 22 37 42 92 95 75 83 81 59 50 47 48 52 143 134 117 119 115 109 91 84 76 67 59 53 54 62 66 65 73
141 43 165 263 133 180 18 86 262 253 188 165 109 154 111 152 248 31 177 262 130 141 248 259 245 258 81 176 152 102 146 168 267 190 0 114 178 276 190 117 266 289 76 253 88 96 155 183 63 297 153 180 72 106 178 114 291 221 173 262 206 179 141 119 133 136 125 133 155 150 170 175 165 161 115 123 126 117 124 136 142 142 141 141 49 57 76 88 115 125 139 137 140 147 147 153 166 170 167 158 153
151 73 127 190 174 142 119 108 189 181 139 142 6 120 43 112 175 98 140 189 89 104 175 165 173 185 35 90 181 35 112 112 195 155 114 0 142 204 154 74 193 216 108 181 47 41 121 148 114 224 152 142 119 34 139 91 219 128 144 189 112 143 114 73 144 141 95 104 114 111 132 138 123 118 79 64 87 84 81 107 130 124 137 151 106 100 85 77 57 47 65 71 81 90 99 105 111 114 112 103 92
64 177 17 169 110 9 165 107 168 160 36 38 141 28 177 30 154 195 8 168 56 40 154 238 152 164 164 88 100 168 32 34 174 17 178 142 0 183 18 80 172 195 114 160 144 171 25 9 136 203 46 9 124 167 10 67 198 196 16 168 170 2 44 80 64 58 54 46 29 33 11 5 21 26 79 82 63 71 68 46 46 43 52 64 130 121 104 106 102 96 78 71 62 53 46 37 38 46 50 49 57
211 252 169 32 251 175 264 205 31 24 158 200 203 173 239 161 32 274 177 31 154 160 32 223 41 27 227 121 251 230 168 148 37 199 276 204 183 0 200 161 35 110 220 24 215 233 168 191 235 118 214 175 230 229 174 165 113 156 190 31 170 184 172 159 205 200 159 162 157 159 175 181 161 156 163 158 155 159 153 165 186 180 197 211 229 220 203 194 171 164 145 142 137 141 150 159 143 138 132 136 139
52 189 30 186 98 26 177 119 185 177 53 31 154 36 189 43 172 207 25 185 68 52 172 243 169 181 177 105 88 181 44 49 191 2 190 154 18 200 0 92 189 212 118 177 153 184 37 10 138 220 34 26 129 180 27 79 215 211 18 185 185 17 50 92 55 50 66 58 44 45 26 21 36 41 91 94 74 83 80 58 48 47 48 52 142 133 116 118 114 109 90 83 75 66 58 53 53 61 65 64 72
82 93 67 147 105 83 104 50 146 138 89 74 73 56 109 56 132 114 80 146 25 41 132 162 130 142 96 61 112 100 49 62 151 93 117 74 80 161 92 0 150 173 60 138 62 103 57 85 76 181 84 83 71 99 81 18 176 124 76 146 109 81 46 2 73 71 27 36 58 53 73 77 69 64 6 12 19 12 15 39 62 56 69 82 70 61 44 35 22 28 24 21 28 36 44 50 61 65 62 53 44
200 241 158 3 240 164 253 195 10 14 147 189 192 162 228 150 22 263 166 6 143 149 22 212 31 8 216 110 241 219 157 137 2 189 266 193 172 35 189 150 0 100 209 14 204 223 158 180 224 107 203 164 219 219 163 154 102 145 179 10 159 173 161 148 195 190 148 152 146 148 164 170 150 145 153 147 144 148 142 154 175 169 186 200 218 209 192 184 160 153 134 131 127 130 139 148 132 127 121 125 128
223 264 181 97 263 187 276 218 96 87 170 212 215 185 251 173 82 286 189 96 166 172 82 145 79 92 239 133 264 243 180 160 101 212 289 216 195 110 212 173 100 0 232 87 228 246 181 203 247 8 226 187 243 242 186 177 22 78 202 96 93 196 184 171 218 213 171 175 169 172 188 193 173 168 176 170 167 171 165 177 198 192 209 223 241 232 216 207 183 176 157 154 150 153 163 171 156 150 144 148 151
70 81 102 206 59 117 63 15 205 196 125 90 107 91 137 89 191 95 114 205 67 78 191 203 188 201 102 119 81 129 83 105 210 119 76 108 114 220 118 60 209 232 0 196 75 122 92 115 21 240 82 117 11 132 115 51 234 166 101 205 150 115 78 62 63 65 62 70 92 87 109 111 102 98 58 66 63 60 62 73 71 71 70 70 30 21 22 33 59 69 82 80 77 84 84 90 103 107 104 95 90
188 229 145 11 228 152 241 182 10 0 135 177 180 150 216 138 8 251 154 10 131 137 8 200 18 6 204 98 228 207 145 124 16 176 253 181 160 24 177 138 14 87 196 0 192 210 145 168 212 95 191 152 207 206 151 142 90 133 167 10 147 161 149 136 182 177 136 139 134 136 152 157 138 133 140 135 132 136 130 142 163 157 174 188 206 197 180 171 148 141 122 119 114 118 127 136 120 114 109 113 116
137 42 129 202 132 144 85 82 200 192 141 145 44 117 65 114 187 67 142 200 86 102 187 178 184 197 33 112 148 57 110 114 206 154 88 47 144 215 153 62 204 228 75 192 0 51 118 147 82 235 149 144 85 61 141 80 230 141 137 200 125 145 107 64 130 135 88 98 116 113 134 140 125 120 67 64 80 73 77 100 129 123 133 137 69 68 53 58 42 50 67 73 83 92 101 107 113 116 114 105 94
180 55 156 220 180 171 109 130 218 210 168 172 37 149 20 141 205 79 169 219 118 133 205 195 202 215 16 120 196 15 142 142 224 185 96 41 171 233 184 103 223 246 122 210 51 0 150 177 108 253 181 171 116 22 169 120 248 157 173 218 142 172 144 103 173 170 125 134 143 141 161 168 152 147 109 93 116 114 110 137 159 153 166 180 94 96 101 107 87 76 94 101 111 119 128 134 140 144 141 132 122
54 154 12 155 104 28 142 84 153 145 37 32 120 5 155 9 140 172 25 154 33 17 140 209 137 150 143 73 95 147 9 21 159 38 155 121 25 168 37 57 158 181 92 145 118 150 0 30 113 188 46 28 102 146 25 44 183 171 29 153 153 26 21 57 50 44 31 23 12 12 18 22 13 13 56 59 40 48 45 23 33 29 39 54 107 98 81 83 79 75 56 49 41 32 24 19 25 33 37 34 38
62 182 24 177 107 17 170 112 176 168 44 33 147 33 182 36 163 200 16 176 61 45 163 236 160 172 170 96 98 174 37 42 182 9 183 148 9 191 10 85 180 203 115 168 147 177 30 0 134 211 44 17 125 173 18 72 206 204 15 176 178 8 47 85 60 54 59 51 37 39 19 14 29 34 84 87 68 76 73 51 46 43 48 62 135 126 109 111 107 102 83 76 68 59 51 46 46 54 58 57 65
90 73 123 221 76 139 50 35 220 212 147 109 113 112 124 111 206 87 136 220 89 99 206 219 204 216 94 135 101 115 105 126 226 138 63 114 136 235 138 76 224 247 21 212 82 108 113 134 0 255 102 139 13 119 137 72 250 181 121 220 166 137 99 78 82 85 83 92 114 108 129 133 123 120 73 81 85 75 83 94 91 91 90 90 20 16 36 48 75 85 98 95 98 105 105 111 124 129 126 117 111
231 272 189 105 271 195 284 226 103 95 178 220 223 193 259 181 90 294 197 103 174 180 90 153 87 99 247 141 271 250 188 168 109 219 297 224 203 118 220 181 107 8 240 95 235 253 188 211 255 0 234 195 250 249 194 185 20 86 210 103 100 204 192 179 225 220 179 182 177 179 195 201 181 176 183 178 175 179 173 185 206 200 217 231 249 240 223 215 191 184 165 162 157 161 170 179 163 158 152 156 159
18 160 51 200 63 56 140 87 199 191 79 15 151 43 187 54 185 174 53 199 64 50 185 240 183 195 175 107 54 178 49 66 204 35 153 152 46 214 34 84 203 226 82 191 149 181 46 44 102 234 0 56 93 177 55 69 229 202 34 199 189 46 36 84 21 21 57 48 57 54 51 51 56 59 83 89 67 75 73 47 21 27 22 18 109 100 96 98 106 106 91 84 77 69 65 61 71 78 82 78 76
71 180 18 161 120 0 167 110 160 152 28 42 141 30 176 32 146 198 3 160 58 42 146 235 144 156 164 80 110 168 35 32 165 25 180 142 9 175 26 83 164 187 117 152 144 171 28 17 139 195 56 0 128 167 3 70 190 192 22 160 167 9 47 83 68 62 56 48 29 34 11 7 19 25 82 87 65 73 71 48 52 46 56 71 133 124 107 109 103 96 77 72 64 55 46 39 36 42 48 47 55
81 80 112 217 62 128 59 26 215 207 136 100 118 101 131 100 202 94 125 215 78 88 202 214 199 211 101 130 85 122 94 115 221 129 72 119 124 230 129 71 219 243 11 207 85 116 102 125 13 250 93 128 0 126 125 61 245 176 112 215 161 126 88 73 73 76 72 81 103 97 119 122 112 109 68 76 74 71 72 83 82 82 81 81 27 21 32 43 70 80 93 90 87 94 94 100 113 117 115 106 100
176 65 152 216 189 167 120 134 214 206 165 168 29 145 12 137 201 90 165 215 114 129 201 178 198 211 27 116 206 7 138 138 220 181 106 34 167 229 180 99 219 242 132 206 61 22 146 173 119 249 177 167 126 0 165 116 244 153 169 214 138 168 140 99 169 166 121 130 139 137 157 164 148 143 105 89 112 110 106 133 155 149 162 176 104 106 111 103 83 72 90 97 107 115 124 130 136 140 137 128 118
69 177 16 160 118 3 165 108 159 151 27 40 138 28 174 29 145 195 3 159 56 40 145 234 143 155 162 79 108 166 32 30 165 26 178 139 10 174 27 81 163 186 115 151 141 169 25 18 137 194 55 3 125 165 0 67 189 192 22 159 166 11 45 81 66 61 54 46 27 32 9 7 17 22 80 84 63 71 68 46 49 44 55 69 130 122 105 106 101 93 75 70 61 52 44 37 34 40 46 45 53
65 113 54 151 88 70 101 43 150 142 77 60 90 43 126 41 136 131 67 150 17 29 136 179 134 146 114 65 95 117 36 54 155 80 114 91 67 165 79 18 154 177 51 142 80 120 44 72 72 185 69 70 61 116 67 0 180 141 64 150 126 68 32 19 56 55 14 23 45 42 60 64 54 51 15 27 14 8 14 26 49 42 53 65 66 57 41 42 40 45 34 31 29 32 34 39 52 57 54 45 39
226 267 183 99 266 190 279 220 98 90 173 215 218 188 254 176 85 288 192 98 169 175 85 148 82 94 242 136 266 245 183 162 104 214 291 219 198 113 215 176 102 22 234 90 230 248 183 206 250 20 229 190 245 244 189 180 0 81 205 98 95 199 187 174 220 215 173 177 172 174 190 195 176 170 178 173 170 174 168 180 201 195 212 226 244 235 218 209 186 179 160 157 152 156 165 174 158 152 147 151 154
201 177 183 142 224 192 208 166 141 133 175 193 127 170 162 162 127 202 194 141 139 154 127 59 125 137 150 123 231 154 163 162 147 212 221 128 196 156 211 124 145 78 166 133 141 157 171 204 181 86 202 192 176 153 192 141 81 0 204 141 31 201 165 124 194 191 146 155 171 162 185 191 175 170 130 114 137 135 131 158 180 174 187 201 174 165 149 135 108 97 115 122 132 140 149 155 158 152 146 148 143
46 172 22 176 97 22 160 102 175 167 50 21 143 25 178 34 161 190 20 175 55 38 161 232 159 171 166 95 87 170 36 42 180 19 173 144 16 190 18 76 179 202 101 167 137 173 29 15 121 210 34 22 112 169 22 64 205 204 0 175 178 16 33 76 48 42 49 39 37 37 23 16 29 34 75 80 59 66 64 38 30 30 36 46 125 116 100 101 98 98 82 75 67 58 50 44 46 54 58 58 63
196 237 154 8 236 160 249 191 0 10 143 185 188 158 224 146 18 259 162 8 139 145 18 208 27 5 212 106 236 215 153 133 8 185 262 189 168 31 185 146 10 96 205 10 200 218 153 176 220 103 199 160 215 214 159 150 98 141 175 0 155 169 157 144 191 186 144 147 142 144 160 166 146 141 149 143 140 144 138 150 171 165 182 196 214 205 188 180 156 149 130 127 122 126 135 144 128 123 117 121 124
190 162 157 157 209 167 193 151 155 147 149 179 111 157 147 144 142 187 169 155 129 139 142 74 139 152 135 97 216 139 149 136 161 186 206 112 170 170 185 109 159 93 150 147 125 142 153 178 166 100 189 167 161 138 166 126 95 31 178 155 0 176 151 108 185 180 131 142 145 143 159 166 149 144 114 99 122 119 116 144 166 160 176 190 158 149 133 120 92 82 100 106 112 121 131 137 132 126 120 123 117
64 178 18 170 110 9 166 108 169 161 37 34 142 29 178 31 155 196 8 169 57 41 155 244 153 165 166 89 100 169 33 35 174 16 179 143 2 184 17 81 173 196 115 161 145 172 26 8 137 204 46 9 126 168 11 68 199 201 16 169 176 0 45 81 62 56 55 47 30 34 12 7 22 28 80 83 64 72 69 47 47 44 50 64 131 122 106 107 103 97 79 72 63 54 47 38 40 47 51 51 58
36 140 31 158 86 47 128 70 157 149 58 28 113 17 149 23 143 158 44 157 26 15 143 202 141 153 137 69 76 140 16 40 162 51 141 114 44 172 50 46 161 184 78 149 107 144 21 47 99 192 36 47 88 140 45 32 187 165 33 157 151 45 0 46 31 25 20 10 26 21 37 42 35 32 45 51 29 37 35 9 15 9 21 36 93 84 68 69 68 68 53 47 40 32 28 26 40 47 49 40 38
82 95 67 145 106 83 106 52 144 136 89 74 72 56 108 56 131 116 80 144 25 41 131 161 128 140 96 59 113 100 49 62 150 93 119 73 80 159 92 2 148 171 62 136 64 103 57 85 78 179 84 83 73 99 81 19 174 124 76 144 108 81 46 0 73 72 27 36 58 53 73 77 69 64 8 10 19 12 14 39 62 56 69 82 72 63 46 37 24 28 22 19 27 35 44 50 60 64 61 52 42
9 140 55 192 59 68 121 68 191 182 83 33 143 47 178 55 177 154 65 191 58 49 177 232 174 187 166 103 49 170 48 70 196 55 133 144 64 205 55 73 195 218 63 182 130 173 50 60 82 225 21 68 73 169 66 56 220 194 48 191 185 62 31 73 0 6 51 45 58 53 60 62 60 63 69 80 57 62 64 40 18 23 12 9 89 80 76 78 91 98 86 80 73 65 61 60 75 79 82 73 72
13 142 50 187 64 62 123 70 186 177 77 27 140 41 175 49 172 157 59 186 53 43 172 229 169 182 163 98 54 167 42 64 191 50 136 141 58 200 50 71 190 213 65 177 135 170 44 54 85 220 21 62 76 166 61 55 215 191 42 186 180 56 25 72 6 0 46 35 52 47 54 56 54 57 68 77 56 61 61 34 12 17 6 13 92 83 82 84 90 95 82 75 68 60 56 54 69 73 77 68 67
56 119 41 145 97 56 112 54 144 136 64 48 95 29 130 28 130 142 53 144 8 15 130 184 128 140 118 58 97 122 22 41 149 66 125 95 54 159 66 27 148 171 62 136 88 125 31 59 83 179 57 56 72 121 54 14 173 146 49 144 131 55 20 27 51 46 0 10 31 27 46 51 41 37 26 32 9 17 16 13 35 29 42 56 77 68 51 53 48 50 37 31 24 21 20 26 40 44 41 32 27
45 133 33 149 96 48 121 63 147 139 56 38 103 21 139 20 134 151 45 148 16 9 134 192 131 144 127 60 86 131 14 35 153 58 133 104 46 162 58 36 152 175 70 139 98 134 23 51 92 182 48 48 81 130 46 23 177 155 39 147 142 47 10 36 45 35 10 0 23 18 38 43 33 29 35 41 19 27 25 3 24 18 31 45 86 77 60 62 58 58 44 37 30 22 18 20 34 42 39 30 29
63 150 15 143 113 29 142 85 142 134 34 43 113 16 149 4 128 173 27 142 34 17 128 202 126 138 137 62 103 140 11 13 147 45 155 114 29 157 44 58 146 169 92 134 116 143 12 37 114 177 57 29 103 139 27 45 172 171 37 142 145 30 26 58 58 52 31 23 0 5 18 25 11 6 57 57 40 49 45 23 42 36 49 63 108 99 82 84 75 68 50 43 34 25 18 9 13 20 25 23 29
57 145 18 146 107 34 137 79 144 136 39 43 110 16 146 3 131 167 32 144 29 12 131 199 128 140 134 61 98 137 6 18 150 46 150 111 33 159 45 53 148 172 87 136 113 141 12 39 108 179 54 34 97 137 32 42 174 162 37 144 143 34 21 53 53 47 27 18 5 0 23 29 16 10 52 55 35 44 40 18 36 30 43 57 102 93 76 78 72 65 47 40 32 23 15 9 16 23 27 25 28
65 170 7 162 115 11 157 100 160 152 28 37 131 20 167 20 147 188 9 160 52 32 147 227 144 157 155 80 105 158 25 23 166 28 170 132 11 175 26 73 164 188 109 152 134 161 18 19 129 195 51 11 119 157 9 60 190 185 23 160 159 12 37 73 60 54 46 38 18 23 0 7 10 16 72 75 55 63 61 39 43 38 49 65 123 114 97 99 93 86 68 61 52 43 35 29 28 35 39 39 46
65 174 14 167 114 7 162 104 166 157 33 36 137 25 173 27 152 192 4 166 53 37 152 234 149 162 161 85 104 165 29 30 171 22 175 138 5 181 21 77 170 193 111 157 140 168 22 14 133 201 51 7 122 164 7 64 195 191 16 166 166 7 42 77 62 56 51 43 25 29 7 0 17 22 76 79 60 68 65 43 46 41 51 65 127 118 101 103 99 93 74 67 59 50 42 35 34 42 45 45 53
64 164 8 147 114 19 152 95 146 138 24 42 122 18 157 13 132 182 17 146 45 27 132 217 130 142 145 66 105 149 20 13 151 37 165 123 21 161 36 69 150 173 102 138 125 152 13 29 123 181 56 19 112 148 17 54 176 175 29 146 149 22 35 69 60 54 41 33 11 16 10 17 0 6 68 68 51 60 56 33 43 37 49 64 117 108 92 93 84 77 58 54 45 36 28 21 17 25 29 29 36
67 156 13 142 117 25 148 91 141 133 28 44 117 18 152 10 127 179 22 141 40 23 127 212 124 137 140 61 108 144 17 8 146 42 161 118 26 156 41 64 145 168 98 133 120 147 13 34 120 176 59 25 109 143 22 51 170 170 34 141 144 28 32 64 63 57 37 29 6 10 16 22 6 0 63 64 46 54 51 30 45 42 52 67 114 105 88 90 79 72 53 50 41 32 23 16 12 20 24 23 31
78 98 66 150 98 82 102 48 149 140 91 73 78 55 114 55 135 120 79 149 24 40 135 167 132 145 102 63 105 106 48 63 154 92 115 79 79 163 91 6 153 176 58 140 67 109 56 84 73 183 83 82 68 105 80 15 178 130 75 149 114 80 45 8 69 68 26 35 57 52 72 76 68 63 0 17 18 8 14 38 61 55 66 78 67 58 41 36 28 33 26 24 28 37 43 49 61 65 62 53 42
88 97 70 144 114 87 110 57 143 135 87 79 63 58 99 55 129 118 84 143 27 42 129 152 127 139 87 57 121 90 51 61 148 95 123 64 82 158 94 12 147 170 66 135 64 93 59 87 81 178 89 87 76 89 84 27 173 114 80 143 99 83 51 10 80 77 32 41 57 55 75 79 68 64 17 0 24 20 17 44 66 60 74 88 75 66 50 39 21 18 20 18 26 34 42 48 59 63 60 51 40
66 111 49 142 101 65 113 56 140 132 74 58 86 39 122 38 127 133 62 140 7 23 127 175 124 136 110 55 107 113 31 47 146 75 126 87 63 155 74 19 144 167 63 132 80 116 40 68 85 175 67 65 74 112 63 14 170 137 59 140 122 64 29 19 57 56 9 19 40 35 55 60 51 46 18 24 0 9 7 22 45 39 52 66 79 70 53 51 41 41 29 24 18 20 26 32 45 49 46 37 30
71 104 58 145 95 73 104 48 144 136 83 65 83 47 119 46 130 126 70 144 15 32 130 172 128 140 107 58 102 111 39 55 149 83 117 84 71 159 83 12 148 171 60 136 73 114 48 76 75 179 75 73 71 110 71 8 174 135 66 144 119 72 37 12 62 61 17 27 49 44 63 68 60 54 8 20 9 0 7 30 52 46 59 71 69 60 44 41 34 39 29 26 23 30 35 41 54 58 55 46 39
71 107 55 139 101 71 112 54 138 130 78 63 80 44 115 43 124 129 68 138 12 29 124 169 122 134 103 53 112 107 37 51 143 81 124 81 68 153 80 15 142 165 62 130 77 110 45 73 83 173 73 71 72 106 68 14 168 131 64 138 116 69 35 14 64 61 16 25 45 40 61 65 56 51 14 17 7 7 0 28 50 44 57 71 77 68 51 49 37 35 22 19 17 25 32 38 49 53 50 41 34
44 135 33 151 95 48 123 65 150 142 56 37 106 20 142 20 136 153 45 150 19 9 136 195 134 146 130 62 85 134 14 35 155 59 136 107 46 165 58 39 154 177 73 142 100 137 23 51 94 185 47 48 83 133 46 26 180 158 38 150 144 47 9 39 40 34 13 3 23 18 39 43 33 30 38 44 22 30 28 0 23 17 30 44 88 79 63 64 61 61 46 39 33 24 21 20 34 41 42 33 31
21 148 38 172 71 52 129 76 171 163 66 21 129 30 164 39 158 163 49 171 42 32 158 218 155 167 152 84 61 156 31 53 177 50 142 130 46 186 48 62 175 198 71 163 129 159 33 46 91 206 21 52 82 155 49 49 201 180 30 171 166 47 15 62 18 12 35 24 42 36 43 46 43 45 61 66 45 52 50 23 0 6 6 21 98 89 76 78 84 84 68 61 54 46 42 43 57 65 63 54 53
27 142 33 166 78 46 130 72 165 157 61 23 123 24 158 33 152 160 43 165 36 26 152 212 149 161 146 78 68 150 25 48 171 47 142 124 43 180 47 56 169 192 71 157 123 153 29 43 91 200 27 46 82 149 44 42 195 174 30 165 160 44 9 56 23 17 29 18 36 30 38 41 37 42 55 60 39 46 44 17 6 0 13 27 95 86 69 71 78 78 62 55 48 40 36 37 50 57 57 48 47
15 147 45 183 65 56 128 75 182 174 72 20 136 36 172 45 168 162 53 182 49 39 168 225 166 178 159 94 55 163 38 59 187 48 141 137 52 197 48 69 186 209 70 174 133 166 39 48 90 217 22 56 81 162 55 53 212 187 36 182 176 50 21 69 12 6 42 31 49 43 49 51 49 52 66 74 52 59 57 30 6 13 0 15 97 88 80 82 88 91 78 71 64 56 53 50 64 70 73 65 63
0 148 60 197 50 71 128 75 196 188 87 32 150 51 186 60 182 162 68 196 63 53 182 239 180 192 174 108 41 177 52 75 201 52 141 151 64 211 52 82 200 223 70 188 137 180 54 62 90 231 18 71 81 176 69 65 226 201 46 196 190 64 36 82 9 13 56 45 63 57 65 65 64 67 78 88 66 71 71 44 21 27 15 0 97 88 84 86 100 105 92 85 79 70 67 64 79 84 88 79 77
97 58 117 215 87 133 36 42 214 206 141 118 100 106 109 105 200 72 130 214 83 93 200 211 198 210 79 129 108 100 99 120 219 143 49 106 130 229 142 70 218 241 30 206 69 94 107 135 20 249 109 133 27 104 130 66 244 174 125 214 158 131 93 72 89 92 77 86 108 102 123 127 117 114 67 75 79 69 77 88 98 95 97 97 0 9 28 41 67 77 92 89 92 99 99 105 118 122 120 111 105
88 60 108 206 78 124 44 33 205 197 132 109 99 97 111 96 191 74 121 205 74 84 191 202 189 201 81 120 99 102 90 111 211 134 57 100 121 220 133 61 209 232 21 197 68 96 98 126 16 240 100 124 21 106 122 57 235 165 116 205 149 122 84 63 80 83 68 77 99 93 114 118 108 105 58 66 70 60 68 79 89 86 88 88 9 0 20 32 58 69 83 80 83 90 90 96 109 114 111 102 96
84 73 91 190 79 107 63 29 188 180 115 92 84 80 116 79 175 92 104 188 57 67 175 186 172 185 91 103 95 107 73 94 194 117 76 85 104 203 116 44 192 216 22 180 53 101 81 109 36 223 96 107 32 111 105 41 218 149 100 188 133 106 68 46 76 82 51 60 82 76 97 101 92 88 41 50 53 44 51 63 76 69 80 84 28 20 0 16 42 53 66 64 67 73 74 79 93 97 94 85 79
86 77 93 181 90 109 75 40 180 171 116 94 77 82 112 80 166 99 106 180 57 69 166 172 163 176 94 94 106 104 75 96 185 119 88 77 106 194 118 35 184 207 33 171 58 107 83 111 48 215 98 109 43 103 106 42 209 135 101 180 120 107 69 37 78 84 53 62 84 78 99 103 93 90 36 39 51 41 49 64 78 71 82 86 41 32 16 0 28 39 53 55 63 71 75 81 94 98 95 86 77
100 81 88 157 116 103 102 59 156 148 100 96 56 78 92 73 142 103 101 156 46 63 142 145 140 152 74 70 123 83 71 73 161 115 115 57 102 171 114 22 160 183 59 148 42 87 79 107 75 191 106 103 70 83 101 40 186 108 98 156 92 103 68 24 91 90 48 58 75 72 93 99 84 79 28 21 41 34 37 61 84 78 88 100 67 58 42 28 0 11 26 32 42 51 60 66 72 76 73 64 53
105 86 81 150 128 96 112 70 149 141 93 97 46 74 81 66 135 113 94 149 43 58 135 135 133 145 69 59 135 73 66 66 154 109 125 47 96 164 109 28 153 176 69 141 50 76 75 102 85 184 106 96 80 72 93 45 179 97 98 149 82 97 68 28 98 95 50 58 68 65 86 93 77 72 33 18 41 39 35 61 84 78 91 105 77 69 53 39 11 0 19 25 35 44 53 59 65 69 66 57 46
92 103 63 131 121 77 126 72 130 122 74 81 64 57 99 47 116 129 75 130 30 41 116 153 114 126 87 45 133 91 53 48 135 91 139 65 78 145 90 24 134 157 82 122 67 94 56 83 98 165 91 77 93 90 75 34 160 115 82 130 100 79 53 22 86 82 37 44 50 47 68 74 58 53 26 20 29 29 22 46 68 62 78 92 92 83 66 53 26 19 0 7 15 23 34 41 46 50 47 38 27
85 112 56 128 118 72 124 69 127 119 71 75 70 50 106 40 113 134 69 127 23 34 113 159 111 123 94 41 126 98 46 45 132 84 137 71 71 142 83 21 131 154 80 119 73 101 49 76 95 162 84 72 90 97 70 31 157 122 75 127 106 72 47 19 80 75 31 37 43 40 61 67 54 50 24 18 24 26 19 39 61 55 71 85 89 80 64 55 32 25 7 0 10 19 27 34 43 47 44 35 24
79 120 47 124 116 64 127 69 122 114 62 68 80 45 116 32 109 142 61 123 17 28 109 169 106 119 104 37 119 108 38 35 128 76 140 81 62 137 75 28 127 150 77 114 83 111 41 68 98 157 77 64 87 107 61 29 152 132 67 122 112 63 40 27 73 68 24 30 34 32 52 59 45 41 28 26 18 23 17 33 54 48 64 79 92 83 67 63 42 35 15 10 0 9 19 25 34 38 35 26 15
70 129 38 127 111 55 134 76 126 118 54 60 89 36 125 23 113 150 52 126 18 19 113 178 110 122 113 41 111 116 29 27 132 67 147 90 53 141 66 36 130 153 84 118 92 119 32 59 105 161 69 55 94 115 52 32 156 140 58 126 121 54 32 35 65 60 21 22 25 23 43 50 36 32 37 34 20 30 25 24 46 40 56 70 99 90 73 71 51 44 23 19 9 0 10 16 25 29 26 17 10
67 136 31 137 107 46 134 77 135 127 51 55 98 28 133 15 122 164 44 135 20 16 122 187 119 132 121 49 107 125 21 23 141 59 147 99 46 150 58 44 139 163 84 127 101 128 24 51 105 170 65 46 94 124 44 34 165 149 50 135 131 47 28 44 61 56 20 18 18 15 35 42 28 23 43 42 26 35 32 21 42 36 53 67 99 90 74 75 60 53 34 27 19 10 0 9 22 30 27 18 16
64 142 22 145 115 39 140 82 144 136 44 50 104 23 140 10 130 170 37 144 26 13 130 193 128 140 128 55 105 131 15 17 149 53 153 105 37 159 53 50 148 171 90 136 107 134 19 46 111 179 61 39 100 130 37 39 174 155 44 144 137 38 26 50 60 54 26 20 9 9 29 35 21 16 49 48 32 41 38 20 43 37 50 64 105 96 79 81 66 59 41 34 25 16 9 0 15 22 27 25 22
79 153 25 130 129 36 153 95 128 120 31 57 110 30 145 18 115 175 34 128 39 26 115 200 112 125 133 48 120 137 25 4 134 54 166 111 38 143 53 61 132 156 103 120 113 140 25 46 124 163 71 36 113 136 34 52 158 158 46 128 132 40 40 60 75 69 40 34 13 16 28 34 17 12 61 59 45 54 49 34 57 50 64 79 118 109 93 94 72 65 46 43 34 25 22 15 0 8 12 15 24
84 157 33 124 134 42 157 100 123 114 37 64 114 37 149 25 109 179 40 123 43 33 109 194 106 119 137 42 124 141 32 12 128 62 170 114 46 138 61 65 127 150 107 114 116 144 33 54 129 158 78 42 117 140 40 57 152 152 54 123 126 47 47 64 79 73 44 42 20 23 35 42 25 20 65 63 49 58 53 41 65 57 70 84 122 114 97 98 76 69 50 47 38 29 30 22 8 0 6 14 20
88 154 37 118 128 48 154 97 117 109 43 68 111 41 146 29 103 176 46 117 40 37 103 188 101 113 134 37 128 138 36 16 122 66 167 112 50 132 65 62 121 144 104 109 114 141 37 58 126 152 82 48 115 137 46 54 147 146 58 117 120 51 49 61 82 77 41 39 25 27 39 45 29 24 62 60 46 55 50 42 63 57 73 88 120 111 94 95 73 66 47 44 35 26 27 27 12 6 0 8 14
79 145 36 122 119 47 146 88 121 113 43 65 102 38 137 27 107 167 45 121 32 28 107 191 105 117 125 41 119 129 34 17 126 65 158 103 49 136 64 53 125 148 95 113 105 132 34 57 117 156 78 47 106 128 45 45 151 148 58 121 123 51 40 52 73 68 32 30 23 25 39 45 29 23 53 51 37 46 41 33 54 48 65 79 111 102 85 86 64 57 38 35 26 17 18 25 15 14 8 0 7
77 135 44 125 118 55 140 82 124 116 53 66 91 42 127 29 111 156 53 124 25 26 111 185 108 120 115 33 118 118 35 26 130 73 153 92 57 139 72 44 128 151 90 116 94 122 38 65 111 159 76 55 100 118 53 39 154 143 63 124 117 58 38 42 72 67 27 29 29 28 46 53 36 31 42 40 30 39 34 31 53 47 63 77 105 96 79 77 53 46 27 24 15 10 16 22 24 20 14 7 0