0 46 206 196 87 33 198 229 77 131 38 38 167 221 42 12 239 126 200 66 144 226 32 194 60 234 158 21 190 38 188 185 50 83 203 179 86 60 159 129 53 177 141 39 206 47 164 26 210 198 136 142 57 134 180 63 143 55 86 66 135 64 36 82 9 13 56 45 63 57 65 65 64 67 78 88 66 71 71 44 21 27 15 0 97 88 84 86 100 105 92 85 79 70 67 64 79 84 88 79 77
46 0 168 154 74 79 160 187 44 134 15 15 125 178 39 35 201 99 158 36 141 183 45 151 52 192 116 33 147 15 150 143 29 46 160 137 86 48 121 90 58 135 144 60 168 37 125 24 172 156 98 103 37 96 137 29 105 68 86 36 97 38 10 47 42 36 20 12 18 13 30 34 27 24 46 51 30 38 36 11 25 19 32 46 97 88 71 73 69 67 50 43 36 28 24 20 32 39 44 37 35
206 168 0 244 152 228 179 205 197 157 181 181 149 269 206 194 157 109 248 195 111 274 210 242 216 283 160 197 162 181 169 168 194 190 251 227 150 211 47 102 222 225 147 178 9 204 145 189 191 246 94 91 200 94 228 190 84 234 150 195 93 198 169 128 199 196 150 159 169 166 187 193 178 173 134 119 142 139 136 162 185 179 192 206 145 147 152 139 112 102 120 126 136 145 154 160 166 169 167 158 147
196 154 244 0 188 229 138 102 160 252 170 170 173 93 186 185 208 192 5 167 234 98 197 66 190 107 164 185 151 170 143 191 168 145 75 18 203 185 197 169 196 20 262 187 244 183 154 177 142 3 177 182 177 174 28 166 181 213 203 167 175 169 157 145 191 186 144 148 142 145 161 166 146 141 149 143 141 144 138 150 171 166 182 196 214 205 189 180 156 149 130 127 123 126 136 144 129 123 117 121 124
87 74 152 188 0 90 144 221 114 69 79 79 114 213 107 85 185 46 192 106 73 218 107 186 125 226 120 89 128 79 134 133 100 113 195 171 20 121 105 66 122 169 79 50 152 108 110 83 156 190 74 79 110 71 172 99 79 131 20 106 72 108 70 45 79 84 54 63 85 79 100 104 94 91 44 49 58 49 56 65 79 72 83 87 31 22 6 15 41 52 65 63 71 79 76 82 95 99 97 88 82
33 79 228 229 90 0 220 262 104 131 71 71 189 254 71 45 261 129 233 95 143 259 58 227 84 267 191 54 203 71 210 218 82 116 236 212 84 85 180 147 78 210 141 53 228 75 185 58 232 231 155 160 86 153 213 94 161 80 84 95 154 92 68 105 42 46 89 78 96 90 97 97 97 100 97 113 99 94 104 77 54 60 48 33 96 87 87 98 116 127 125 118 111 103 100 97 112 117 120 112 110
198 160 179 138 144 220 0 45 189 208 173 173 50 73 199 187 56 128 142 190 178 78 202 78 214 86 59 189 23 173 15 29 193 173 97 121 159 209 132 106 220 119 218 170 179 197 51 181 22 140 114 119 198 111 122 186 116 226 159 190 112 198 161 120 191 188 143 151 168 158 182 188 172 167 126 111 134 131 128 154 177 171 184 198 170 161 145 132 104 94 112 118 128 137 146 152 154 149 143 145 140
229 187 205 102 221 262 45 0 193 285 203 203 85 36 219 218 106 224 105 200 267 41 230 42 223 50 94 218 58 203 50 63 201 178 61 84 236 218 167 202 229 83 295 220 213 216 86 210 49 104 210 215 210 207 85 199 151 245 236 200 208 202 190 177 224 219 177 181 175 177 194 199 179 174 182 176 173 177 171 183 204 198 215 229 247 238 222 213 189 182 163 160 156 159 169 177 162 156 150 154 157
77 44 197 160 114 104 189 193 0 175 41 41 144 185 39 64 235 135 164 14 181 190 56 158 34 199 135 52 166 41 186 162 26 23 167 143 126 29 150 120 39 141 185 93 197 33 125 51 201 162 128 133 21 125 144 16 134 56 126 14 126 13 52 87 74 68 61 53 32 38 15 13 22 28 86 90 70 78 75 53 57 51 62 77 137 128 112 113 103 96 78 75 67 58 49 43 37 41 48 48 56
131 134 157 252 69 131 208 285 175 0 140 140 177 276 167 129 249 76 255 166 46 281 157 249 186 290 183 138 191 140 197 197 160 173 258 234 50 181 142 104 178 233 12 95 157 169 173 138 220 254 107 102 170 109 235 160 109 181 50 166 110 169 131 109 123 126 115 123 145 139 160 164 155 151 105 113 116 107 114 126 132 132 131 131 39 47 66 78 105 115 129 127 130 137 137 142 156 160 157 148 143
38 15 181 170 79 71 173 203 41 140 0 0 143 194 28 25 214 119 174 31 146 200 31 168 46 208 131 22 163 0 163 158 19 45 177 153 91 42 134 104 43 151 150 53 181 28 139 14 185 172 112 117 31 109 154 26 118 53 91 31 110 34 12 58 34 28 32 22 29 26 27 30 27 31 57 63 41 49 47 21 17 11 23 38 102 93 77 79 80 80 65 58 52 43 38 34 41 49 53 51 50
38 15 181 170 79 71 173 203 41 140 0 0 143 194 28 25 214 119 174 31 146 200 31 168 46 208 131 22 163 0 163 158 19 45 177 153 91 42 134 104 43 151 150 53 181 28 139 14 185 172 112 117 31 109 154 26 118 53 91 31 110 34 12 58 34 28 32 22 29 26 27 30 27 31 57 63 41 49 47 21 17 11 23 38 102 93 77 79 80 80 65 58 52 43 38 34 41 49 53 51 50
167 125 149 173 114 189 50 85 144 177 143 143 0 112 166 156 96 98 176 145 148 117 171 170 168 126 9 159 33 143 47 39 148 128 179 155 128 164 101 75 174 154 187 140 149 163 21 150 62 175 83 88 153 80 156 140 85 191 128 145 81 152 131 90 160 157 112 121 122 120 136 143 126 121 96 80 103 101 97 124 146 140 153 167 140 131 115 101 73 63 81 88 89 97 108 114 109 103 97 100 94
221 178 269 93 213 254 73 36 185 276 194 194 112 0 211 209 143 216 97 192 259 8 222 33 215 35 188 210 85 194 77 91 192 169 52 76 227 210 222 194 221 74 286 212 269 208 114 201 77 95 202 207 202 199 77 191 206 237 227 192 200 194 182 169 215 210 168 172 167 169 185 190 171 165 173 168 165 169 163 175 196 190 206 221 239 230 213 204 181 174 155 152 147 151 160 169 153 147 142 146 149
42 39 206 186 107 71 199 219 39 167 28 28 166 211 0 36 240 146 190 30 173 216 17 184 23 224 157 27 189 28 188 184 18 57 193 169 118 19 159 129 20 167 177 75 207 10 164 28 210 188 137 142 20 134 170 31 143 30 118 30 135 27 39 86 45 40 59 47 48 48 34 31 40 46 85 90 69 76 74 46 37 36 38 42 130 121 104 106 107 106 87 80 74 65 60 55 58 65 69 69 72
12 35 194 185 85 45 187 218 64 129 25 25 156 209 36 0 228 125 188 53 143 214 29 182 54 223 147 11 178 25 176 174 38 70 191 167 84 54 147 117 47 166 140 37 195 39 152 13 198 187 125 130 46 122 168 50 131 52 84 53 123 52 24 71 10 4 45 34 51 46 52 53 51 54 69 76 55 62 60 33 8 16 2 12 96 87 83 85 91 94 81 74 67 59 55 53 66 72 76 67 66
239 201 157 208 185 261 56 106 235 249 214 214 96 143 240 228 0 169 212 236 219 148 243 148 249 157 105 230 69 214 53 74 227 219 167 191 200 244 168 147 255 189 259 211 165 237 97 222 35 210 155 160 233 152 192 231 157 267 200 236 153 244 202 161 232 229 184 192 202 199 227 234 217 212 167 152 175 172 169 195 218 212 225 239 211 202 186 172 145 135 153 159 169 178 187 193 200 194 188 191 185
126 99 109 192 46 129 128 224 135 76 119 119 98 216 146 125 169 0 195 133 50 221 147 189 151 230 109 129 111 119 118 117 139 128 198 174 60 146 66 27 161 173 77 90 109 148 94 123 140 193 30 26 135 33 175 125 33 170 60 133 34 136 110 55 119 124 79 88 107 104 125 131 116 111 58 55 71 64 67 91 118 111 122 126 58 57 42 47 33 41 58 64 74 83 92 98 103 107 105 96 85
200 158 248 5 192 233 142 105 164 255 174 174 176 97 190 188 212 195 0 171 238 102 201 70 194 111 168 189 154 174 146 194 171 148 79 22 207 189 201 173 200 23 265 191 248 187 158 180 146 3 181 186 181 178 31 170 185 216 207 171 179 173 161 148 194 189 148 151 146 148 164 170 150 145 152 147 144 148 142 154 175 169 186 200 218 209 192 183 160 153 134 131 126 130 139 148 132 127 121 125 128
66 36 195 167 106 95 190 200 14 166 31 31 145 192 30 53 236 133 171 0 172 197 47 165 24 206 136 42 167 31 177 163 15 30 174 150 117 20 148 118 30 148 176 84 195 24 126 40 202 169 126 131 11 123 151 8 132 47 117 0 124 4 43 79 63 57 52 44 27 31 9 3 19 24 78 81 61 69 67 45 45 42 51 66 129 120 103 105 101 95 76 69 61 52 44 37 36 44 47 47 55
144 141 111 234 73 143 178 267 181 46 146 146 148 259 173 143 219 50 238 172 0 264 171 232 192 272 159 156 161 146 168 167 166 174 241 217 59 188 87 77 189 215 36 108 111 175 144 150 190 236 71 67 176 74 218 166 74 194 59 172 86 175 137 91 137 139 116 130 147 142 166 171 161 153 95 94 108 101 104 132 145 139 144 144 55 57 69 74 78 89 104 109 117 125 133 139 150 154 151 142 131
226 183 274 98 218 259 78 41 190 281 200 200 117 8 216 214 148 221 102 197 264 0 227 38 220 31 193 215 90 200 82 96 197 174 57 81 233 215 227 199 226 79 291 217 274 213 119 206 82 100 207 212 207 204 82 196 211 242 233 197 205 199 187 174 220 215 173 177 172 174 190 195 176 170 178 173 170 174 168 180 201 195 212 226 244 235 218 209 186 179 160 157 152 156 165 174 158 152 147 151 154
32 45 210 197 107 58 202 230 56 157 31 31 171 222 17 29 243 147 201 47 171 227 0 195 30 236 160 19 191 31 192 187 34 72 204 180 112 31 163 132 22 179 168 65 210 27 167 25 214 199 140 145 38 138 181 46 147 27 112 47 139 44 40 87 35 32 60 51 55 55 49 49 54 57 86 92 70 77 75 50 31 35 30 32 124 115 104 106 109 109 94 87 80 72 67 62 69 77 80 78 79
194 151 242 66 186 227 78 42 158 249 168 168 170 33 184 182 148 189 70 165 232 38 195 0 188 47 161 183 91 168 83 96 165 142 42 49 201 183 195 167 194 47 259 185 242 181 152 174 82 68 175 180 175 172 50 164 179 210 201 165 173 167 155 142 188 183 142 145 140 142 158 163 144 138 146 141 138 142 136 148 169 163 180 194 212 203 186 177 154 147 128 125 120 124 133 142 126 120 115 119 122
60 52 216 190 125 84 214 223 34 186 46 46 168 215 23 54 249 151 194 24 192 220 30 188 0 229 160 45 191 46 198 186 29 53 197 173 137 9 169 138 15 171 196 93 216 26 150 47 226 192 146 152 15 144 174 29 153 25 137 24 145 22 56 98 63 58 72 64 50 52 33 27 42 48 98 100 81 89 86 64 56 53 56 60 148 139 123 124 120 115 97 90 81 72 65 59 60 67 71 71 78
234 192 283 107 226 267 86 50 199 290 208 208 126 35 224 223 157 230 111 206 272 31 236 47 229 0 202 223 99 208 91 105 206 183 66 90 241 224 235 207 234 88 300 225 283 222 127 215 90 109 215 220 216 213 91 204 219 251 241 206 214 208 195 183 229 224 182 186 180 183 199 204 184 179 187 181 179 182 176 188 210 204 220 234 253 244 227 218 194 187 168 165 161 165 174 182 167 161 155 160 163
158 116 160 164 120 191 59 94 135 183 131 131 9 188 157 147 105 109 168 136 159 193 160 161 160 202 0 147 42 131 56 55 139 119 170 147 134 155 112 86 165 145 193 146 160 155 29 139 71 166 94 99 144 91 147 131 97 182 134 136 93 144 119 96 153 148 104 110 113 111 127 134 117 112 102 86 98 107 103 112 134 128 144 158 146 137 121 107 80 69 87 87 80 89 99 105 100 94 88 91 85
21 33 197 185 89 54 189 218 52 138 22 22 159 210 27 11 230 129 189 42 156 215 19 183 45 223 147 0 178 22 179 174 26 64 192 168 93 45 150 120 38 166 148 46 197 30 155 8 201 187 128 133 33 125 169 39 134 43 93 42 126 39 26 74 21 15 48 38 47 44 42 41 46 49 73 79 57 65 63 37 11 17 11 21 104 96 86 88 96 96 81 74 67 59 56 51 61 68 72 68 66
190 147 162 151 128 203 23 58 166 191 163 163 33 85 189 178 69 111 154 167 161 90 191 91 191 99 42 178 0 163 20 6 170 150 110 133 142 186 115 89 197 132 201 153 162 186 34 170 35 153 97 102 175 94 134 163 99 213 142 167 95 175 151 104 174 179 126 141 145 143 159 165 149 144 109 94 117 115 111 144 165 159 175 190 153 145 129 115 87 77 95 101 111 120 130 136 131 126 120 122 117
38 15 181 170 79 71 173 203 41 140 0 0 143 194 28 25 214 119 174 31 146 200 31 168 46 208 131 22 163 0 163 158 19 45 177 153 91 42 134 104 43 151 150 53 181 28 139 14 185 172 112 117 31 109 154 26 118 53 91 31 110 34 12 58 34 28 32 22 29 26 27 30 27 31 57 63 41 49 47 21 17 11 23 38 102 93 77 79 80 80 65 58 52 43 38 34 41 49 53 51 50
188 150 169 143 134 210 15 50 186 197 163 163 47 77 188 176 53 118 146 177 168 82 192 83 198 91 56 179 20 163 0 26 176 170 102 125 149 193 122 95 203 124 208 160 169 186 45 171 19 145 103 109 182 101 126 171 106 215 149 177 102 180 151 110 180 177 132 141 151 148 169 175 159 154 116 101 124 121 117 144 166 160 174 188 160 151 135 121 94 83 101 108 118 127 135 142 151 145 140 142 129
185 143 168 191 133 218 29 63 162 197 158 158 39 91 184 174 74 117 194 163 167 96 187 96 186 105 55 174 6 158 26 0 166 146 115 173 148 182 121 95 192 172 207 159 168 181 40 166 41 193 102 108 171 100 174 158 105 209 148 163 101 171 146 109 180 175 131 137 140 138 154 161 144 139 115 100 125 120 116 139 160 154 171 185 159 150 134 120 93 95 100 113 107 115 126 132 127 121 115 118 112
50 29 194 168 100 82 193 201 26 160 19 19 148 192 18 38 227 139 171 15 166 197 34 165 29 206 139 26 170 19 176 166 0 38 174 150 111 25 147 116 35 149 170 72 194 16 130 25 205 170 124 130 14 122 151 12 131 48 111 15 123 18 31 73 48 42 47 37 29 30 16 15 22 27 72 78 56 64 62 36 30 29 36 50 123 114 97 99 95 93 75 68 59 50 43 37 39 47 51 50 56
83 46 190 145 113 116 173 178 23 173 45 45 128 169 57 70 219 128 148 30 174 174 72 142 53 183 119 64 150 45 170 146 38 0 151 127 125 48 142 112 59 126 184 98 190 53 110 57 185 147 120 125 40 117 128 29 126 76 125 30 119 32 53 84 78 73 60 52 29 35 24 29 20 23 87 83 70 78 73 52 61 56 68 83 136 127 110 112 96 89 70 67 58 49 46 40 27 33 38 39 48
203 160 251 75 195 236 97 61 167 258 177 177 179 52 193 191 167 198 79 174 241 57 204 42 197 66 170 192 110 177 102 115 174 151 0 58 210 192 204 176 203 56 268 194 251 190 161 183 101 77 184 189 184 181 59 173 188 219 210 174 182 176 164 151 197 192 151 154 149 151 167 172 153 148 155 150 147 151 145 157 178 172 189 203 221 212 195 186 163 156 137 134 129 133 142 151 135 129 124 128 131
179 137 227 18 171 212 121 84 143 234 153 153 155 76 169 167 191 174 22 150 217 81 180 49 173 90 147 168 133 153 125 173 150 127 58 0 186 168 180 152 179 16 244 170 227 166 137 159 125 20 160 165 160 157 26 149 164 195 186 150 158 152 140 127 173 168 127 130 125 127 143 149 129 124 131 126 123 127 121 133 154 148 165 179 197 188 171 162 139 132 113 110 105 109 118 127 111 106 100 104 107
86 86 150 203 20 84 159 236 126 50 91 91 128 227 118 84 200 60 207 117 59 233 112 201 137 241 134 93 142 91 149 148 111 125 210 186 0 133 120 80 133 184 60 49 150 120 125 95 171 205 88 86 121 85 187 111 94 135 0 117 87 120 82 60 78 81 66 75 96 91 111 116 106 102 56 64 67 58 66 77 86 83 86 86 12 3 17 29 56 66 80 78 81 88 88 94 107 111 108 99 94
60 48 211 185 121 85 209 218 29 181 42 42 164 210 19 54 244 146 189 20 188 215 31 183 9 224 155 45 186 42 193 182 25 48 192 168 133 0 164 134 16 166 192 92 211 22 146 43 221 187 142 147 11 139 169 25 148 32 133 20 140 17 53 94 63 58 68 60 46 47 28 23 38 43 93 96 76 85 82 60 51 49 54 60 144 135 118 120 116 111 92 85 77 68 60 55 55 63 67 66 74
159 121 47 197 105 180 132 167 150 142 134 134 101 222 159 147 168 66 201 148 87 227 163 195 169 235 112 150 115 134 122 121 147 142 204 180 120 164 0 53 174 178 124 131 47 157 98 141 144 199 47 46 153 47 181 142 37 186 120 148 46 151 122 81 151 148 103 112 122 119 140 146 130 125 87 72 95 92 88 115 137 131 145 159 117 111 106 92 65 54 72 79 89 98 106 113 118 122 119 110 100
129 90 102 169 66 147 106 202 120 104 104 104 75 194 129 117 147 27 173 118 77 199 132 167 138 207 86 120 89 104 95 95 116 112 176 152 80 134 53 0 144 150 105 98 102 127 71 111 118 171 13 19 123 11 153 112 19 156 80 118 12 121 92 51 121 118 73 82 91 89 110 116 100 95 57 42 65 62 58 85 107 101 114 129 81 75 60 53 32 24 42 49 59 67 76 82 88 92 89 80 70
53 58 222 196 122 78 220 229 39 178 43 43 174 221 20 47 255 161 200 30 189 226 22 194 15 234 165 38 197 43 203 192 35 59 203 179 133 16 174 144 0 177 188 86 222 30 156 42 232 198 152 157 21 149 180 35 158 17 133 30 151 27 54 101 56 51 74 65 56 58 39 33 48 53 100 105 84 91 89 64 49 51 48 53 144 135 119 121 123 121 102 95 87 78 70 65 66 73 77 77 84
177 135 225 20 169 210 119 83 141 233 151 151 154 74 167 166 189 173 23 148 215 79 179 47 171 88 145 166 132 151 124 172 149 126 56 16 184 166 178 150 177 0 243 168 225 164 135 158 123 21 158 163 158 155 11 147 162 194 184 148 156 150 138 126 172 167 125 129 123 126 142 147 127 122 130 124 122 125 119 131 152 147 163 177 195 186 170 161 137 130 111 108 104 107 117 125 110 104 98 102 105
141 144 147 262 79 141 218 295 185 12 150 150 187 286 177 140 259 77 265 176 36 291 168 259 196 300 193 148 201 150 208 207 170 184 268 244 60 192 124 105 188 243 0 105 147 179 183 148 230 264 108 103 180 110 245 170 110 191 60 176 111 179 141 119 133 136 125 133 155 150 170 175 165 161 115 123 126 117 124 136 142 142 141 141 49 57 76 88 115 125 139 137 140 147 147 153 166 170 167 158 153
39 60 178 187 50 53 170 220 93 95 53 53 140 212 75 37 211 90 191 84 108 217 65 185 93 225 146 46 153 53 160 159 72 98 194 170 49 92 131 98 86 168 105 0 178 77 136 46 182 189 106 111 81 103 171 79 112 88 49 84 104 86 49 56 31 33 49 50 72 66 80 82 79 78 47 64 50 44 50 50 40 42 38 39 61 52 48 54 66 77 71 67 66 68 67 69 82 90 88 79 75
206 168 9 244 152 228 179 213 197 157 181 181 149 269 207 195 165 109 248 195 111 274 210 242 216 283 160 197 162 181 169 168 194 190 251 227 150 211 47 102 222 225 147 178 0 204 145 189 191 246 94 91 200 94 228 190 84 234 150 195 93 198 169 128 199 196 151 159 169 166 187 193 178 173 134 119 142 139 136 162 185 179 192 206 145 147 152 139 112 102 120 126 136 145 154 160 166 169 167 158 147
47 37 204 183 108 75 197 216 33 169 28 28 163 208 10 39 237 148 187 24 175 213 27 181 26 222 155 30 186 28 186 181 16 53 190 166 120 22 157 127 30 164 179 77 204 0 162 28 208 185 135 140 15 132 167 26 141 40 120 24 133 21 38 82 50 43 55 45 45 45 31 25 38 43 81 86 65 72 70 44 36 35 39 47 131 122 105 107 103 104 85 78 72 63 58 52 55 62 66 66 70
164 125 145 154 110 185 51 86 125 173 139 139 21 114 164 152 97 94 158 126 144 119 167 152 150 127 29 155 34 139 45 40 130 110 161 137 125 146 98 71 156 135 183 136 145 162 0 146 63 156 79 84 134 77 138 122 82 172 125 126 78 134 127 86 156 153 108 117 104 124 118 124 108 103 92 77 100 97 93 120 142 136 149 164 136 127 111 97 70 59 77 84 94 103 111 118 90 85 79 81 76
26 24 189 177 83 58 181 210 51 138 14 14 150 201 28 13 222 123 180 40 150 206 25 174 47 215 139 8 170 14 171 166 25 57 183 159 95 43 141 111 42 158 148 46 189 28 146 0 193 179 119 124 32 117 160 37 125 49 95 40 118 39 19 66 23 17 39 30 40 35 40 40 38 41 65 71 49 56 54 29 8 12 11 26 106 97 81 83 88 88 73 66 59 51 47 43 53 61 65 59 58
210 172 191 142 156 232 22 49 201 220 185 185 62 77 210 198 35 140 146 202 190 82 214 82 226 90 71 201 35 185 19 41 205 185 101 125 171 221 144 118 232 123 230 182 191 208 63 193 0 144 126 131 210 123 126 197 128 237 171 202 124 210 173 132 202 200 154 163 180 170 194 200 183 178 138 123 146 143 140 166 188 183 196 210 182 173 157 143 116 106 124 130 140 149 158 164 166 160 155 157 151
198 156 246 3 190 231 140 104 162 254 172 172 175 95 188 187 210 193 3 169 236 100 199 68 192 109 166 187 153 172 145 193 170 147 77 20 205 187 199 171 198 21 264 189 246 185 156 179 144 0 179 184 179 176 30 168 183 214 205 169 177 171 159 146 193 188 146 150 144 146 163 168 148 143 151 145 142 146 140 152 173 167 184 198 216 207 191 182 158 151 132 129 125 128 138 146 131 125 119 123 126
136 98 94 177 74 155 114 210 128 107 112 112 83 202 137 125 155 30 181 126 71 207 140 175 146 215 94 128 97 112 103 102 124 120 184 160 88 142 47 13 152 158 108 106 94 135 79 119 126 179 0 7 131 6 161 120 11 164 88 126 11 129 100 59 129 126 81 90 99 97 118 124 108 103 65 50 73 70 66 93 115 109 122 136 89 83 68 61 40 32 50 57 67 75 84 90 96 100 97 88 78
142 103 91 182 79 160 119 215 133 102 117 117 88 207 142 130 160 26 186 131 67 212 145 180 152 220 99 133 102 117 109 108 130 125 189 165 86 147 46 19 157 163 103 111 91 140 84 124 131 184 7 0 136 10 166 125 11 169 86 131 17 134 105 64 134 131 86 95 105 102 123 129 113 108 70 55 78 75 71 98 120 114 127 142 84 83 68 66 45 37 55 62 72 81 89 96 101 105 102 93 83
57 37 200 177 110 86 198 210 21 170 31 31 153 202 20 46 233 135 181 11 176 207 38 175 15 216 144 33 175 31 182 171 14 40 184 160 121 11 153 123 21 158 180 81 200 15 134 32 210 179 131 136 0 128 161 13 137 37 121 11 129 9 42 83 55 49 56 48 35 36 17 11 27 32 82 85 65 73 71 48 41 39 43 57 133 124 107 109 105 99 81 74 66 57 49 43 44 52 55 55 63
134 96 94 174 71 153 111 207 125 109 109 109 80 199 134 122 152 33 178 123 74 204 138 172 144 213 91 125 94 109 101 100 122 117 181 157 85 139 47 11 149 155 110 103 94 132 77 117 123 176 6 10 128 0 158 117 11 161 85 123 8 126 97 56 126 123 78 87 97 94 115 121 105 100 62 47 70 67 63 90 112 106 120 134 87 80 66 58 38 29 47 54 64 73 81 88 93 97 94 85 75
180 137 228 28 172 213 122 85 144 235 154 154 156 77 170 168 192 175 31 151 218 82 181 50 174 91 147 169 134 154 126 174 151 128 59 26 187 169 181 153 180 11 245 171 228 167 138 160 126 30 161 166 161 158 0 150 165 196 187 151 159 153 141 128 174 169 128 131 126 128 144 149 130 124 132 127 124 128 122 134 155 149 166 180 198 189 172 163 140 133 114 111 106 110 119 128 112 106 101 105 108
63 29 190 166 99 94 186 199 16 160 26 26 140 191 31 50 231 125 170 8 166 196 46 164 29 204 131 39 163 26 171 158 12 29 173 149 111 25 142 112 35 147 170 79 190 26 122 37 197 168 120 125 13 117 150 0 126 51 111 8 119 11 37 72 60 54 46 38 22 26 6 6 14 19 71 74 55 63 60 38 42 37 48 63 122 113 97 98 94 89 70 63 55 46 38 30 31 39 43 43 50
143 105 84 181 79 161 116 151 134 109 118 118 85 206 143 131 157 33 185 132 74 211 147 179 153 219 97 134 99 118 106 105 131 126 188 164 94 148 37 19 158 162 110 112 84 141 82 125 128 183 11 11 137 11 165 126 0 170 94 132 13 135 106 65 135 132 87 96 106 103 124 130 114 109 71 56 79 76 72 99 121 115 129 143 95 89 74 66 46 38 56 63 73 82 90 97 102 106 103 94 84
55 68 234 213 131 80 226 245 56 181 53 53 191 237 30 52 267 170 216 47 194 242 27 210 25 251 182 43 213 53 215 209 48 76 219 195 135 32 186 156 17 194 191 88 234 40 172 49 237 214 164 169 37 161 196 51 170 0 135 47 162 44 64 111 58 58 84 75 73 74 55 50 65 70 110 115 94 101 99 74 55 59 54 55 147 138 128 130 132 133 119 112 104 95 87 81 82 90 93 93 101
86 86 150 203 20 84 159 236 126 50 91 91 128 227 118 84 200 60 207 117 59 233 112 201 137 241 134 93 142 91 149 148 111 125 210 186 0 133 120 80 133 184 60 49 150 120 125 95 171 205 88 86 121 85 187 111 94 135 0 117 87 120 82 60 78 81 66 75 96 91 111 116 106 102 56 64 67 58 66 77 86 83 86 86 12 3 17 29 56 66 80 78 81 88 88 94 107 111 108 99 94
66 36 195 167 106 95 190 200 14 166 31 31 145 192 30 53 236 133 171 0 172 197 47 165 24 206 136 42 167 31 177 163 15 30 174 150 117 20 148 118 30 148 176 84 195 24 126 40 202 169 126 131 11 123 151 8 132 47 117 0 124 4 43 79 63 57 52 44 27 31 9 3 19 24 78 81 61 69 67 45 45 42 51 66 129 120 103 105 101 95 76 69 61 52 44 37 36 44 47 47 55
135 97 93 175 72 154 112 208 126 110 110 110 81 200 135 123 153 34 179 124 86 205 139 173 145 214 93 126 95 110 102 101 123 119 182 158 87 140 46 12 151 156 111 104 93 133 78 118 124 177 11 17 129 8 159 119 13 162 87 124 0 127 98 57 127 125 79 88 98 95 116 122 107 102 63 48 71 68 65 91 114 108 121 135 88 82 67 59 39 31 49 55 65 74 83 89 94 98 96 87 76
64 38 198 169 108 92 198 202 13 169 34 34 152 194 27 52 244 136 173 4 175 199 44 167 22 208 144 39 175 34 180 171 18 32 176 152 120 17 151 121 27 150 179 86 198 21 134 39 210 171 129 134 9 126 153 11 135 44 120 4 127 0 45 81 62 56 55 47 30 34 12 7 22 28 80 83 64 72 69 47 47 44 50 64 131 122 106 107 103 97 79 72 63 54 47 38 40 47 51 51 58
36 10 169 157 70 68 161 190 52 131 12 12 131 182 39 24 202 110 161 43 137 187 40 155 56 195 119 26 151 12 151 146 31 53 164 140 82 53 122 92 54 138 141 49 169 38 127 19 173 159 100 105 42 97 141 37 106 64 82 43 98 45 0 46 31 25 20 10 26 21 37 42 35 32 45 51 29 37 35 9 15 9 21 36 93 84 68 69 68 68 53 47 40 32 28 26 40 47 49 40 38
82 47 128 145 45 105 120 177 87 109 58 58 90 169 86 71 161 55 148 79 91 174 87 142 98 183 96 74 104 58 110 109 73 84 151 127 60 94 81 51 101 126 119 56 128 82 86 66 132 146 59 64 83 56 128 72 65 111 60 79 57 81 46 0 73 72 27 36 58 53 73 77 69 64 8 10 19 12 14 39 62 56 69 82 72 63 46 37 24 28 22 19 27 35 44 50 60 64 61 52 42
9 42 199 191 79 42 191 224 74 123 34 34 160 215 45 10 232 119 194 63 137 220 35 188 63 229 153 21 174 34 180 180 48 78 197 173 78 63 151 121 56 172 133 31 199 50 156 23 202 193 129 134 55 126 174 60 135 58 78 63 127 62 31 73 0 6 51 45 58 53 60 62 60 63 69 80 57 62 64 40 18 23 12 9 89 80 76 78 91 98 86 80 73 65 61 60 75 79 82 73 72
13 36 196 186 84 46 188 219 68 126 28 28 157 210 40 4 229 124 189 57 139 215 32 183 58 224 148 15 179 28 177 175 42 73 192 168 81 58 148 118 51 167 136 33 196 43 153 17 200 188 126 131 49 123 169 54 132 58 81 57 125 56 25 72 6 0 46 35 52 47 54 56 54 57 68 77 56 61 61 34 12 17 6 13 92 83 82 84 90 95 82 75 68 60 56 54 69 73 77 68 67
56 20 150 144 54 89 143 177 61 115 32 32 112 168 59 45 184 79 148 52 116 173 60 142 72 182 104 48 126 32 132 131 47 60 151 127 66 68 103 73 74 125 125 49 151 55 108 39 154 146 81 86 56 78 128 46 87 84 66 52 79 55 20 27 51 46 0 10 31 27 46 51 41 37 26 32 9 17 16 13 35 29 42 56 77 68 51 53 48 50 37 31 24 21 20 26 40 44 41 32 27
45 12 159 148 63 78 151 181 53 123 22 22 121 172 47 34 192 88 151 44 130 177 51 145 64 186 110 38 141 22 141 137 37 52 154 130 75 60 112 82 65 129 133 50 159 45 117 30 163 150 90 95 48 87 131 38 96 75 75 44 88 47 10 36 45 35 10 0 23 18 38 43 33 29 35 41 19 27 25 3 24 18 31 45 86 77 60 62 58 58 44 37 30 22 18 20 34 42 39 30 29
63 18 169 142 85 96 168 175 32 145 29 29 122 167 48 51 202 107 146 27 147 172 55 140 50 180 113 47 145 29 151 140 29 29 149 125 96 46 122 91 56 123 155 72 169 45 104 40 180 144 99 105 35 97 126 22 106 73 96 27 98 30 26 58 58 52 31 23 0 5 18 25 11 6 57 57 40 49 45 23 42 36 49 63 108 99 82 84 75 68 50 43 34 25 18 9 13 20 25 23 29
57 13 166 145 79 90 158 177 38 139 26 26 120 169 48 46 199 104 148 31 142 174 55 142 52 183 111 44 143 26 148 138 30 35 151 127 91 47 119 89 58 126 150 66 166 45 124 35 170 146 97 102 36 94 128 26 103 74 91 31 95 34 21 53 53 47 27 18 5 0 23 29 16 10 52 55 35 44 40 18 36 30 43 57 102 93 76 78 72 65 47 40 32 23 15 9 16 23 27 25 28
65 30 187 161 100 97 182 194 15 160 27 27 136 185 34 52 227 125 164 9 166 190 49 158 33 199 127 42 159 27 169 154 16 24 167 143 111 28 140 110 39 142 170 80 187 31 118 40 194 163 118 123 17 115 144 6 124 55 111 9 116 12 37 73 60 54 46 38 18 23 0 7 10 16 72 75 55 63 61 39 43 38 49 65 123 114 97 99 93 86 68 61 52 43 35 29 28 35 39 39 46
65 34 193 166 104 97 188 199 13 164 30 30 143 190 31 53 234 131 170 3 171 195 49 163 27 204 134 41 165 30 175 161 15 29 172 149 116 23 146 116 33 147 175 82 193 25 124 40 200 168 124 129 11 121 149 6 130 50 116 3 122 7 42 77 62 56 51 43 25 29 7 0 17 22 76 79 60 68 65 43 46 41 51 65 127 118 101 103 99 93 74 67 59 50 42 35 34 42 45 45 53
64 27 178 146 94 97 172 179 22 155 27 27 126 171 40 51 217 116 150 19 161 176 54 144 42 184 117 46 149 27 159 144 22 20 153 129 106 38 130 100 48 127 165 79 178 38 108 38 183 148 108 113 27 105 130 14 114 65 106 19 107 22 35 69 60 54 41 33 11 16 10 17 0 6 68 68 51 60 56 33 43 37 49 64 117 108 92 93 84 77 58 54 45 36 28 21 17 25 29 29 36
67 24 173 141 91 100 167 174 28 151 31 31 121 165 46 54 212 111 145 24 153 170 57 138 48 179 112 49 144 31 154 139 27 23 148 124 102 43 125 95 53 122 161 78 173 43 103 41 178 143 103 108 32 100 124 19 109 70 102 24 102 28 32 64 63 57 37 29 6 10 16 22 6 0 63 64 46 54 51 30 45 42 52 67 114 105 88 90 79 72 53 50 41 32 23 16 12 20 24 23 31
78 46 134 149 44 97 126 182 86 105 57 57 96 173 85 69 167 58 152 78 95 178 86 146 98 187 102 73 109 57 116 115 72 87 155 131 56 93 87 57 100 130 115 47 134 81 92 65 138 151 65 70 82 62 132 71 71 110 56 78 63 80 45 8 69 68 26 35 57 52 72 76 68 63 0 17 18 8 14 38 61 55 66 78 67 58 41 36 28 33 26 24 28 37 43 49 61 65 62 53 42
88 51 119 143 49 113 111 176 90 113 63 63 80 168 90 76 152 55 147 81 94 173 92 141 100 181 86 79 94 63 101 100 78 83 150 126 64 96 72 42 105 124 123 64 119 86 77 71 123 145 50 55 85 47 127 74 56 115 64 81 48 83 51 10 80 77 32 41 57 55 75 79 68 64 17 0 24 20 17 44 66 60 74 88 75 66 50 39 21 18 20 18 26 34 42 48 59 63 60 51 40
66 30 142 141 58 99 134 173 70 116 41 41 103 165 69 55 175 71 144 61 108 170 70 138 81 179 98 57 117 41 124 125 56 70 147 123 67 76 95 65 84 122 126 50 142 65 100 49 146 142 73 78 65 70 124 55 79 94 67 61 71 64 29 19 57 56 9 19 40 35 55 60 51 46 18 24 0 9 7 22 45 39 52 66 79 70 53 51 41 41 29 24 18 20 26 32 45 49 46 37 30
71 38 139 144 49 94 131 177 78 107 49 49 101 169 76 62 172 64 148 69 101 174 77 142 89 182 107 65 115 49 121 120 64 78 151 127 58 85 92 62 91 125 117 44 139 72 97 56 143 146 70 75 73 67 128 63 76 101 58 69 68 72 37 12 62 61 17 27 49 44 63 68 60 54 8 20 9 0 7 30 52 46 59 71 69 60 44 41 34 39 29 26 23 30 35 41 54 58 55 46 39
71 36 136 138 56 104 128 171 75 114 47 47 97 163 74 60 169 67 142 67 104 168 75 136 86 176 103 63 111 47 117 116 62 73 145 121 66 82 88 58 89 119 124 50 136 70 93 54 140 140 66 71 71 63 122 60 72 99 66 67 65 69 35 14 64 61 16 25 45 40 61 65 56 51 14 17 7 7 0 28 50 44 57 71 77 68 51 49 37 35 22 19 17 25 32 38 49 53 50 41 34
44 11 162 150 65 77 154 183 53 126 21 21 124 175 46 33 195 91 154 45 132 180 50 148 64 188 112 37 144 21 144 139 36 52 157 133 77 60 115 85 64 131 136 50 162 44 120 29 166 152 93 98 48 90 134 38 99 74 77 45 91 47 9 39 40 34 13 3 23 18 39 43 33 30 38 44 22 30 28 0 23 17 30 44 88 79 63 64 61 61 46 39 33 24 21 20 34 41 42 33 31
21 25 185 171 79 54 177 204 57 132 17 17 146 196 37 8 218 118 175 45 145 201 31 169 56 210 134 11 165 17 166 160 30 61 178 154 86 51 137 107 49 152 142 40 185 36 142 8 188 173 115 120 41 112 155 42 121 55 86 45 114 47 15 62 18 12 35 24 42 36 43 46 43 45 61 66 45 52 50 23 0 6 6 21 98 89 76 78 84 84 68 61 54 46 42 43 57 65 63 54 53
27 19 179 166 72 60 171 198 51 132 11 11 140 190 36 16 212 111 169 42 139 195 35 163 53 204 128 17 159 11 160 154 29 56 172 148 83 49 131 101 51 147 142 42 179 35 136 12 183 167 109 114 39 106 149 37 115 59 83 42 108 44 9 56 23 17 29 18 36 30 38 41 37 42 55 60 39 46 44 17 6 0 13 27 95 86 69 71 78 78 62 55 48 40 36 37 50 57 57 48 47
15 32 192 182 83 48 184 215 62 131 23 23 153 206 38 2 225 122 186 51 144 212 30 180 56 220 144 11 175 23 174 171 36 68 189 165 86 54 145 114 48 163 141 38 192 39 149 11 196 184 122 127 43 120 166 48 129 54 86 51 121 50 21 69 12 6 42 31 49 43 49 51 49 52 66 74 52 59 57 30 6 13 0 15 97 88 80 82 88 91 78 71 64 56 53 50 64 70 73 65 63
0 46 206 196 87 33 198 229 77 131 38 38 167 221 42 12 239 126 200 66 144 226 32 194 60 234 158 21 190 38 188 185 50 83 203 179 86 60 159 129 53 177 141 39 206 47 164 26 210 198 136 142 57 134 180 63 143 55 86 66 135 64 36 82 9 13 56 45 63 57 65 65 64 67 78 88 66 71 71 44 21 27 15 0 97 88 84 86 100 105 92 85 79 70 67 64 79 84 88 79 77
97 97 145 214 31 96 170 247 137 39 102 102 140 239 130 96 211 58 218 129 55 244 124 212 148 253 146 104 153 102 160 159 123 136 221 197 12 144 117 81 144 195 49 61 145 131 136 106 182 216 89 84 133 87 198 122 95 147 12 129 88 131 93 72 89 92 77 86 108 102 123 127 117 114 67 75 79 69 77 88 98 95 97 97 0 9 28 41 67 77 92 89 92 99 99 105 118 122 120 111 105
88 88 147 205 22 87 161 238 128 47 93 93 131 230 121 87 202 57 209 120 57 235 115 203 139 244 137 96 145 93 151 150 114 127 212 188 3 135 111 75 135 186 57 52 147 122 127 97 173 207 83 83 124 80 189 113 89 138 3 120 82 122 84 63 80 83 68 77 99 93 114 118 108 105 58 66 70 60 68 79 89 86 88 88 9 0 20 32 58 69 83 80 83 90 90 96 109 114 111 102 96
84 71 152 189 6 87 145 222 112 66 77 77 115 213 104 83 186 42 192 103 69 218 104 186 123 227 121 86 129 77 135 134 97 110 195 171 17 118 106 60 119 170 76 48 152 105 111 81 157 191 68 68 107 66 172 97 74 128 17 103 67 106 68 46 76 82 51 60 82 76 97 101 92 88 41 50 53 44 51 63 76 69 80 84 28 20 0 16 42 53 66 64 67 73 74 79 93 97 94 85 79
86 73 139 180 15 98 132 213 113 78 79 79 101 204 106 85 172 47 183 105 74 209 106 177 124 218 107 88 115 79 121 120 99 112 186 162 29 120 92 53 121 161 88 54 139 107 97 83 143 182 61 66 109 58 163 98 66 130 29 105 59 107 69 37 78 84 53 62 84 78 99 103 93 90 36 39 51 41 49 64 78 71 82 86 41 32 16 0 28 39 53 55 63 71 75 81 94 98 95 86 77
100 69 112 156 41 116 104 189 103 105 80 80 73 181 107 91 145 33 160 101 78 186 109 154 120 194 80 96 87 80 94 93 95 96 163 139 56 116 65 32 123 137 115 66 112 103 70 88 116 158 40 45 105 38 140 94 46 132 56 101 39 103 68 24 91 90 48 58 75 72 93 99 84 79 28 21 41 34 37 61 84 78 88 100 67 58 42 28 0 11 26 32 42 51 60 66 72 76 73 64 53
105 67 102 149 52 127 94 182 96 115 80 80 63 174 106 94 135 41 153 95 89 179 109 147 115 187 69 96 77 80 83 95 93 89 156 132 66 111 54 24 121 130 125 77 102 104 59 88 106 151 32 37 99 29 133 89 38 133 66 95 31 97 68 28 98 95 50 58 68 65 86 93 77 72 33 18 41 39 35 61 84 78 91 105 77 69 53 39 11 0 19 25 35 44 53 59 65 69 66 57 46
92 50 120 130 65 125 112 163 78 129 65 65 81 155 87 81 153 58 134 76 104 160 94 128 97 168 87 81 95 65 101 100 75 70 137 113 80 92 72 42 102 111 139 71 120 85 77 73 124 132 50 55 81 47 114 70 56 119 80 76 49 79 53 22 86 82 37 44 50 47 68 74 58 53 26 20 29 29 22 46 68 62 78 92 92 83 66 53 26 19 0 7 15 23 34 41 46 50 47 38 27
85 43 126 127 63 118 118 160 75 127 58 58 88 152 80 74 159 64 131 69 109 157 87 125 90 165 87 74 101 58 108 113 68 67 134 110 78 85 79 49 95 108 137 67 126 78 84 66 130 129 57 62 74 54 111 63 63 112 78 69 55 72 47 19 80 75 31 37 43 40 61 67 54 50 24 18 24 26 19 39 61 55 71 85 89 80 64 55 32 25 7 0 10 19 27 34 43 47 44 35 24
79 36 136 123 71 111 128 156 67 130 52 52 89 147 74 67 169 74 126 61 117 152 80 120 81 161 80 67 111 52 118 107 59 58 129 105 81 77 89 59 87 104 140 66 136 72 94 59 140 125 67 72 66 64 106 55 73 104 81 61 65 63 40 27 73 68 24 30 34 32 52 59 45 41 28 26 18 23 17 33 54 48 64 79 92 83 67 63 42 35 15 10 0 9 19 25 34 38 35 26 15
70 28 145 126 79 103 137 159 58 137 43 43 97 151 65 59 178 83 130 52 125 156 72 124 72 165 89 59 120 43 127 115 50 49 133 109 88 68 98 67 78 107 147 68 145 63 103 51 149 128 75 81 57 73 110 46 82 95 88 52 74 54 32 35 65 60 21 22 25 23 43 50 36 32 37 34 20 30 25 24 46 40 56 70 99 90 73 71 51 44 23 19 9 0 10 16 25 29 26 17 10
67 24 154 136 76 100 146 169 49 137 38 38 108 160 60 55 187 92 139 44 133 165 67 133 65 174 99 56 130 38 135 126 43 46 142 118 88 60 106 76 70 117 147 67 154 58 111 47 158 138 84 89 49 81 119 38 90 87 88 44 83 47 28 44 61 56 20 18 18 15 35 42 28 23 43 42 26 35 32 21 42 36 53 67 99 90 74 75 60 53 34 27 19 10 0 9 22 30 27 18 16
64 20 160 144 82 97 152 177 43 142 34 34 114 169 55 53 193 98 148 37 139 174 62 142 59 182 105 51 136 34 142 132 37 40 151 127 94 55 113 82 65 125 153 69 160 52 118 43 164 146 90 96 43 88 128 30 97 81 94 37 89 38 26 50 60 54 26 20 9 9 29 35 21 16 49 48 32 41 38 20 43 37 50 64 105 96 79 81 66 59 41 34 25 16 9 0 15 22 27 25 22
79 32 166 129 95 112 154 162 37 156 41 41 109 153 58 66 200 103 132 36 150 158 69 126 60 167 100 61 131 41 151 127 39 27 135 111 107 55 118 88 66 110 166 82 166 55 90 53 166 131 96 101 44 93 112 31 102 82 107 36 94 40 40 60 75 69 40 34 13 16 28 34 17 12 61 59 45 54 49 34 57 50 64 79 118 109 93 94 72 65 46 43 34 25 22 15 0 8 12 15 24
84 39 169 123 99 117 149 156 41 160 49 49 103 147 65 72 194 107 127 44 154 152 77 120 67 161 94 68 126 49 145 121 47 33 129 106 111 63 122 92 73 104 170 90 169 62 85 61 160 125 100 105 52 97 106 39 106 90 111 44 98 47 47 64 79 73 44 42 20 23 35 42 25 20 65 63 49 58 53 41 65 57 70 84 122 114 97 98 76 69 50 47 38 29 30 22 8 0 6 14 20
88 44 167 117 97 120 143 150 48 157 53 53 97 142 69 76 188 105 121 47 151 147 80 115 71 155 88 72 120 53 140 115 51 38 124 100 108 67 119 89 77 98 167 88 167 66 79 65 155 119 97 102 55 94 101 43 103 93 108 47 96 51 49 61 82 77 41 39 25 27 39 45 29 24 62 60 46 55 50 42 63 57 73 88 120 111 94 95 73 66 47 44 35 26 27 27 12 6 0 8 14
79 37 158 121 88 112 145 154 48 148 51 51 100 146 69 67 191 96 125 47 142 151 78 119 71 160 91 68 122 51 142 118 50 39 128 104 99 66 110 80 77 102 158 79 158 66 81 59 157 123 88 93 55 85 105 43 94 93 99 47 87 51 40 52 73 68 32 30 23 25 39 45 29 23 53 51 37 46 41 33 54 48 65 79 111 102 85 86 64 57 38 35 26 17 18 25 15 14 8 0 7
77 35 147 124 82 110 140 157 56 143 50 50 94 149 72 66 185 85 128 55 131 154 79 122 78 163 85 66 117 50 129 112 56 48 131 107 94 74 100 70 84 105 153 75 147 70 76 58 151 126 78 83 63 75 108 50 84 101 94 55 76 58 38 42 72 67 27 29 29 28 46 53 36 31 42 40 30 39 34 31 53 47 63 77 105 96 79 77 53 46 27 24 15 10 16 22 24 20 14 7 0