0 198 4 25 224 72 202 196 56 176 251 200 64 53 125 60 130 221 59 149 200 207 79 79 221 33 95 65 207 220 35 50 186 102 180 188 86 196 20 63 179 128 48 193 41 45 188 126 122 63 197 88 196 197 187 196 79 28 204 141 56 64 36 82 9 13 56 45 63 57 65 65 64 67 78 88 66 71 71 44 21 27 15 0 97 88 84 86 100 105 92 85 79 70 67 64 79 84 88 79 77
198 0 202 223 98 204 143 4 201 217 126 2 132 198 133 147 253 95 152 222 3 247 159 215 95 210 104 167 248 94 217 170 156 169 30 12 144 71 180 164 54 251 179 160 193 154 26 249 76 174 1 219 2 1 228 3 137 167 148 183 201 171 159 146 193 188 146 150 144 146 163 168 148 143 151 145 142 146 140 152 173 167 184 198 216 207 191 182 158 151 132 129 125 128 138 146 131 125 119 123 126
4 202 0 21 227 69 205 199 54 180 255 204 68 52 129 64 132 224 63 151 203 211 78 81 224 29 98 67 211 223 33 53 190 105 183 191 90 200 24 66 183 130 47 197 40 49 192 128 126 62 201 90 199 201 191 200 83 32 207 144 54 63 39 86 12 17 60 49 66 61 68 68 68 71 82 91 70 74 75 48 25 31 18 4 99 90 86 93 104 109 96 89 82 74 70 68 83 87 91 82 81
25 223 21 0 249 87 216 221 73 190 276 225 89 70 144 85 125 246 84 145 225 221 99 69 246 15 120 88 221 245 52 74 211 109 205 213 102 221 45 87 204 124 68 203 62 70 213 122 147 83 222 83 221 222 187 221 104 53 218 152 73 84 61 98 34 38 81 70 88 82 89 89 89 92 89 105 91 86 96 69 46 52 40 25 92 83 79 90 108 119 117 110 104 95 92 89 104 109 113 104 102
224 98 227 249 0 229 79 96 226 242 62 100 157 224 159 173 278 4 177 248 100 273 185 241 4 236 130 193 273 30 242 195 92 195 80 88 170 64 206 190 47 277 205 96 219 179 88 275 101 200 97 245 96 97 253 96 163 193 84 209 226 197 185 172 218 213 172 175 170 172 188 193 174 168 176 171 168 172 166 178 199 193 210 224 242 233 216 207 184 177 158 155 150 154 163 172 156 150 145 149 152
72 204 69 87 229 0 229 202 14 198 257 206 82 18 138 59 197 226 52 200 206 229 48 144 226 94 100 40 229 225 38 41 199 137 185 194 111 202 69 43 185 195 36 206 40 77 194 193 128 31 203 154 201 203 209 202 72 66 242 162 14 33 68 110 75 70 84 76 62 63 45 39 54 59 109 112 93 101 98 76 68 65 67 72 160 151 134 136 132 127 108 101 93 84 76 71 71 79 83 82 90
202 143 205 216 79 229 0 141 226 153 71 145 143 223 75 164 210 76 179 161 145 184 189 174 76 203 135 191 184 50 217 197 30 114 125 133 118 109 184 187 92 209 194 34 205 157 133 207 148 205 143 179 141 143 164 142 162 174 30 124 226 202 165 124 194 191 146 155 171 162 185 192 175 170 130 115 138 135 131 158 180 174 187 202 174 165 149 135 108 97 115 122 132 140 149 155 158 152 146 149 143
196 4 199 221 96 202 141 0 199 214 124 6 130 196 131 145 250 93 149 220 6 245 157 213 93 208 102 165 245 92 214 167 154 167 27 10 142 69 178 162 51 249 177 158 191 151 24 247 73 172 3 217 3 3 225 0 135 165 146 181 199 169 157 144 190 185 144 147 142 144 160 166 146 141 148 143 140 144 138 150 171 165 182 196 214 205 188 179 156 149 130 127 122 126 135 144 128 123 117 121 124
56 201 54 73 226 14 226 199 0 195 254 203 79 4 135 56 181 223 49 189 203 226 45 129 223 80 97 37 226 222 24 38 196 132 182 191 108 199 54 40 182 179 35 203 25 68 191 177 125 28 200 138 198 200 206 199 69 56 239 159 0 30 58 105 59 55 78 69 59 60 42 36 51 56 104 109 88 95 93 68 53 55 52 56 148 139 123 125 127 124 105 98 90 81 73 68 68 76 80 79 87
176 217 180 190 242 198 153 214 195 0 204 219 118 192 89 138 122 239 148 52 218 45 165 128 239 178 128 163 45 238 192 164 136 78 198 206 93 215 159 158 198 120 169 141 180 132 206 118 141 171 216 118 214 216 31 215 147 149 155 47 195 168 140 99 169 166 121 130 139 137 157 164 148 143 105 89 112 110 106 133 155 149 162 176 104 106 111 103 83 72 90 97 107 115 124 130 136 140 137 128 118
251 126 255 276 62 257 71 124 254 204 0 128 185 251 186 201 306 59 205 276 128 184 212 268 59 263 157 220 192 33 270 223 83 222 108 116 197 92 233 217 75 304 232 88 246 207 116 302 129 228 125 273 124 125 218 124 190 220 76 236 254 224 212 200 246 241 199 203 197 200 216 221 201 196 204 198 196 199 193 205 227 221 237 251 269 260 244 235 211 204 185 182 178 182 191 199 184 178 172 176 180
200 2 204 225 100 206 145 6 203 219 128 0 134 200 135 149 255 97 153 224 4 249 161 217 97 212 106 169 249 96 218 172 158 171 31 14 146 73 182 166 56 253 181 162 195 156 28 251 78 176 3 221 4 3 230 5 139 169 150 185 203 173 161 148 195 190 148 152 146 148 164 170 150 145 153 147 144 148 142 154 175 169 186 200 218 209 192 184 160 153 134 131 127 130 139 148 132 127 121 125 128
64 132 68 89 157 82 143 130 79 118 185 134 0 76 61 23 131 154 32 124 134 148 57 87 154 77 36 48 148 153 78 48 122 66 114 122 36 130 47 42 113 129 51 129 65 20 122 127 56 55 131 97 129 131 129 130 38 33 145 82 79 53 26 39 59 54 17 16 24 21 42 48 35 30 38 37 20 29 24 18 40 34 50 64 94 85 68 70 56 46 28 21 14 7 8 14 27 31 28 19 13
53 198 52 70 224 18 223 196 4 192 251 200 76 0 132 54 177 221 46 185 200 223 42 126 221 78 94 34 223 220 21 35 193 128 180 188 104 196 50 37 179 175 31 200 21 64 188 173 122 25 197 135 196 197 203 196 66 52 236 156 4 27 54 101 56 51 74 65 56 58 39 33 48 53 100 105 84 91 89 64 49 51 48 53 144 135 119 121 123 121 102 95 87 78 70 65 66 73 77 77 84
125 133 129 144 159 138 75 131 135 89 186 135 61 132 0 80 139 156 88 96 135 120 99 103 156 132 44 100 120 155 138 106 76 50 115 123 47 131 107 97 114 137 116 63 130 81 123 135 57 114 132 107 131 132 100 131 71 94 88 59 135 111 86 53 120 115 75 77 80 78 94 101 84 79 58 43 66 64 60 79 101 95 111 125 102 94 77 64 36 25 44 50 47 56 66 72 67 61 55 58 52
60 147 64 85 173 59 164 145 56 138 201 149 23 54 80 0 142 170 10 145 149 169 35 98 170 82 44 26 169 169 63 26 141 84 129 137 55 146 44 20 128 140 35 148 48 25 137 138 72 33 147 109 145 147 150 146 21 33 166 103 56 31 24 57 56 50 29 21 4 4 20 26 13 9 56 56 39 48 44 21 39 33 46 60 105 96 80 81 74 67 49 42 33 24 17 11 17 24 29 26 30
130 253 132 125 278 197 210 250 181 122 306 255 131 177 139 142 0 275 151 70 254 164 174 64 275 113 164 163 164 274 160 159 193 93 234 242 111 251 125 159 234 2 161 198 167 120 243 4 177 170 252 51 250 252 118 251 163 131 212 103 181 168 130 108 122 125 114 122 144 139 159 164 154 150 104 112 115 106 113 125 131 131 130 130 38 46 65 77 104 114 128 126 129 136 136 142 155 159 156 147 142
221 95 224 246 4 226 76 93 223 239 59 97 154 221 156 170 275 0 174 245 97 270 182 238 0 233 127 190 270 27 239 192 89 192 77 85 167 61 203 187 44 274 202 93 216 176 85 272 98 197 94 242 93 94 250 93 160 190 81 206 223 194 182 169 215 210 168 172 167 169 185 190 171 165 173 168 165 169 163 175 196 190 206 221 239 230 213 204 181 174 155 152 147 151 160 169 153 147 142 146 149
59 152 63 84 177 52 179 149 49 148 205 153 32 46 88 10 151 174 0 154 153 178 25 107 174 81 48 16 178 173 62 20 149 93 133 141 64 150 43 11 132 149 29 156 43 34 141 147 76 24 151 118 149 151 159 150 21 32 191 112 49 21 30 66 55 49 38 30 10 13 10 16 5 9 65 65 48 57 54 30 38 33 44 59 114 106 89 90 83 76 58 51 43 33 26 17 21 29 33 32 40
149 222 151 145 248 200 161 220 189 52 276 224 124 185 96 145 70 245 154 0 224 94 161 76 245 133 129 167 94 244 181 163 144 57 204 212 89 221 140 163 203 68 165 148 170 123 212 66 147 173 222 66 220 222 49 221 144 134 163 51 189 171 133 87 142 147 112 126 143 138 163 167 157 140 91 90 104 97 100 128 141 135 145 149 52 54 66 70 62 70 87 93 103 112 121 127 132 136 134 125 114
200 3 203 225 100 206 145 6 203 218 128 4 134 200 135 149 254 97 153 224 0 249 161 217 97 212 106 169 249 96 218 171 158 171 31 14 146 73 182 166 55 253 181 162 195 155 28 251 77 176 3 221 4 3 229 5 139 169 150 185 203 173 161 148 194 189 148 151 146 148 164 170 150 145 152 147 144 148 142 154 175 169 186 200 218 209 192 183 160 153 134 131 126 130 139 148 132 127 121 125 128
207 247 211 221 273 229 184 245 226 45 184 249 148 223 120 169 164 270 178 94 249 0 196 171 270 209 158 194 11 216 222 195 167 112 229 237 124 246 189 189 228 162 199 171 210 163 237 160 172 202 246 160 245 246 73 245 178 179 182 92 226 199 170 129 200 197 152 160 170 167 188 194 179 174 135 120 143 140 137 163 186 180 193 207 146 148 153 140 113 103 121 127 137 146 155 161 167 170 168 159 148
79 159 78 99 185 48 189 157 45 165 212 161 57 42 99 35 174 182 25 161 161 196 0 133 182 102 55 14 196 181 61 29 160 112 141 149 90 157 64 17 140 172 31 166 48 58 149 170 83 19 158 141 157 158 176 157 28 53 202 129 45 16 52 88 76 70 61 53 33 38 16 15 23 25 87 91 73 78 79 53 59 54 64 79 138 129 112 113 101 94 75 76 63 54 50 43 34 38 46 45 53
79 215 81 69 241 144 174 213 129 128 268 217 87 126 103 98 64 238 107 76 217 171 133 0 238 59 121 119 171 237 108 109 157 67 197 205 73 213 74 117 196 62 109 162 114 76 205 61 139 124 214 16 213 214 125 213 119 79 176 104 129 123 86 70 71 73 70 79 101 95 117 120 110 107 66 74 72 68 70 81 79 79 79 79 30 23 30 41 67 78 91 88 85 92 92 98 111 115 112 104 98
221 95 224 246 4 226 76 93 223 239 59 97 154 221 156 170 275 0 174 245 97 270 182 238 0 233 127 190 270 27 239 192 89 192 77 85 167 61 203 187 44 274 202 93 216 176 85 272 98 197 94 242 93 94 250 93 160 190 81 206 223 194 182 169 215 210 168 172 167 169 185 190 171 165 173 168 165 169 163 175 196 190 206 221 239 230 213 204 181 174 155 152 147 151 160 169 153 147 142 146 149
33 210 29 15 236 94 203 208 80 178 263 212 77 78 132 82 113 233 81 133 212 209 102 59 233 0 107 88 209 232 59 75 186 97 192 200 90 209 38 86 191 111 76 191 69 57 200 109 135 91 209 71 208 209 175 208 100 49 205 139 80 92 57 85 35 37 69 62 84 78 86 88 85 88 77 93 74 74 80 63 44 49 47 33 80 71 67 78 95 107 101 97 91 83 79 81 94 103 100 91 90
95 104 98 120 130 100 135 102 97 128 157 106 36 94 44 44 164 127 48 129 106 158 55 121 127 107 0 63 159 126 113 66 105 79 86 94 54 103 77 60 85 163 76 112 90 50 94 161 29 71 103 131 102 103 139 102 33 63 147 94 97 67 56 57 89 84 48 46 41 43 59 64 44 39 61 55 53 62 50 49 70 64 80 95 128 119 102 92 68 61 42 39 35 33 34 43 27 21 16 20 23
65 167 67 88 193 40 191 165 37 163 220 169 48 34 100 26 163 190 16 167 169 194 14 119 190 88 63 0 194 189 52 15 161 104 149 157 80 165 51 5 148 162 19 168 38 47 157 160 91 10 166 130 165 166 174 165 31 40 204 128 37 7 41 77 62 56 50 42 24 29 6 1 16 22 76 81 59 67 65 43 46 40 50 65 127 118 101 103 99 92 74 67 58 49 41 35 34 41 45 45 52
207 248 211 221 273 229 184 245 226 45 192 249 148 223 120 169 164 270 178 94 249 11 196 171 270 209 159 194 0 269 223 195 167 113 229 237 124 246 189 189 229 162 200 172 211 163 237 160 172 202 247 160 245 247 73 246 178 179 186 92 226 199 170 130 200 197 152 161 170 167 188 195 179 174 136 120 143 141 137 164 186 180 193 207 146 148 153 141 113 103 121 128 138 146 155 161 167 171 168 159 148
220 94 223 245 30 225 50 92 222 238 33 96 153 220 155 169 274 27 173 244 96 216 181 237 27 232 126 189 269 0 238 191 63 191 76 84 166 60 202 186 43 273 201 67 215 175 84 271 97 196 93 241 92 93 249 92 159 189 55 205 222 193 181 168 214 209 168 171 166 168 184 189 170 164 172 167 164 168 162 174 195 189 206 220 238 229 212 203 180 173 154 151 146 150 159 168 152 146 141 145 148
35 217 33 52 242 38 217 214 24 192 270 218 78 21 138 63 160 239 62 181 218 222 61 108 239 59 113 52 223 238 0 43 199 125 198 206 101 215 44 56 198 158 36 206 26 62 206 156 141 44 216 117 214 216 203 215 82 48 219 156 24 46 52 98 38 39 72 62 67 67 58 52 65 70 97 103 82 89 87 61 43 47 42 35 127 118 116 118 120 121 106 99 92 84 79 74 82 90 93 93 90
50 170 53 74 195 41 197 167 38 164 223 172 48 35 106 26 159 192 20 163 171 195 29 109 192 75 66 15 195 191 43 0 167 100 151 159 76 168 36 13 151 157 9 174 23 39 159 156 94 18 169 118 167 169 175 168 40 30 192 128 38 18 31 73 48 42 47 37 29 30 16 15 22 27 72 78 56 64 62 36 30 29 36 50 123 114 97 99 95 93 75 68 59 50 43 37 39 47 51 50 56
186 156 190 211 92 199 30 154 196 136 83 158 122 193 76 141 193 89 149 144 158 167 160 157 89 186 105 161 167 63 199 167 0 97 138 146 101 122 168 157 105 191 176 7 190 142 146 190 118 175 155 161 154 155 147 154 132 155 42 107 196 172 147 107 181 176 132 138 141 139 155 162 145 140 113 97 126 118 114 140 162 156 172 186 157 148 132 118 91 80 98 105 108 117 127 133 128 122 116 119 113
102 169 105 109 195 137 114 167 132 78 222 171 66 128 50 84 93 192 93 57 171 112 112 67 192 97 79 104 113 191 125 100 97 0 151 159 31 167 85 100 150 91 103 102 113 65 159 89 93 110 168 71 167 168 89 167 94 79 116 40 132 108 73 29 93 92 54 63 85 80 100 104 96 90 33 32 46 39 42 66 86 79 90 102 56 50 35 27 12 21 37 43 54 62 71 77 83 87 84 75 64
180 30 183 205 80 185 125 27 182 198 108 31 114 180 115 129 234 77 133 204 31 229 141 197 77 192 86 149 229 76 198 151 138 151 0 18 126 53 162 146 35 233 161 142 175 135 14 231 57 156 29 201 27 29 209 28 119 149 130 165 182 153 141 128 174 169 128 131 126 128 144 149 130 124 132 127 124 128 122 134 155 149 166 180 198 189 172 163 140 133 114 111 106 110 119 128 112 106 101 105 108
188 12 191 213 88 194 133 10 191 206 116 14 122 188 123 137 242 85 141 212 14 237 149 205 85 200 94 157 237 84 206 159 146 159 18 0 134 61 170 154 43 241 169 150 183 143 14 239 65 164 11 209 10 11 217 10 127 157 138 173 191 161 149 136 182 177 136 139 134 136 152 157 138 133 140 135 132 136 130 142 163 157 174 188 206 197 180 171 148 141 122 119 114 118 127 136 120 114 109 113 116
86 144 90 102 170 111 118 142 108 93 197 146 36 104 47 55 111 167 64 89 146 124 90 73 167 90 54 80 124 166 101 76 101 31 126 134 0 142 68 75 125 109 79 106 89 41 134 107 68 84 143 77 142 143 104 142 69 58 120 57 108 82 49 7 76 76 30 39 56 53 74 78 67 63 13 4 21 17 16 42 65 59 72 86 74 65 49 38 26 22 19 17 25 33 41 47 58 62 59 50 39
196 71 200 221 64 202 109 69 199 215 92 73 130 196 131 146 251 61 150 221 73 246 157 213 61 209 103 165 246 60 215 168 122 167 53 61 142 0 178 163 20 249 177 126 191 152 61 247 74 173 70 218 69 70 226 69 135 165 114 181 199 169 157 145 191 186 144 148 142 145 161 166 146 141 149 143 141 144 138 150 172 166 182 196 215 206 189 180 156 149 130 127 123 127 136 144 129 123 117 121 125
20 180 24 45 206 69 184 178 54 159 233 182 47 50 107 44 125 203 43 140 182 189 64 74 203 38 77 51 189 202 44 36 168 85 162 170 68 178 0 48 161 124 36 175 39 27 170 122 105 51 179 83 178 179 170 178 63 11 186 123 54 55 19 65 14 9 39 32 46 40 48 51 48 50 61 70 48 54 54 28 6 11 6 20 92 83 75 77 83 87 75 68 61 53 49 48 62 67 70 61 59
63 164 66 87 190 43 187 162 40 158 217 166 42 37 97 20 159 187 11 163 166 189 17 117 187 86 60 5 189 186 56 13 157 100 146 154 75 163 48 0 145 158 22 164 36 43 154 156 89 13 163 126 162 163 169 162 30 37 200 122 40 10 37 73 60 54 46 38 20 24 3 5 12 18 72 76 55 64 61 39 43 38 49 63 123 114 97 99 94 87 68 62 53 44 36 28 30 37 41 41 48
179 54 183 204 47 185 92 51 182 198 75 56 113 179 114 128 234 44 132 203 55 228 140 196 44 191 85 148 229 43 198 151 105 150 35 43 125 20 161 145 0 232 160 109 174 135 43 230 57 155 53 200 51 53 209 52 118 148 97 164 182 152 140 127 174 169 127 131 125 127 144 149 129 124 132 126 123 127 121 133 154 148 165 179 197 188 172 163 139 132 113 110 106 109 119 127 112 106 100 104 107
128 251 130 124 277 195 209 249 179 120 304 253 129 175 137 140 2 274 149 68 253 162 172 62 274 111 163 162 162 273 158 157 191 91 233 241 109 249 124 158 232 0 160 196 165 118 241 2 175 168 250 50 249 250 117 249 161 129 211 101 179 166 128 106 121 123 112 121 142 137 157 162 152 148 102 110 113 104 112 123 129 130 128 128 36 44 63 75 102 112 126 124 127 134 134 140 153 157 154 146 140
48 179 47 68 205 36 194 177 35 169 232 181 51 31 116 35 161 202 29 165 181 199 31 109 202 76 76 19 200 201 36 9 176 103 161 169 79 177 36 22 160 160 0 183 18 42 169 158 103 15 178 118 177 178 180 177 49 30 196 133 35 16 32 75 46 40 49 39 39 39 25 19 31 37 74 80 59 66 64 38 31 29 34 48 125 116 99 101 97 97 79 72 65 57 52 46 49 56 60 60 64
193 160 197 203 96 206 34 158 203 141 88 162 129 200 63 148 198 93 156 148 162 171 166 162 93 191 112 168 172 67 206 174 7 102 142 150 106 126 175 164 109 196 183 0 197 149 150 194 125 182 159 166 158 159 152 158 139 162 47 111 203 179 154 111 188 183 133 145 148 146 162 169 152 147 117 102 125 122 119 147 168 162 179 193 161 152 136 122 95 85 103 109 115 123 134 140 135 129 123 126 120
41 193 40 62 219 40 205 191 25 180 246 195 65 21 130 48 167 216 43 170 195 210 48 114 216 69 90 38 211 215 26 23 190 113 175 183 89 191 39 36 174 165 18 197 0 50 183 163 117 32 192 123 191 192 191 191 63 37 207 144 25 33 40 86 44 39 60 50 52 52 39 38 45 51 85 91 69 77 75 49 36 36 37 41 130 121 105 107 108 108 93 86 79 71 65 59 63 70 74 74 78
45 154 49 70 179 77 157 151 68 132 207 156 20 64 81 25 120 176 34 123 155 163 58 76 176 57 50 47 163 175 62 39 142 65 135 143 41 152 27 43 135 118 42 149 50 0 144 116 78 53 153 86 151 153 143 152 46 19 159 96 68 51 10 38 39 35 12 6 28 22 43 47 37 34 37 43 22 28 27 6 27 20 31 45 83 74 58 59 59 61 48 41 34 26 22 24 38 46 43 34 33
188 26 192 213 88 194 133 24 191 206 116 28 122 188 123 137 243 85 141 212 28 237 149 205 85 200 94 157 237 84 206 159 146 159 14 14 134 61 170 154 43 241 169 150 183 144 0 239 65 164 25 209 24 25 218 24 127 157 138 173 191 161 149 136 183 178 136 139 134 136 152 158 138 133 141 135 132 136 130 142 163 157 174 188 206 197 180 172 148 141 122 119 114 118 127 136 120 115 109 113 116
126 249 128 122 275 193 207 247 177 118 302 251 127 173 135 138 4 272 147 66 251 160 170 61 272 109 161 160 160 271 156 156 190 89 231 239 107 247 122 156 230 2 158 194 163 116 239 0 173 166 248 48 247 248 115 247 159 127 209 99 177 164 126 104 119 121 110 119 140 135 156 160 150 147 100 108 112 102 110 121 127 128 126 126 34 42 61 73 100 110 124 122 125 132 132 138 151 155 152 144 138
122 76 126 147 101 128 148 73 125 141 129 78 56 122 57 72 177 98 76 147 77 172 83 139 98 135 29 91 172 97 141 94 118 93 57 65 68 74 105 89 57 175 103 125 117 78 65 173 0 99 75 144 73 75 152 74 61 91 151 107 125 96 83 71 117 112 70 74 68 71 87 92 72 67 75 69 67 70 64 76 98 92 108 122 141 132 115 106 82 75 56 53 49 53 62 70 55 49 43 48 51
63 174 62 83 200 31 205 172 28 171 228 176 55 25 114 33 170 197 24 173 176 202 19 124 197 91 71 10 202 196 44 18 175 110 156 164 84 173 51 13 155 168 15 182 32 53 164 166 99 0 173 133 172 173 182 172 40 44 217 135 28 4 46 83 61 55 57 49 33 37 15 10 25 31 82 85 66 74 71 49 46 45 49 63 133 124 108 109 105 100 81 75 66 57 49 41 43 50 54 54 61
197 1 201 222 97 203 143 3 200 216 125 3 131 197 132 147 252 94 151 222 3 246 158 214 94 209 103 166 247 93 216 169 155 168 29 11 143 70 179 163 53 250 178 159 192 153 25 248 75 173 0 218 1 0 227 3 136 166 147 182 200 170 158 145 192 187 145 149 143 146 162 167 147 142 150 144 142 145 139 151 172 166 183 197 215 206 190 181 157 150 131 128 124 127 137 145 130 124 118 122 125
88 219 90 83 245 154 179 217 138 118 273 221 97 135 107 109 51 242 118 66 221 160 141 16 242 71 131 130 160 241 117 118 161 71 201 209 77 218 83 126 200 50 118 166 123 86 209 48 144 133 218 0 217 218 115 217 129 88 181 98 138 134 96 75 80 83 80 89 111 105 126 130 121 117 70 78 82 72 80 91 89 89 88 88 19 17 31 45 72 82 95 92 95 102 103 108 121 126 123 114 108
196 2 199 221 96 201 141 3 198 214 124 4 129 196 131 145 250 93 149 220 4 245 157 213 93 208 102 165 245 92 214 167 154 167 27 10 142 69 178 162 51 249 177 158 191 151 24 247 73 172 1 217 0 1 225 3 135 165 146 181 198 169 157 144 190 185 143 147 142 144 160 165 146 140 148 143 140 144 138 150 171 165 182 196 214 205 188 179 156 149 130 127 122 126 135 144 128 122 117 121 124
197 1 201 222 97 203 143 3 200 216 125 3 131 197 132 147 252 94 151 222 3 246 158 214 94 209 103 166 247 93 216 169 155 168 29 11 143 70 179 163 53 250 178 159 192 153 25 248 75 173 0 218 1 0 227 3 136 166 147 182 200 170 158 145 192 187 145 149 143 146 162 167 147 142 150 144 142 145 139 151 172 166 183 197 215 206 190 181 157 150 131 128 124 127 137 145 130 124 118 122 125
187 228 191 187 253 209 164 225 206 31 218 230 129 203 100 150 118 250 159 49 229 73 176 125 250 175 139 174 73 249 203 175 147 89 209 217 104 226 170 169 209 117 180 152 191 143 218 115 152 182 227 115 225 227 0 226 158 160 166 48 206 179 151 110 180 177 132 141 150 148 168 175 159 154 116 100 123 121 117 144 166 160 173 187 101 103 108 114 94 83 101 108 118 126 135 141 147 151 148 139 129
196 3 200 221 96 202 142 0 199 215 124 5 130 196 131 146 251 93 150 221 5 245 157 213 93 208 102 165 246 92 215 168 154 167 28 10 142 69 178 162 52 249 177 158 191 152 24 247 74 172 3 217 3 3 226 0 135 165 146 181 199 169 157 145 191 186 144 148 142 145 161 166 146 141 149 143 141 144 138 150 171 166 182 196 214 205 189 180 156 149 130 127 123 126 136 144 129 123 117 121 124
79 137 83 104 163 72 162 135 69 147 190 139 38 66 71 21 163 160 21 144 139 178 28 119 160 100 33 31 178 159 82 40 132 94 119 127 69 135 63 30 118 161 49 139 63 46 127 159 61 40 136 129 135 136 158 135 0 52 174 112 69 37 45 72 75 69 51 42 18 23 28 32 18 13 73 70 56 65 60 42 58 53 64 79 126 117 100 105 83 76 57 54 45 36 33 26 11 10 16 21 30
28 167 32 53 193 66 174 165 56 149 220 169 33 52 94 33 131 190 32 134 169 179 53 79 190 49 63 40 179 189 48 30 155 79 149 157 58 165 11 37 148 129 30 162 37 19 157 127 91 44 166 88 165 166 160 165 52 0 176 113 56 44 8 55 24 18 29 18 35 30 37 40 37 41 54 60 38 46 44 17 7 0 14 28 95 86 69 71 77 77 61 54 48 39 36 37 49 56 57 48 46
204 148 207 218 84 242 30 146 239 155 76 150 145 236 88 166 212 81 191 163 150 182 202 176 81 205 147 204 186 55 219 192 42 116 130 138 120 114 186 200 97 211 196 47 207 159 138 209 151 217 147 181 146 147 166 146 174 176 0 126 239 214 167 126 196 193 148 157 167 164 198 204 188 183 132 117 140 137 133 160 182 176 189 204 176 167 151 137 110 99 117 124 134 143 151 158 170 165 159 161 156
141 183 144 152 209 162 124 181 159 47 236 185 82 156 59 103 103 206 112 51 185 92 129 104 206 139 94 128 92 205 156 128 107 40 165 173 57 181 123 122 164 101 133 111 144 96 173 99 107 135 182 98 181 182 48 181 112 113 126 0 159 133 104 63 133 130 85 94 104 101 122 128 112 107 69 54 77 74 70 97 119 113 126 141 85 85 70 65 44 36 54 61 71 79 88 94 100 104 101 92 82
56 201 54 73 226 14 226 199 0 195 254 203 79 4 135 56 181 223 49 189 203 226 45 129 223 80 97 37 226 222 24 38 196 132 182 191 108 199 54 40 182 179 35 203 25 68 191 177 125 28 200 138 198 200 206 199 69 56 239 159 0 30 58 105 59 55 78 69 59 60 42 36 51 56 104 109 88 95 93 68 53 55 52 56 148 139 123 125 127 124 105 98 90 81 73 68 68 76 80 79 87
64 171 63 84 197 33 202 169 30 168 224 173 53 27 111 31 168 194 21 171 173 199 16 123 194 92 67 7 199 193 46 18 172 108 153 161 82 169 55 10 152 166 16 179 33 51 161 164 96 4 170 134 169 170 179 169 37 44 214 133 30 0 45 81 62 56 55 47 30 34 12 7 22 28 80 83 64 72 69 47 47 44 50 64 131 122 106 107 103 97 79 72 63 54 47 38 40 47 51 51 58
36 159 39 61 185 68 165 157 58 140 212 161 26 54 86 24 130 182 30 133 161 170 52 86 182 57 56 41 170 181 52 31 147 73 141 149 49 157 19 37 140 128 32 154 40 10 149 126 83 46 158 96 157 158 151 157 45 8 167 104 58 45 0 46 31 25 20 10 26 21 37 42 35 32 45 51 29 37 35 9 15 9 21 36 93 84 68 69 68 68 53 47 40 32 28 26 40 47 49 40 38
82 146 86 98 172 110 124 144 105 99 200 148 39 101 53 57 108 169 66 87 148 129 88 70 169 85 57 77 130 168 98 73 107 29 128 136 7 145 65 73 127 106 75 111 86 38 136 104 71 83 145 75 144 145 110 145 72 55 126 63 105 81 46 0 73 72 27 36 58 53 73 77 69 64 8 10 19 12 14 39 62 56 69 82 72 63 46 37 24 28 22 19 27 35 44 50 60 64 61 52 42
9 193 12 34 218 75 194 190 59 169 246 195 59 56 120 56 122 215 55 142 194 200 76 71 215 35 89 62 200 214 38 48 181 93 174 182 76 191 14 60 174 121 46 188 44 39 183 119 117 61 192 80 190 192 180 191 75 24 196 133 59 62 31 73 0 6 51 45 58 53 60 62 60 63 69 80 57 62 64 40 18 23 12 9 89 80 76 78 91 98 86 80 73 65 61 60 75 79 82 73 72
13 188 17 38 213 70 191 185 55 166 241 190 54 51 115 50 125 210 49 147 189 197 70 73 210 37 84 56 197 209 39 42 176 92 169 177 76 186 9 54 169 123 40 183 39 35 178 121 112 55 187 83 185 187 177 186 69 18 193 130 55 56 25 72 6 0 46 35 52 47 54 56 54 57 68 77 56 61 61 34 12 17 6 13 92 83 82 84 90 95 82 75 68 60 56 54 69 73 77 68 67
56 146 60 81 172 84 146 144 78 121 199 148 17 74 75 29 114 168 38 112 148 152 61 70 168 69 48 50 152 168 72 47 132 54 128 136 30 144 39 46 127 112 49 133 60 12 136 110 70 57 145 80 143 145 132 144 51 29 148 85 78 55 20 27 51 46 0 10 31 27 46 51 41 37 26 32 9 17 16 13 35 29 42 56 77 68 51 53 48 50 37 31 24 21 20 26 40 44 41 32 27
45 150 49 70 175 76 155 147 69 130 203 152 16 65 77 21 122 172 30 126 151 160 53 79 172 62 46 42 161 171 62 37 138 63 131 139 39 148 32 38 131 121 39 145 50 6 139 119 74 49 149 89 147 149 141 148 42 18 157 94 69 47 10 36 45 35 10 0 23 18 38 43 33 29 35 41 19 27 25 3 24 18 31 45 86 77 60 62 58 58 44 37 30 22 18 20 34 42 39 30 29
63 144 66 88 170 62 171 142 59 139 197 146 24 56 80 4 144 167 10 143 146 170 33 101 167 84 41 24 170 166 67 29 141 85 126 134 56 142 46 20 125 142 39 148 52 28 134 140 68 33 143 111 142 143 150 142 18 35 167 104 59 30 26 58 58 52 31 23 0 5 18 25 11 6 57 57 40 49 45 23 42 36 49 63 108 99 82 84 75 68 50 43 34 25 18 9 13 20 25 23 29
57 146 61 82 172 63 162 144 60 137 200 148 21 58 78 4 139 169 13 138 148 167 38 95 169 78 43 29 167 168 67 30 139 80 128 136 53 145 40 24 127 137 39 146 52 22 136 135 71 37 146 105 144 146 148 145 23 30 164 101 60 34 21 53 53 47 27 18 5 0 23 29 16 10 52 55 35 44 40 18 36 30 43 57 102 93 76 78 72 65 47 40 32 23 15 9 16 23 27 25 28
65 163 68 89 188 45 185 160 42 157 216 164 42 39 94 20 159 185 10 163 164 188 16 117 185 86 59 6 188 184 58 16 155 100 144 152 74 161 48 3 144 157 25 162 39 43 152 156 87 15 162 126 160 162 168 161 28 37 198 122 42 12 37 73 60 54 46 38 18 23 0 7 10 16 72 75 55 63 61 39 43 38 49 65 123 114 97 99 93 86 68 61 52 43 35 29 28 35 39 39 46
65 168 68 89 193 39 192 166 36 164 221 170 48 33 101 26 164 190 16 167 170 194 15 120 190 88 64 1 195 189 52 15 162 104 149 157 78 166 51 5 149 162 19 169 38 47 158 160 92 10 167 130 165 167 175 166 32 40 204 128 36 7 42 77 62 56 51 43 25 29 7 0 17 22 76 79 60 68 65 43 46 41 51 65 127 118 101 103 99 93 74 67 59 50 42 35 34 42 45 45 53
64 148 68 89 174 54 175 146 51 148 201 150 35 48 84 13 154 171 5 157 150 179 23 110 171 85 44 16 179 170 65 22 145 96 130 138 67 146 48 12 129 152 31 152 45 37 138 150 72 25 147 121 146 147 159 146 18 37 188 112 51 22 35 69 60 54 41 33 11 16 10 17 0 6 68 68 51 60 56 33 43 37 49 64 117 108 92 93 84 77 58 54 45 36 28 21 17 25 29 29 36
67 143 71 92 168 59 170 141 56 143 196 145 30 53 79 9 150 165 9 140 145 174 25 107 165 88 39 22 174 164 70 27 140 90 124 133 63 141 50 18 124 148 37 147 51 34 133 147 67 31 142 117 140 142 154 141 13 41 183 107 56 28 32 64 63 57 37 29 6 10 16 22 6 0 63 64 46 54 51 30 45 42 52 67 114 105 88 90 79 72 53 50 41 32 23 16 12 20 24 23 31
78 151 82 89 176 109 130 148 104 105 204 153 38 100 58 56 104 173 65 91 152 135 87 66 173 77 61 76 136 172 97 72 113 33 132 140 13 149 61 72 132 102 74 117 85 37 141 100 75 82 150 70 148 150 116 149 73 54 132 69 104 80 45 8 69 68 26 35 57 52 72 76 68 63 0 17 18 8 14 38 61 55 66 78 67 58 41 36 28 33 26 24 28 37 43 49 61 65 62 53 42
88 145 91 105 171 112 115 143 109 89 198 147 37 105 43 56 112 168 65 90 147 120 91 74 168 93 55 81 120 167 103 78 97 32 127 135 4 143 70 76 126 110 80 102 91 43 135 108 69 85 144 78 143 144 100 143 70 60 117 54 109 83 51 10 80 77 32 41 57 55 75 79 68 64 17 0 24 20 17 44 66 60 74 88 75 66 50 39 21 18 20 18 26 34 42 48 59 63 60 51 40
66 142 70 91 168 93 138 140 88 112 196 144 20 84 66 39 115 165 48 104 144 143 73 72 165 74 53 59 143 164 82 56 126 46 124 132 21 141 48 55 123 113 59 125 69 22 132 112 67 66 142 82 140 142 123 141 56 38 140 77 88 64 29 19 57 56 9 19 40 35 55 60 51 46 18 24 0 9 7 22 45 39 52 66 79 70 53 51 41 41 29 24 18 20 26 32 45 49 46 37 30
71 146 74 86 172 101 135 144 95 110 199 148 29 91 64 48 106 169 57 97 148 140 78 68 169 74 62 67 141 168 89 64 118 39 128 136 17 144 54 64 127 104 66 122 77 28 136 102 70 74 145 72 144 145 121 144 65 46 137 74 95 72 37 12 62 61 17 27 49 44 63 68 60 54 8 20 9 0 7 30 52 46 59 71 69 60 44 41 34 39 29 26 23 30 35 41 54 58 55 46 39
71 140 75 96 166 98 131 138 93 106 193 142 24 89 60 44 113 163 54 100 142 137 79 70 163 80 50 65 137 162 87 62 114 42 122 130 16 138 54 61 121 112 64 119 75 27 130 110 64 71 139 80 138 139 117 138 60 44 133 70 93 69 35 14 64 61 16 25 45 40 61 65 56 51 14 17 7 7 0 28 50 44 57 71 77 68 51 49 37 35 22 19 17 25 32 38 49 53 50 41 34
44 152 48 69 178 76 158 150 68 133 205 154 18 64 79 21 125 175 30 128 154 163 53 81 175 63 49 43 164 174 61 36 140 66 134 142 42 150 28 39 133 123 38 147 49 6 142 121 76 49 151 91 150 151 144 150 42 17 160 97 68 47 9 39 40 34 13 3 23 18 39 43 33 30 38 44 22 30 28 0 23 17 30 44 88 79 63 64 61 61 46 39 33 24 21 20 34 41 42 33 31
21 173 25 46 199 68 180 171 53 155 227 175 40 49 101 39 131 196 38 141 175 186 59 79 196 44 70 46 186 195 43 30 162 86 155 163 65 172 6 43 154 129 31 168 36 27 163 127 98 46 172 89 171 172 166 171 58 7 182 119 53 47 15 62 18 12 35 24 42 36 43 46 43 45 61 66 45 52 50 23 0 6 6 21 98 89 76 78 84 84 68 61 54 46 42 43 57 65 63 54 53
27 167 31 52 193 65 174 165 55 149 221 169 34 51 95 33 131 190 33 135 169 180 54 79 190 49 64 40 180 189 47 29 156 79 149 157 59 166 11 38 148 130 29 162 36 20 157 128 92 45 166 89 165 166 160 166 53 0 176 113 55 44 9 56 23 17 29 18 36 30 38 41 37 42 55 60 39 46 44 17 6 0 13 27 95 86 69 71 78 78 62 55 48 40 36 37 50 57 57 48 47
15 184 18 40 210 67 187 182 52 162 237 186 50 48 111 46 130 206 44 145 186 193 64 79 206 47 80 50 193 206 42 36 172 90 166 174 72 182 6 49 165 128 34 179 37 31 174 126 108 49 183 88 182 183 173 182 64 14 189 126 52 50 21 69 12 6 42 31 49 43 49 51 49 52 66 74 52 59 57 30 6 13 0 15 97 88 80 82 88 91 78 71 64 56 53 50 64 70 73 65 63
0 198 4 25 224 72 202 196 56 176 251 200 64 53 125 60 130 221 59 149 200 207 79 79 221 33 95 65 207 220 35 50 186 102 180 188 86 196 20 63 179 128 48 193 41 45 188 126 122 63 197 88 196 197 187 196 79 28 204 141 56 64 36 82 9 13 56 45 63 57 65 65 64 67 78 88 66 71 71 44 21 27 15 0 97 88 84 86 100 105 92 85 79 70 67 64 79 84 88 79 77
97 216 99 92 242 160 174 214 148 104 269 218 94 144 102 105 38 239 114 52 218 146 138 30 239 80 128 127 146 238 127 123 157 56 198 206 74 215 92 123 197 36 125 161 130 83 206 34 141 133 215 19 214 215 101 214 126 95 176 85 148 131 93 72 89 92 77 86 108 102 123 127 117 114 67 75 79 69 77 88 98 95 97 97 0 9 28 41 67 77 92 89 92 99 99 105 118 122 120 111 105
88 207 90 83 233 151 165 205 139 106 260 209 85 135 94 96 46 230 106 54 209 148 129 23 230 71 119 118 148 229 118 114 148 50 189 197 65 206 83 114 188 44 116 152 121 74 197 42 132 124 206 17 205 206 103 205 117 86 167 85 139 122 84 63 80 83 68 77 99 93 114 118 108 105 58 66 70 60 68 79 89 86 88 88 9 0 20 32 58 69 83 80 83 90 90 96 109 114 111 102 96
84 191 86 79 216 134 149 188 123 111 244 192 68 119 77 80 65 213 89 66 192 153 112 30 213 67 102 101 153 212 116 97 132 35 172 180 49 189 75 97 172 63 99 136 105 58 180 61 115 108 190 31 188 190 108 189 100 69 151 70 123 106 68 46 76 82 51 60 82 76 97 101 92 88 41 50 53 44 51 63 76 69 80 84 28 20 0 16 42 53 66 64 67 73 74 79 93 97 94 85 79
86 182 93 90 207 136 135 179 125 103 235 184 70 121 64 81 77 204 90 70 183 140 113 41 204 78 92 103 141 203 118 99 118 27 163 171 38 180 77 99 163 75 101 122 107 59 172 73 106 109 181 45 179 181 114 180 105 71 137 65 125 107 69 37 78 84 53 62 84 78 99 103 93 90 36 39 51 41 49 64 78 71 82 86 41 32 16 0 28 39 53 55 63 71 75 81 94 98 95 86 77
100 158 104 108 184 132 108 156 127 83 211 160 56 123 36 74 104 181 83 62 160 113 101 67 181 95 68 99 113 180 120 95 91 12 140 148 26 156 83 94 139 102 97 95 108 59 148 100 82 105 157 72 156 157 94 156 83 77 110 44 127 103 68 24 91 90 48 58 75 72 93 99 84 79 28 21 41 34 37 61 84 78 88 100 67 58 42 28 0 11 26 32 42 51 60 66 72 76 73 64 53
105 151 109 119 177 127 97 149 124 72 204 153 46 121 25 67 114 174 76 70 153 103 94 78 174 107 61 92 103 173 121 93 80 21 133 141 22 149 87 87 132 112 97 85 108 61 141 110 75 100 150 82 149 150 83 149 76 77 99 36 124 97 68 28 98 95 50 58 68 65 86 93 77 72 33 18 41 39 35 61 84 78 91 105 77 69 53 39 11 0 19 25 35 44 53 59 65 69 66 57 46
92 132 96 117 158 108 115 130 105 90 185 134 28 102 44 49 128 155 58 87 134 121 75 91 155 101 42 74 121 154 106 75 98 37 114 122 19 130 75 68 113 126 79 103 93 48 122 124 56 81 131 95 130 131 101 130 57 61 117 54 105 79 53 22 86 82 37 44 50 47 68 74 58 53 26 20 29 29 22 46 68 62 78 92 92 83 66 53 26 19 0 7 15 23 34 41 46 50 47 38 27
85 129 89 110 155 101 122 127 98 97 182 131 21 95 50 42 126 152 51 93 131 127 76 88 152 97 39 67 128 151 99 68 105 43 111 119 17 127 68 62 110 124 72 109 86 41 119 122 53 75 128 92 127 128 108 127 54 54 124 61 98 72 47 19 80 75 31 37 43 40 61 67 54 50 24 18 24 26 19 39 61 55 71 85 89 80 64 55 32 25 7 0 10 19 27 34 43 47 44 35 24
79 125 82 104 150 93 132 122 90 107 178 127 14 87 47 33 129 147 43 103 126 137 63 85 147 91 35 58 138 146 92 59 108 54 106 114 25 123 61 53 106 127 65 115 79 34 114 125 49 66 124 95 122 124 118 123 45 48 134 71 90 63 40 27 73 68 24 30 34 32 52 59 45 41 28 26 18 23 17 33 54 48 64 79 92 83 67 63 42 35 15 10 0 9 19 25 34 38 35 26 15
70 128 74 95 154 84 140 126 81 115 182 130 7 78 56 24 136 151 33 112 130 146 54 92 151 83 33 49 146 150 84 50 117 62 110 118 33 127 53 44 109 134 57 123 71 26 118 132 53 57 127 102 126 127 126 126 36 39 143 79 81 54 32 35 65 60 21 22 25 23 43 50 36 32 37 34 20 30 25 24 46 40 56 70 99 90 73 71 51 44 23 19 9 0 10 16 25 29 26 17 10
67 138 70 92 163 76 149 135 73 124 191 139 8 70 66 17 136 160 26 121 139 155 50 92 160 79 34 41 155 159 79 43 127 71 119 127 41 136 49 36 119 134 52 134 65 22 127 132 62 49 137 103 135 137 135 136 33 36 151 88 73 47 28 44 61 56 20 18 18 15 35 42 28 23 43 42 26 35 32 21 42 36 53 67 99 90 74 75 60 53 34 27 19 10 0 9 22 30 27 18 16
64 146 68 89 172 71 155 144 68 130 199 148 14 65 72 11 142 169 17 127 148 161 43 98 169 81 43 35 161 168 74 37 133 77 128 136 47 144 48 28 127 140 46 140 59 24 136 138 70 41 145 108 144 145 141 144 26 37 158 94 68 38 26 50 60 54 26 20 9 9 29 35 21 16 49 48 32 41 38 20 43 37 50 64 105 96 79 81 66 59 41 34 25 16 9 0 15 22 27 25 22
79 131 83 104 156 71 158 128 68 136 184 132 27 66 67 17 155 153 21 132 132 167 34 111 153 94 27 34 167 152 82 39 128 83 112 120 58 129 62 30 112 153 49 135 63 38 120 151 55 43 130 121 128 130 147 129 11 49 170 100 68 40 40 60 75 69 40 34 13 16 28 34 17 12 61 59 45 54 49 34 57 50 64 79 118 109 93 94 72 65 46 43 34 25 22 15 0 8 12 15 24
84 125 87 109 150 79 152 123 76 140 178 127 31 73 61 24 159 147 29 136 127 170 38 115 147 103 21 41 171 146 90 47 122 87 106 114 62 123 67 37 106 157 56 129 70 46 115 155 49 50 124 126 122 124 151 123 10 56 165 104 76 47 47 64 79 73 44 42 20 23 35 42 25 20 65 63 49 58 53 41 65 57 70 84 122 114 97 98 76 69 50 47 38 29 30 22 8 0 6 14 20
88 119 91 113 145 83 146 117 80 137 172 121 28 77 55 29 156 142 33 134 121 168 46 112 142 100 16 45 168 141 93 51 116 84 101 109 59 117 70 41 100 154 60 123 74 43 109 152 43 54 118 123 117 118 148 117 16 57 159 101 80 51 49 61 82 77 41 39 25 27 39 45 29 24 62 60 46 55 50 42 63 57 73 88 120 111 94 95 73 66 47 44 35 26 27 27 12 6 0 8 14
79 123 82 104 149 82 149 121 79 128 176 125 19 77 58 26 147 146 32 125 125 159 45 104 146 91 20 45 159 145 93 50 119 75 105 113 50 121 61 41 104 146 60 126 74 34 113 144 48 54 122 114 121 122 139 121 21 48 161 92 79 51 40 52 73 68 32 30 23 25 39 45 29 23 53 51 37 46 41 33 54 48 65 79 111 102 85 86 64 57 38 35 26 17 18 25 15 14 8 0 7
77 126 81 102 152 90 143 124 87 118 180 128 13 84 52 30 142 149 40 114 128 148 53 98 149 90 23 52 148 148 90 56 113 64 108 116 39 125 59 48 107 140 64 120 78 33 116 138 51 61 125 108 124 125 129 124 30 46 156 82 87 58 38 42 72 67 27 29 29 28 46 53 36 31 42 40 30 39 34 31 53 47 63 77 105 96 79 77 53 46 27 24 15 10 16 22 24 20 14 7 0