0 193 101 196 59 200 64 247 181 131 79 92 241 78 74 231 12 229 69 186 58 201 188 162 77 63 191 88 186 196 66 33 95 207 61 188 75 224 70 56 187 113 199 190 55 202 38 220 59 92 200 52 192 60 140 94 177 64 196 218 45 64 36 82 9 13 56 45 63 57 65 65 64 67 78 88 66 71 71 44 21 27 15 0 97 88 84 86 100 105 92 85 79 70 67 64 79 84 88 79 77
193 0 152 3 150 7 162 199 14 248 132 119 111 209 137 100 204 98 198 19 174 9 139 264 157 245 131 116 19 3 125 199 99 242 201 20 187 93 161 147 222 114 7 149 209 139 166 159 174 172 7 150 154 171 174 211 24 126 66 253 146 166 154 141 187 182 140 144 138 141 157 162 142 137 145 140 137 140 135 147 168 162 178 193 211 202 185 176 152 145 127 124 119 123 132 141 125 119 114 118 121
101 152 0 155 81 159 92 153 140 108 82 82 200 71 77 190 111 188 60 145 97 160 93 110 104 133 97 36 145 155 47 93 68 113 74 147 60 183 103 72 93 44 158 88 132 108 78 125 101 28 159 66 93 100 45 71 136 52 155 123 60 98 68 26 92 91 49 58 71 68 89 95 82 78 29 18 41 35 34 61 83 77 90 101 71 62 46 32 7 10 25 32 40 48 56 62 71 75 72 63 53
196 3 155 0 154 4 165 202 17 251 135 122 114 212 140 103 207 101 201 22 177 6 142 267 160 248 134 120 22 3 128 203 102 245 204 23 190 96 164 150 225 117 4 152 212 142 169 162 177 175 4 153 157 174 177 214 27 129 69 256 149 169 157 144 190 185 143 147 142 144 160 165 146 140 148 143 140 144 138 150 171 165 182 196 214 205 188 179 156 149 130 127 122 126 135 144 128 122 117 121 124
59 150 81 154 0 158 13 219 139 151 26 39 199 106 21 189 66 187 101 144 19 159 159 178 25 122 173 52 144 154 34 75 53 179 94 146 91 182 24 9 159 79 157 157 60 184 45 191 23 92 158 15 159 22 111 114 135 32 154 189 30 21 29 64 55 49 37 29 14 13 11 16 8 13 63 65 46 54 51 29 38 33 44 59 113 104 88 89 85 77 58 51 43 34 26 22 25 33 37 36 44
200 7 159 4 158 0 170 206 21 256 139 126 118 217 144 107 211 106 205 26 181 2 147 271 164 253 138 124 26 6 133 207 106 249 208 28 195 100 169 155 230 121 1 157 216 146 173 167 181 179 0 157 161 178 182 218 31 134 73 260 154 173 161 148 195 190 148 152 146 148 164 170 150 145 153 147 144 148 142 154 175 169 186 200 218 209 192 184 160 153 134 131 127 130 139 148 132 127 121 125 128
64 162 92 165 13 170 0 231 151 162 32 45 211 118 27 201 65 199 108 156 13 171 171 189 15 125 179 63 156 165 46 81 64 191 100 157 102 193 13 20 171 85 169 163 52 190 51 218 15 103 170 27 165 14 123 125 147 44 166 202 41 10 39 75 61 55 48 40 22 26 6 5 14 19 74 78 57 65 63 40 44 39 50 64 125 116 99 100 96 89 70 63 55 46 38 30 32 39 43 43 50
247 199 153 202 219 206 231 0 188 257 211 200 89 220 213 147 259 101 208 193 239 208 65 251 241 286 59 172 193 202 187 246 184 161 222 194 212 140 246 215 210 155 206 77 275 67 220 30 243 177 206 209 82 242 162 220 184 188 171 128 202 239 210 170 240 237 192 201 210 207 228 235 219 214 176 160 183 181 177 204 226 220 233 247 220 211 195 181 153 143 161 168 178 186 195 201 206 201 195 197 188
181 14 140 17 139 21 151 188 0 237 120 107 99 198 125 88 193 87 186 5 162 22 128 252 145 234 119 105 5 17 114 188 87 231 189 7 176 81 150 136 211 102 20 138 197 127 154 148 163 160 21 138 142 159 163 199 12 115 54 241 135 154 142 129 176 171 129 133 127 129 146 151 131 126 134 128 125 129 123 135 156 150 167 181 199 190 174 165 141 134 115 112 108 111 121 129 114 108 102 106 109
131 248 108 251 151 256 162 257 237 0 163 167 297 71 158 286 138 285 62 242 167 257 197 41 175 143 201 132 242 251 131 117 166 158 79 243 76 279 172 142 113 149 255 193 181 212 130 230 172 83 256 136 198 170 112 37 233 132 252 169 125 169 131 109 123 126 115 123 145 139 160 164 155 151 105 113 116 107 114 126 132 132 131 131 39 47 66 78 105 115 129 127 130 137 137 142 156 160 157 148 143
79 132 82 135 26 139 32 211 120 163 0 13 180 119 5 170 86 168 113 125 43 140 155 186 31 142 152 49 125 135 39 95 34 178 110 127 103 163 35 25 158 57 138 135 82 163 59 191 46 103 139 29 138 42 111 126 116 38 135 189 43 37 45 72 75 69 51 42 18 23 28 32 18 13 73 70 56 65 60 42 58 53 64 79 126 117 100 105 83 76 57 54 45 36 33 26 11 10 16 21 30
92 119 82 122 39 126 45 200 107 167 13 0 167 122 18 157 99 155 116 112 56 127 144 185 44 155 141 48 112 122 38 108 21 177 117 114 106 150 47 38 158 47 125 124 95 152 69 180 59 102 126 42 127 55 110 129 103 37 122 188 50 50 58 71 88 82 51 49 31 31 41 44 31 26 72 69 55 65 60 49 71 65 77 92 129 120 104 105 82 75 57 53 44 36 37 31 16 8 10 18 25
241 111 200 114 199 118 211 89 99 297 180 167 0 258 186 59 253 12 247 104 222 119 62 249 205 294 54 165 104 114 174 248 148 202 250 106 236 52 210 196 208 163 117 72 258 62 214 82 223 221 118 199 77 220 160 260 95 175 82 170 195 214 202 190 236 231 189 193 187 190 206 211 191 186 194 188 186 189 183 195 217 211 227 241 260 251 234 225 201 194 175 172 168 172 181 189 174 168 162 166 170
78 209 71 212 106 217 118 220 198 71 119 122 258 0 114 248 85 246 13 203 118 218 160 102 130 77 164 94 203 213 86 57 121 180 27 205 23 241 127 97 138 112 216 156 128 175 78 192 121 46 217 91 160 121 105 34 194 87 213 190 80 123 86 70 71 73 70 79 100 95 117 119 110 106 66 74 71 68 70 81 79 79 78 78 36 29 30 41 67 78 90 88 85 92 92 98 111 115 112 103 98
74 137 77 140 21 144 27 213 125 158 5 18 186 114 0 175 81 173 108 130 38 146 154 181 26 137 156 44 130 140 34 90 39 173 105 132 98 168 29 20 153 62 143 140 77 167 54 195 41 98 144 24 143 37 105 121 121 33 141 184 38 32 40 67 70 64 46 36 13 18 23 26 13 8 67 65 51 60 55 37 53 47 59 74 121 112 95 100 78 71 52 49 40 31 28 21 9 15 20 21 30
231 100 190 103 189 107 201 147 88 286 170 157 59 248 175 0 242 47 236 94 212 109 88 302 195 284 79 155 94 103 164 238 137 280 239 95 226 29 200 185 260 152 107 97 247 87 204 107 212 210 107 188 102 209 213 249 85 165 71 228 184 204 192 179 225 220 179 182 177 179 195 201 181 176 183 178 175 179 173 185 206 200 217 231 249 240 223 215 191 184 165 162 157 161 170 179 163 158 152 156 159
12 204 111 207 66 211 65 259 193 138 86 99 253 85 81 242 0 241 76 198 56 213 199 169 74 64 203 99 198 207 78 34 106 219 68 199 82 235 68 63 199 125 211 201 46 214 50 231 57 103 211 64 204 58 151 101 189 76 208 230 57 62 47 93 20 25 68 57 72 69 67 66 71 74 90 99 78 83 83 56 32 39 26 12 104 95 91 98 110 117 104 97 90 82 78 76 86 94 98 90 89
229 98 188 101 187 106 199 101 87 285 168 155 12 246 173 47 241 0 234 92 210 107 50 237 193 282 41 153 92 101 162 236 135 214 237 93 224 39 198 184 195 150 105 60 245 49 202 70 211 209 106 186 65 207 148 247 83 163 70 182 183 202 190 177 224 219 177 181 175 177 194 199 179 174 182 176 173 177 171 183 204 198 215 229 247 238 222 213 189 182 163 160 156 159 169 177 162 156 150 154 157
69 198 60 201 101 205 108 208 186 62 113 116 247 13 108 236 76 234 0 192 108 207 149 93 121 82 152 82 192 201 81 55 115 168 17 193 14 229 117 92 126 100 205 144 118 163 68 181 111 35 205 86 149 111 94 25 183 81 202 179 74 114 80 59 61 64 64 73 95 89 110 110 105 101 54 62 66 56 64 75 69 70 69 69 28 19 18 29 56 66 79 76 79 86 87 92 105 110 107 98 92
186 19 145 22 144 26 156 193 5 242 125 112 104 203 130 94 198 92 192 0 167 28 133 257 150 239 124 110 0 22 119 193 93 236 195 2 181 87 155 141 216 107 25 143 203 133 159 153 168 166 26 143 148 165 168 205 13 120 59 246 140 159 147 135 181 176 134 138 132 135 151 156 136 131 139 133 131 134 128 140 162 156 172 186 204 195 179 170 146 139 120 117 113 117 126 134 119 113 107 111 115
58 174 97 177 19 181 13 239 162 167 43 56 222 118 38 212 56 210 108 167 0 183 179 195 24 116 190 72 167 177 54 78 76 199 100 169 107 205 17 26 179 96 180 174 42 201 52 211 8 108 181 32 177 8 131 130 158 52 177 209 47 13 40 80 56 50 54 46 33 33 18 12 26 31 79 82 62 71 68 46 39 39 44 58 130 121 104 106 102 97 78 71 63 54 46 41 43 50 54 54 60
201 9 160 6 159 2 171 208 22 257 140 127 119 218 146 109 213 107 207 28 183 0 148 273 165 254 139 125 28 6 134 208 108 251 210 29 196 102 170 156 231 123 2 158 218 148 174 168 183 181 2 159 163 180 183 220 32 135 74 262 155 174 162 150 196 191 149 153 147 150 166 171 151 146 154 148 146 149 143 155 177 171 187 201 220 211 194 185 161 154 135 132 128 132 141 149 134 128 122 127 130
188 139 93 142 159 147 171 65 128 197 155 144 62 160 154 88 199 50 149 133 179 148 0 192 186 226 9 112 133 142 127 186 128 170 163 134 152 80 181 155 150 100 146 22 215 20 161 34 183 117 147 149 27 182 103 160 124 129 111 181 143 180 151 110 180 177 132 141 151 148 169 175 159 154 116 101 124 121 117 144 166 160 174 188 160 151 135 121 94 83 101 108 118 127 135 142 151 145 140 142 129
162 264 110 267 178 271 189 251 252 41 186 185 249 102 181 302 169 237 93 257 195 273 192 0 202 172 196 139 257 267 158 148 180 115 110 259 107 295 199 169 68 152 270 187 211 207 157 224 199 104 271 163 192 198 89 69 248 159 267 135 152 196 158 116 154 157 142 151 172 167 188 192 182 179 119 118 133 125 129 153 163 160 162 162 72 74 92 99 103 125 143 134 142 150 164 170 175 178 176 167 156
77 157 104 160 25 164 15 241 145 175 31 44 205 130 26 195 74 193 121 150 24 165 186 202 0 134 182 69 150 160 58 94 59 199 113 152 114 188 6 33 179 88 163 166 56 193 64 221 21 116 164 39 169 18 131 137 141 56 160 209 54 12 52 87 74 68 61 53 32 38 15 13 22 28 86 90 70 78 75 53 57 52 62 77 137 128 112 113 104 97 78 75 67 58 49 43 37 41 49 48 56
63 245 133 248 122 253 125 286 234 143 142 155 294 77 137 284 64 282 82 239 116 254 226 172 134 0 230 140 239 248 119 48 147 246 81 240 95 276 128 119 207 166 252 222 109 241 101 258 117 115 253 115 226 118 178 105 230 117 249 256 102 122 98 122 71 76 109 108 125 120 127 126 127 129 114 130 115 110 116 107 83 90 77 63 107 98 99 110 132 144 137 133 131 123 119 127 142 146 140 131 130
191 131 97 134 173 138 179 59 119 201 152 141 54 164 156 79 203 41 152 124 190 139 9 196 182 230 0 116 124 134 131 190 125 174 166 126 156 72 187 159 154 97 137 18 219 11 164 39 193 121 138 153 23 192 106 164 115 133 102 185 146 191 155 114 184 181 136 145 161 152 175 182 165 160 120 104 127 125 121 148 170 164 177 191 164 155 139 125 98 87 105 112 122 130 139 145 148 142 136 139 133
88 116 36 120 52 124 63 172 105 132 49 48 165 94 44 155 99 153 82 110 72 125 112 139 69 140 116 0 110 120 23 95 32 132 91 112 75 148 71 48 112 35 123 111 113 127 61 144 76 56 124 47 114 75 64 95 101 24 120 142 41 72 49 25 82 77 37 39 43 41 60 66 49 44 29 24 30 32 25 42 63 57 74 88 95 86 69 60 37 30 11 8 11 20 28 34 37 41 38 29 19
186 19 145 22 144 26 156 193 5 242 125 112 104 203 130 94 198 92 192 0 167 28 133 257 150 239 124 110 0 22 119 193 93 236 195 2 181 87 155 141 216 107 25 143 203 133 159 153 168 166 26 143 148 165 168 205 13 120 59 246 140 159 147 135 181 176 134 138 132 135 151 156 136 131 139 133 131 134 128 140 162 156 172 186 204 195 179 170 146 139 120 117 113 117 126 134 119 113 107 111 115
196 3 155 3 154 6 165 202 17 251 135 122 114 213 140 103 207 101 201 22 177 6 142 267 160 248 134 120 22 0 128 203 102 245 204 23 190 96 165 150 225 117 5 152 212 142 169 162 177 175 6 153 157 174 178 214 27 130 69 256 149 169 157 144 190 185 144 147 142 144 160 166 146 141 148 143 140 144 138 150 171 165 182 196 214 205 188 179 156 149 130 127 122 126 135 144 128 123 117 121 124
66 125 47 128 34 133 46 187 114 131 39 38 174 86 34 164 78 162 81 119 54 134 127 158 58 119 131 23 119 128 0 73 35 146 81 120 71 156 57 30 127 48 132 125 90 142 39 159 58 67 133 24 127 57 79 94 110 2 129 157 20 55 27 35 61 56 16 18 25 23 44 50 37 32 36 34 18 27 22 20 42 36 52 66 94 85 68 69 51 44 26 19 12 5 10 16 27 31 28 20 12
33 199 93 203 75 207 81 246 188 117 95 108 248 57 90 238 34 236 55 193 78 208 186 148 94 48 190 95 193 203 73 0 102 206 47 195 61 231 91 72 186 120 206 182 79 201 51 218 80 85 207 68 187 81 138 80 184 71 203 216 56 87 52 83 30 32 63 57 79 73 80 83 80 83 74 90 69 71 77 57 39 43 37 33 83 74 70 80 92 104 98 92 86 77 74 76 89 97 95 86 84
95 99 68 102 53 106 64 184 87 166 34 21 148 121 39 137 106 135 115 93 76 108 128 180 59 147 125 32 93 102 35 102 0 159 115 94 105 130 64 49 139 30 106 108 111 136 68 164 76 88 106 52 111 73 91 128 84 36 103 169 48 68 56 57 89 84 48 46 41 43 59 65 45 40 61 55 53 62 51 49 70 64 81 95 128 119 102 92 68 61 43 39 35 33 34 43 27 22 16 20 23
207 242 113 245 179 249 191 161 231 158 178 177 202 180 173 280 219 214 168 236 199 251 170 115 199 246 174 132 236 245 146 206 159 0 182 237 172 273 201 175 73 131 249 166 235 185 180 190 203 136 249 169 171 202 83 145 227 148 246 56 162 199 170 130 200 197 152 161 170 167 188 195 179 174 136 120 143 141 137 164 186 180 193 207 146 148 153 141 113 103 121 128 138 146 155 161 167 171 168 159 148
61 201 74 204 94 208 100 222 189 79 110 117 250 27 105 239 68 237 17 195 100 210 163 110 113 81 166 91 195 204 81 47 115 182 0 196 23 232 110 89 140 114 207 158 111 177 60 195 103 48 208 83 163 104 107 42 185 81 205 193 69 106 68 73 53 56 67 70 92 86 99 102 99 98 65 76 68 62 68 70 62 62 61 61 45 36 32 43 70 80 89 85 83 85 86 88 102 110 107 98 92
188 20 147 23 146 28 157 194 7 243 127 114 106 205 132 95 199 93 193 2 169 29 134 259 152 240 126 112 2 23 120 195 94 237 196 0 182 88 157 142 217 109 27 144 204 134 161 154 169 167 28 145 149 166 170 206 14 122 61 248 141 161 149 136 182 177 136 139 134 136 152 157 138 133 140 135 132 136 130 142 163 157 174 188 206 197 180 171 148 141 122 119 114 118 127 136 120 114 109 113 116
75 187 60 190 91 195 102 212 176 76 103 106 236 23 98 226 82 224 14 181 107 196 152 107 114 95 156 75 181 190 71 61 105 172 23 182 0 218 112 82 137 104 194 148 125 167 70 185 111 45 195 76 153 110 97 39 172 71 191 183 64 108 70 52 68 70 54 63 85 79 100 104 95 91 48 57 56 48 54 65 76 72 75 75 42 33 29 40 59 70 72 69 69 76 77 82 95 100 97 88 82
224 93 183 96 182 100 193 140 81 279 163 150 52 241 168 29 235 39 229 87 205 102 80 295 188 276 72 148 87 96 156 231 130 273 232 88 218 0 193 178 253 145 100 90 240 80 197 100 205 203 100 181 95 202 205 242 78 157 64 221 177 197 185 172 218 213 172 175 170 172 188 193 174 168 176 171 168 172 166 178 199 193 210 224 242 233 216 207 184 177 158 155 150 154 163 172 156 150 145 149 152
70 161 103 164 24 169 13 246 150 172 35 47 210 127 29 200 68 198 117 155 17 170 181 199 6 128 187 71 155 165 57 91 64 201 110 157 112 193 0 30 181 93 168 171 50 198 61 226 15 113 169 37 173 12 133 135 146 55 165 211 51 7 49 85 70 64 58 50 32 37 14 8 22 27 84 89 67 75 73 50 53 48 58 70 135 126 109 110 105 98 80 75 66 57 49 42 39 45 50 50 58
56 147 72 150 9 155 20 215 136 142 25 38 196 97 20 185 63 184 92 141 26 156 155 169 33 119 159 48 141 150 30 72 49 175 89 142 82 178 30 0 155 74 154 150 66 170 37 187 30 83 155 7 152 29 107 105 132 28 151 185 21 27 23 55 52 46 28 20 9 9 18 23 14 12 54 57 37 45 43 20 34 30 41 56 105 96 79 81 77 72 54 47 39 30 22 16 25 32 34 32 36
187 222 93 225 159 230 171 210 211 113 158 158 208 138 153 260 199 195 126 216 179 231 150 68 179 207 154 112 216 225 127 186 139 73 140 217 137 253 181 155 0 111 229 146 215 165 160 183 183 110 230 149 151 182 48 99 207 129 226 84 142 179 151 110 180 177 132 141 150 148 168 175 159 154 116 100 123 121 117 144 166 160 173 187 101 103 108 114 94 83 101 108 118 126 135 141 147 151 148 139 129
113 114 44 117 79 121 85 155 102 149 57 47 163 112 62 152 125 150 100 107 96 123 100 152 88 166 97 35 107 117 48 120 30 131 114 109 104 145 93 74 111 0 120 80 135 108 87 136 99 68 121 73 83 97 63 112 98 50 118 141 67 97 75 61 108 103 64 65 67 66 81 87 71 66 64 52 53 56 51 67 89 83 99 113 111 102 86 73 45 34 45 42 35 46 54 60 53 48 42 44 39
199 7 158 4 157 1 169 206 20 255 138 125 117 216 143 107 211 105 205 25 180 2 146 270 163 252 137 123 25 5 132 206 106 249 207 27 194 100 168 154 229 120 0 156 216 145 172 166 181 179 1 156 161 178 181 218 30 133 72 259 153 172 160 148 194 189 147 151 145 148 164 169 149 144 152 146 144 147 141 153 175 169 185 199 217 208 192 183 159 152 133 130 126 130 139 147 132 126 120 124 128
190 149 88 152 157 157 163 77 138 193 135 124 72 156 140 97 201 60 144 143 174 158 22 187 166 222 18 111 143 152 125 182 108 166 158 144 148 90 171 150 146 80 156 0 213 29 163 57 177 112 157 149 7 175 98 156 134 126 121 176 143 175 151 106 184 179 128 141 145 142 159 165 149 144 111 96 119 117 113 144 165 159 175 190 155 147 131 117 89 79 97 103 111 120 130 136 131 126 120 122 117
55 209 132 212 60 216 52 275 197 181 82 95 258 128 77 247 46 245 118 203 42 218 215 211 56 109 219 113 203 212 90 79 111 235 111 204 125 240 50 66 215 135 216 213 0 230 73 248 37 133 216 73 216 38 167 143 194 88 213 246 75 44 64 111 58 58 84 75 73 74 55 50 65 70 110 115 94 101 99 74 55 59 54 55 147 138 128 130 132 133 119 112 104 95 87 81 82 90 93 93 101
202 139 108 142 184 146 190 67 127 212 163 152 62 175 167 87 214 49 163 133 201 148 20 207 193 241 11 127 133 142 142 201 136 185 177 134 167 80 198 170 165 108 145 29 230 0 175 47 204 132 146 164 34 203 117 175 123 144 110 194 157 202 166 125 195 192 147 156 172 163 186 192 176 171 131 115 138 136 132 159 181 175 188 202 175 166 150 136 108 98 116 123 133 141 150 156 159 153 147 149 144
38 166 78 169 45 173 51 220 154 130 59 69 214 78 54 204 50 202 68 159 52 174 161 157 64 101 164 61 159 169 39 51 68 180 60 161 70 197 61 37 160 87 172 163 73 175 0 193 56 71 173 30 165 57 113 93 150 38 169 191 22 57 15 56 33 28 29 23 41 35 51 53 50 47 53 61 39 47 45 23 20 14 24 38 93 84 67 69 75 78 65 58 52 44 40 40 53 60 61 52 50
220 159 125 162 191 167 218 30 148 230 191 180 82 192 195 107 231 70 181 153 211 168 34 224 221 258 39 144 153 162 159 218 164 190 195 154 185 100 226 187 183 136 166 57 248 47 193 0 216 149 167 181 62 214 135 192 144 161 131 157 175 230 183 142 212 210 164 173 183 180 214 220 204 199 148 133 156 153 150 176 199 193 206 220 192 183 167 153 126 116 134 140 150 159 168 174 187 181 175 177 172
59 174 101 177 23 181 15 243 163 172 46 59 223 121 41 212 57 211 111 168 8 183 183 199 21 117 193 76 168 177 58 80 76 203 103 169 111 205 15 30 183 99 181 177 37 204 56 216 0 113 181 36 179 3 135 134 159 56 178 214 51 9 45 84 58 52 58 50 36 38 18 13 28 33 83 86 67 75 72 50 43 41 46 59 134 125 109 110 106 101 82 75 67 58 50 45 45 53 57 57 64
92 172 28 175 92 179 103 177 160 83 103 102 221 46 98 210 103 209 35 166 108 181 117 104 116 115 121 56 166 175 67 85 88 136 48 167 45 203 113 83 110 68 179 112 133 132 71 149 113 0 179 77 117 111 62 46 157 69 176 147 66 110 72 33 83 86 57 64 88 84 101 106 96 94 33 35 49 40 46 67 80 74 84 92 46 37 21 7 24 34 49 50 59 67 75 81 91 95 92 83 73
200 7 159 4 158 0 170 206 21 256 139 126 118 217 144 107 211 106 205 26 181 2 147 271 164 253 138 124 26 6 133 207 106 249 208 28 195 100 169 155 230 121 1 157 216 146 173 167 181 179 0 157 161 178 182 218 31 134 73 260 154 173 161 148 195 190 148 152 146 148 164 170 150 145 153 147 144 148 142 154 175 169 186 200 218 209 192 184 160 153 134 131 127 130 139 148 132 127 121 125 128
52 150 66 153 15 157 27 209 138 136 29 42 199 91 24 188 64 186 86 143 32 159 149 163 39 115 153 47 143 153 24 68 52 169 83 145 76 181 37 7 149 73 156 149 73 164 30 181 36 77 157 0 151 35 101 99 134 22 154 179 15 33 16 49 48 42 22 14 11 6 25 29 20 17 48 51 31 39 37 14 31 25 38 52 99 90 73 75 71 66 53 46 38 29 21 15 25 32 36 34 35
192 154 93 157 159 161 165 82 142 198 138 127 77 160 143 102 204 65 149 148 177 163 27 192 169 226 23 114 148 157 127 187 111 171 163 149 153 95 173 152 151 83 161 7 216 34 165 62 179 117 161 151 0 178 103 161 139 128 125 181 146 178 153 110 187 182 133 144 147 145 161 168 151 146 116 101 124 121 118 146 168 162 178 192 160 151 135 121 94 84 102 108 114 123 133 139 134 128 122 125 119
60 171 100 174 22 178 14 242 159 170 42 55 220 121 37 209 58 207 111 165 8 180 182 198 18 118 192 75 165 174 57 81 73 202 104 166 110 202 12 29 182 97 178 175 38 203 57 214 3 111 178 35 178 0 134 133 156 55 175 212 50 6 45 83 58 52 56 49 35 36 17 12 27 32 82 85 65 74 71 49 44 42 46 60 133 124 107 109 105 100 81 74 66 57 49 43 44 52 56 55 63
140 174 45 177 111 182 123 162 163 112 111 110 160 105 105 213 151 148 94 168 131 183 103 89 131 178 106 64 168 178 79 138 91 83 107 170 97 205 133 107 48 63 181 98 167 117 113 135 135 62 182 101 103 134 0 95 159 81 178 94 95 132 103 62 132 129 84 93 102 100 121 127 111 106 68 53 76 73 69 96 118 112 125 140 95 89 74 66 46 35 53 60 70 78 87 93 99 103 100 91 81
94 211 71 214 114 218 125 220 199 37 126 129 260 34 121 249 101 247 25 205 130 220 160 69 137 105 164 95 205 214 94 80 128 145 42 206 39 242 135 105 99 112 218 156 143 175 93 192 134 46 218 99 161 133 95 0 196 94 215 156 87 131 93 72 86 88 77 86 108 102 123 127 118 114 67 75 79 69 77 88 94 95 94 94 2 10 29 41 67 78 92 89 92 99 100 105 118 123 120 111 105
177 24 136 27 135 31 147 184 12 233 116 103 95 194 121 85 189 83 183 13 158 32 124 248 141 230 115 101 13 27 110 184 84 227 185 14 172 78 146 132 207 98 30 134 194 123 150 144 159 157 31 134 139 156 159 196 0 111 50 237 131 150 138 126 172 167 125 129 123 126 142 147 127 122 130 124 122 125 119 131 153 147 163 177 195 186 170 161 137 130 111 108 104 108 117 125 110 104 98 102 106
64 126 52 129 32 134 44 188 115 132 38 37 175 87 33 165 76 163 81 120 52 135 129 159 56 117 133 24 120 130 2 71 36 148 81 122 71 157 55 28 129 50 133 126 88 144 38 161 56 69 134 22 128 55 81 94 111 0 130 159 18 53 26 39 59 54 17 16 24 21 42 48 35 30 38 37 20 29 24 18 40 34 50 64 94 85 68 70 56 46 28 21 14 7 8 14 27 31 28 19 13
196 66 155 69 154 73 166 171 54 252 135 122 82 213 141 71 208 70 202 59 177 74 111 267 160 249 102 120 59 69 129 203 103 246 205 61 191 64 165 151 226 118 72 121 213 110 169 131 178 176 73 154 125 175 178 215 50 130 0 257 150 169 157 145 191 186 144 148 142 145 161 166 146 141 149 143 141 144 138 150 172 166 182 196 215 206 189 180 156 149 130 127 123 127 136 144 129 123 117 121 125
218 253 123 256 189 260 202 128 241 169 189 188 170 190 184 228 230 182 179 246 209 262 181 135 209 256 185 142 246 256 157 216 169 56 193 248 183 221 211 185 84 141 259 176 246 194 191 157 214 147 260 179 181 212 94 156 237 159 257 0 173 210 181 140 210 208 162 171 181 178 199 205 190 185 146 131 154 151 148 174 197 191 204 218 157 159 164 151 124 114 132 138 148 157 166 172 177 181 179 170 159
45 146 60 149 30 154 41 202 135 125 43 50 195 80 38 184 57 183 74 140 47 155 143 152 54 102 146 41 140 149 20 56 48 162 69 141 64 177 51 21 142 67 153 143 75 157 22 175 51 66 154 15 146 50 95 87 131 18 150 173 0 48 10 38 44 35 11 3 24 19 39 44 34 30 37 43 21 28 26 3 24 18 31 45 87 78 62 63 60 60 46 39 32 24 20 21 35 42 41 32 31
64 166 98 169 21 173 10 239 154 169 37 50 214 123 32 204 62 202 114 159 13 174 180 196 12 122 191 72 159 169 55 87 68 199 106 161 108 197 7 27 179 97 172 175 44 202 57 230 9 110 173 33 178 6 132 131 150 53 169 210 48 0 45 81 62 56 55 47 30 34 12 7 22 28 80 83 64 72 69 47 47 44 50 64 131 122 106 107 103 97 79 72 63 54 47 38 40 47 51 51 58
36 154 68 157 29 161 39 210 142 131 45 58 202 86 40 192 47 190 80 147 40 162 151 158 52 98 155 49 147 157 27 52 56 170 68 149 70 185 49 23 151 75 160 151 64 166 15 183 45 72 161 16 153 45 103 93 138 26 157 181 10 45 0 46 31 25 20 10 26 21 37 42 35 32 45 51 29 37 35 9 15 9 21 36 93 84 68 69 68 68 53 47 40 32 28 26 40 47 49 40 38
82 141 26 144 64 148 75 170 129 109 72 71 190 70 67 179 93 177 59 135 80 150 110 116 87 122 114 25 135 144 35 83 57 130 73 136 52 172 85 55 110 61 148 106 111 125 56 142 84 33 148 49 110 83 62 72 126 39 145 140 38 81 46 0 73 72 27 36 58 53 73 77 69 64 8 10 19 12 14 39 62 56 69 82 72 63 46 37 24 28 22 19 27 35 44 50 60 64 61 52 42
9 187 92 190 55 195 61 240 176 123 75 88 236 71 70 225 20 224 61 181 56 196 180 154 74 71 184 82 181 190 61 30 89 200 53 182 68 218 70 52 180 108 194 184 58 195 33 212 58 83 195 48 187 58 132 86 172 59 191 210 44 62 31 73 0 6 51 45 58 53 60 62 60 63 69 80 57 62 64 40 18 23 12 9 89 80 76 78 91 98 86 80 73 65 61 60 75 79 82 73 72
13 182 91 185 49 190 55 237 171 126 69 82 231 73 64 220 25 219 64 176 50 191 177 157 68 76 181 77 176 185 56 32 84 197 56 177 70 213 64 46 177 103 189 179 58 192 28 210 52 86 190 42 182 52 129 88 167 54 186 208 35 56 25 72 6 0 46 35 52 47 54 56 54 57 68 77 56 61 61 34 12 17 6 13 92 83 82 84 90 95 82 75 68 60 56 54 69 73 77 68 67
56 140 49 143 37 148 48 192 129 115 51 51 189 70 46 179 68 177 64 134 54 149 132 142 61 109 136 37 134 144 16 63 48 152 67 136 54 172 58 28 132 64 147 128 84 147 29 164 58 57 148 22 133 56 84 77 125 17 144 162 11 55 20 27 51 46 0 10 31 27 46 51 41 37 26 32 9 17 16 13 35 29 42 56 77 68 51 53 48 50 37 31 24 21 20 26 40 44 41 32 27
45 144 58 147 29 152 40 201 133 123 42 49 193 79 36 182 57 181 73 138 46 153 141 151 53 108 145 39 138 147 18 57 46 161 70 139 63 175 50 20 141 65 151 141 75 156 23 173 50 64 152 14 144 49 93 86 129 16 148 171 3 47 10 36 45 35 10 0 23 18 38 43 33 29 35 41 19 27 25 3 24 18 31 45 86 77 60 62 58 58 44 37 30 22 18 20 34 42 39 30 29
63 138 71 142 14 146 22 210 127 145 18 31 187 100 13 177 72 175 95 132 33 147 151 172 32 125 161 43 132 142 25 79 41 170 92 134 85 170 32 9 150 67 145 145 73 172 41 183 36 88 146 11 147 35 102 108 123 24 142 181 24 30 26 58 58 52 31 23 0 5 18 25 11 6 57 57 40 49 45 23 42 36 49 63 108 99 82 84 75 68 50 43 34 25 18 9 13 20 25 23 29
57 141 68 144 13 148 26 207 129 139 23 31 190 95 18 179 69 177 89 135 33 150 148 167 38 120 152 41 135 144 23 73 43 167 86 136 79 172 37 9 148 66 148 142 74 163 35 180 38 84 148 6 145 36 100 102 126 21 145 178 19 34 21 53 53 47 27 18 5 0 23 29 16 10 52 55 35 44 40 18 36 30 43 57 102 93 76 78 72 65 47 40 32 23 15 9 16 23 27 25 28
65 157 89 160 11 164 6 228 146 160 28 41 206 117 23 195 67 194 110 151 18 166 169 188 15 127 175 60 151 160 44 80 59 188 99 152 100 188 14 18 168 81 164 159 55 186 51 214 18 101 164 25 161 17 121 123 142 42 161 199 39 12 37 73 60 54 46 38 18 23 0 7 10 16 72 75 55 63 61 39 43 38 49 65 123 114 97 99 93 86 68 61 52 43 35 29 28 35 39 39 46
65 162 95 165 16 170 5 235 151 164 32 44 211 119 26 201 66 199 110 156 12 171 175 192 13 126 182 66 156 166 50 83 65 195 102 157 104 193 8 23 175 87 169 165 50 192 53 220 13 106 170 29 168 12 127 127 147 48 166 205 44 7 42 77 62 56 51 43 25 29 7 0 17 22 76 79 60 68 65 43 46 41 51 65 127 118 101 103 99 93 74 67 59 50 42 35 34 42 45 45 53
64 142 82 146 8 150 14 219 131 155 18 31 191 110 13 181 71 179 105 136 26 151 159 182 22 127 165 49 136 146 37 80 45 179 99 138 95 174 22 14 159 71 149 149 65 176 50 204 28 96 150 20 151 27 111 118 127 35 146 190 34 22 35 69 60 54 41 33 11 16 10 17 0 6 68 68 51 60 56 33 43 37 49 64 117 108 92 93 84 77 58 54 45 36 28 21 17 25 29 29 36
67 137 78 140 13 145 19 214 126 151 13 26 186 106 8 176 74 174 101 131 31 146 154 179 28 129 160 44 131 141 32 83 40 174 98 133 91 168 27 12 154 66 144 144 70 171 47 199 33 94 145 17 146 32 106 114 122 30 141 185 30 28 32 64 63 57 37 29 6 10 16 22 6 0 63 64 46 54 51 30 45 42 52 67 114 105 88 90 79 72 53 50 41 32 23 16 12 20 24 23 31
78 145 29 148 63 153 74 176 134 105 73 72 194 66 67 183 90 182 54 139 79 154 116 119 86 114 120 29 139 148 36 74 61 136 65 140 48 176 84 54 116 64 152 111 110 131 53 148 83 33 153 48 116 82 68 67 130 38 149 146 37 80 45 8 69 68 26 35 57 52 72 76 68 63 0 17 18 8 14 38 61 55 66 78 67 58 41 36 28 33 26 24 28 37 43 49 61 65 62 53 42
88 140 18 143 65 147 78 160 128 113 70 69 188 74 65 178 99 176 62 133 82 148 101 118 90 130 104 24 133 143 34 90 55 120 76 135 57 171 89 57 100 52 146 96 115 115 61 133 86 35 147 51 101 85 53 75 124 37 143 131 43 83 51 10 80 77 32 41 57 55 75 79 68 64 17 0 24 20 17 44 66 60 74 88 75 66 50 39 21 18 20 18 26 34 42 48 59 63 60 51 40
66 137 41 140 46 144 57 183 125 116 56 55 186 71 51 175 78 173 66 131 62 146 124 133 70 115 127 30 131 140 18 69 53 143 68 132 56 168 67 37 123 53 144 119 94 138 39 156 67 49 144 31 124 65 76 79 122 20 141 154 21 64 29 19 57 56 9 19 40 35 55 60 51 46 18 24 0 9 7 22 45 39 52 66 79 70 53 51 41 41 29 24 18 20 26 32 45 49 46 37 30
71 140 35 144 54 148 65 181 129 107 65 65 189 68 60 179 83 177 56 134 71 149 121 125 78 110 125 32 134 144 27 71 62 141 62 136 48 172 75 45 121 56 147 117 101 136 47 153 75 40 148 39 121 74 73 69 125 29 144 151 28 72 37 12 62 61 17 27 49 44 63 68 60 54 8 20 9 0 7 30 52 46 59 71 69 60 44 41 34 39 29 26 23 30 35 41 54 58 55 46 39
71 135 34 138 51 142 63 177 123 114 60 60 183 70 55 173 83 171 64 128 68 143 117 129 75 116 121 25 128 138 22 77 51 137 68 130 54 166 73 43 117 51 141 113 99 132 45 150 72 46 142 37 118 71 69 77 119 24 138 148 26 69 35 14 64 61 16 25 45 40 61 65 56 51 14 17 7 7 0 28 50 44 57 71 77 68 51 49 37 35 22 19 17 25 32 38 49 53 50 41 34
44 147 61 150 29 154 40 204 135 126 42 49 195 81 37 185 56 183 75 140 46 155 144 153 53 107 148 42 140 150 20 57 49 164 70 142 65 178 50 20 144 67 153 144 74 159 23 176 50 67 154 14 146 49 96 88 131 18 150 174 3 47 9 39 40 34 13 3 23 18 39 43 33 30 38 44 22 30 28 0 23 17 30 44 88 79 63 64 61 61 46 39 33 24 21 20 34 41 42 33 31
21 168 83 171 38 175 44 226 156 132 58 71 217 79 53 206 32 204 69 162 39 177 166 163 57 83 170 63 162 171 42 39 70 186 62 163 76 199 53 34 166 89 175 165 55 181 20 199 43 80 175 31 168 44 118 94 153 40 172 197 24 47 15 62 18 12 35 24 42 36 43 46 43 45 61 66 45 52 50 23 0 6 6 21 98 89 76 78 84 84 68 61 54 46 42 43 57 65 63 54 53
27 162 77 165 33 169 39 220 150 132 53 65 211 79 47 200 39 198 70 156 39 171 160 160 52 90 164 57 156 165 36 43 64 180 62 157 72 193 48 30 160 83 169 159 59 175 14 193 41 74 169 25 162 42 112 95 147 34 166 191 18 44 9 56 23 17 29 18 36 30 38 41 37 42 55 60 39 46 44 17 6 0 13 27 95 86 69 71 78 78 62 55 48 40 36 37 50 57 57 48 47
15 178 90 182 44 186 50 233 167 131 64 77 227 78 59 217 26 215 69 172 44 187 174 162 62 77 177 74 172 182 52 37 81 193 61 174 75 210 58 41 173 99 185 175 54 188 24 206 46 84 186 38 178 46 125 94 163 50 182 204 31 50 21 69 12 6 42 31 49 43 49 51 49 52 66 74 52 59 57 30 6 13 0 15 97 88 80 82 88 91 78 71 64 56 53 50 64 70 73 65 63
0 193 101 196 59 200 64 247 181 131 79 92 241 78 74 231 12 229 69 186 58 201 188 162 77 63 191 88 186 196 66 33 95 207 61 188 75 224 70 56 187 113 199 190 55 202 38 220 59 92 200 52 192 60 140 94 177 64 196 218 45 64 36 82 9 13 56 45 63 57 65 65 64 67 78 88 66 71 71 44 21 27 15 0 97 88 84 86 100 105 92 85 79 70 67 64 79 84 88 79 77
97 211 71 214 113 218 125 220 199 39 126 129 260 36 121 249 104 247 28 204 130 220 160 72 137 107 164 95 204 214 94 83 128 146 45 206 42 242 135 105 101 111 217 155 147 175 93 192 134 46 218 99 160 133 95 2 195 94 215 157 87 131 93 72 89 92 77 86 108 102 123 127 117 114 67 75 79 69 77 88 98 95 97 97 0 9 28 41 67 77 92 89 92 99 99 105 118 122 120 111 105
88 202 62 205 104 209 116 211 190 47 117 120 251 29 112 240 95 238 19 195 121 211 151 74 128 98 155 86 195 205 85 74 119 148 36 197 33 233 126 96 103 102 208 147 138 166 84 183 125 37 209 90 151 124 89 10 186 85 206 159 78 122 84 63 80 83 68 77 99 93 114 118 108 105 58 66 70 60 68 79 89 86 88 88 9 0 20 32 58 69 83 80 83 90 90 96 109 114 111 102 96
84 185 46 188 88 192 99 195 174 66 100 104 234 30 95 223 91 222 18 179 104 194 135 92 112 99 139 69 179 188 68 70 102 153 32 180 29 216 109 79 108 86 192 131 128 150 67 167 109 21 192 73 135 107 74 29 170 68 189 164 62 106 68 46 76 82 51 60 82 76 97 101 92 88 41 50 53 44 51 63 76 69 80 84 28 20 0 16 42 53 66 64 67 73 74 79 93 97 94 85 79
86 176 32 179 89 184 100 181 165 78 105 105 225 41 100 215 98 213 29 170 106 185 121 99 113 110 125 60 170 179 69 80 92 141 43 171 40 207 110 81 114 73 183 117 130 136 69 153 110 7 184 75 121 109 66 41 161 70 180 151 63 107 69 37 78 84 53 62 84 78 99 103 93 90 36 39 51 41 49 64 78 71 82 86 41 32 16 0 28 39 53 55 63 71 75 81 94 98 95 86 77
100 152 7 156 85 160 96 153 141 105 83 82 201 67 78 191 110 189 56 146 102 161 94 103 104 132 98 37 146 156 51 92 68 113 70 148 59 184 105 77 94 45 159 89 132 108 75 126 106 24 160 71 94 105 46 67 137 56 156 124 60 103 68 24 91 90 48 58 75 72 93 99 84 79 28 21 41 34 37 61 84 78 88 100 67 58 42 28 0 11 26 32 42 51 60 66 72 76 73 64 53
105 145 10 149 77 153 89 143 134 115 76 75 194 78 71 184 117 182 66 139 97 154 83 125 97 144 87 30 139 149 44 104 61 103 80 141 70 177 98 72 83 34 152 79 133 98 78 116 101 34 153 66 84 100 35 78 130 46 149 114 60 97 68 28 98 95 50 58 68 65 86 93 77 72 33 18 41 39 35 61 84 78 91 105 77 69 53 39 11 0 19 25 35 44 53 59 65 69 66 57 46
92 127 25 130 58 134 70 161 115 129 57 57 175 90 52 165 104 163 79 120 78 135 101 143 78 137 105 11 120 130 26 98 43 121 89 122 72 158 80 54 101 45 133 97 119 116 65 134 82 49 134 53 102 81 53 92 111 28 130 132 46 79 53 22 86 82 37 44 50 47 68 74 58 53 26 20 29 29 22 46 68 62 78 92 92 83 66 53 26 19 0 7 15 23 34 41 46 50 47 38 27
85 124 32 127 51 131 63 168 112 127 54 53 172 88 49 162 97 160 76 117 71 132 108 134 75 133 112 8 117 127 19 92 39 128 85 119 69 155 75 47 108 42 130 103 112 123 58 140 75 50 131 46 108 74 60 89 108 21 127 138 39 72 47 19 80 75 31 37 43 40 61 67 54 50 24 18 24 26 19 39 61 55 71 85 89 80 64 55 32 25 7 0 10 19 27 34 43 47 44 35 24
79 119 40 122 43 127 55 178 108 130 45 44 168 85 40 157 90 156 79 113 63 128 118 142 67 131 122 11 113 122 12 86 35 138 83 114 69 150 66 39 118 35 126 111 104 133 52 150 67 59 127 38 114 66 70 92 104 14 123 148 32 63 40 27 73 68 24 30 34 32 52 59 45 41 28 26 18 23 17 33 54 48 64 79 92 83 67 63 42 35 15 10 0 9 19 25 34 38 35 26 15
70 123 48 126 34 130 46 186 111 137 36 36 172 92 31 161 82 159 86 117 54 132 127 150 58 123 130 20 117 126 5 77 33 146 85 118 76 154 57 30 126 46 130 120 95 141 44 159 58 67 130 29 123 57 78 99 108 7 127 157 24 54 32 35 65 60 21 22 25 23 43 50 36 32 37 34 20 30 25 24 46 40 56 70 99 90 73 71 51 44 23 19 9 0 10 16 25 29 26 17 10
67 132 56 135 26 139 38 195 121 137 33 37 181 92 28 170 78 169 87 126 46 141 135 164 49 119 139 28 126 135 10 74 34 155 86 127 77 163 49 22 135 54 139 130 87 150 40 168 50 75 139 21 133 49 87 100 117 8 136 166 20 47 28 44 61 56 20 18 18 15 35 42 28 23 43 42 26 35 32 21 42 36 53 67 99 90 74 75 60 53 34 27 19 10 0 9 22 30 27 18 16
64 141 62 144 22 148 30 201 129 142 26 31 189 98 21 179 76 177 92 134 41 149 142 170 43 127 145 34 134 144 16 76 43 161 88 136 82 172 42 16 141 60 147 136 81 156 40 174 45 81 148 15 139 43 93 105 125 14 144 172 21 38 26 50 60 54 26 20 9 9 29 35 21 16 49 48 32 41 38 20 43 37 50 64 105 96 79 81 66 59 41 34 25 16 9 0 15 22 27 25 22
79 125 71 128 25 132 32 206 114 156 11 16 174 111 9 163 86 162 105 119 43 134 151 175 37 142 148 37 119 128 27 89 27 167 102 120 95 156 39 25 147 53 132 131 82 159 53 187 45 91 132 25 134 44 99 118 110 27 129 177 35 40 40 60 75 69 40 34 13 16 28 34 17 12 61 59 45 54 49 34 57 50 64 79 118 109 93 94 72 65 46 43 34 25 22 15 0 8 12 15 24
84 119 75 122 33 127 39 201 108 160 10 8 168 115 15 158 94 156 110 113 50 128 145 178 41 146 142 41 113 123 31 97 22 171 110 114 100 150 45 32 151 48 126 126 90 153 60 181 53 95 127 32 128 52 103 123 104 31 123 181 42 47 47 64 79 73 44 42 20 23 35 42 25 20 65 63 49 58 53 41 65 57 70 84 122 114 97 98 76 69 50 47 38 29 30 22 8 0 6 14 20
88 114 72 117 37 121 43 195 102 157 16 10 162 112 20 152 98 150 107 107 54 122 140 176 49 140 136 38 107 117 28 95 16 168 107 109 97 145 50 34 148 42 120 120 93 147 61 175 57 92 121 36 122 56 100 120 98 28 117 179 41 51 49 61 82 77 41 39 25 27 39 45 29 24 62 60 46 55 50 42 63 57 73 88 120 111 94 95 73 66 47 44 35 26 27 27 12 6 0 8 14
79 118 63 121 36 125 43 197 106 148 21 18 166 103 21 156 90 154 98 111 54 127 142 167 48 131 139 29 111 121 20 86 20 159 98 113 88 149 50 32 139 44 124 122 93 149 52 177 57 83 125 34 125 55 91 111 102 19 121 170 32 51 40 52 73 68 32 30 23 25 39 45 29 23 53 51 37 46 41 33 54 48 65 79 111 102 85 86 64 57 38 35 26 17 18 25 15 14 8 0 7
77 121 53 124 44 128 50 188 109 143 30 25 170 98 30 159 89 157 92 115 60 130 129 156 56 130 133 19 115 124 12 84 23 148 92 116 82 152 58 36 129 39 128 117 101 144 50 172 64 73 128 35 119 63 81 105 106 13 125 159 31 58 38 42 72 67 27 29 29 28 46 53 36 31 42 40 30 39 34 31 53 47 63 77 105 96 79 77 53 46 27 24 15 10 16 22 24 20 14 7 0