0 37 174 172 38 221 92 200 92 51 181 241 109 33 100 68 229 41 186 163 106 5 226 229 229 8 188 188 23 77 198 114 61 188 145 99 52 186 40 195 58 140 234 103 175 41 200 177 143 200 53 221 14 227 55 4 177 174 66 89 200 64 36 82 9 13 56 45 63 57 65 65 64 67 78 88 66 71 71 44 21 27 15 0 97 88 84 86 100 105 92 85 79 70 67 64 79 84 88 79 77
37 0 187 166 60 235 71 213 91 77 174 255 122 9 122 90 243 36 178 176 85 37 240 243 242 40 201 181 49 81 211 127 40 201 138 121 31 178 62 209 37 133 248 82 188 72 193 191 132 213 71 235 45 220 68 33 190 187 74 107 213 93 58 77 36 39 70 63 85 79 87 90 86 89 68 85 71 65 71 64 45 50 44 37 76 67 63 74 87 98 92 88 86 84 80 82 96 104 101 92 91
174 187 0 148 148 72 189 34 123 177 128 92 90 181 95 136 80 214 132 11 200 178 77 80 79 181 24 116 153 106 32 90 182 22 161 100 173 132 140 29 179 156 85 202 21 168 117 22 159 34 123 72 167 137 119 178 22 0 115 100 34 147 135 122 168 163 122 125 120 122 138 143 124 119 126 121 118 122 116 128 149 143 160 174 192 183 166 157 134 127 108 105 100 104 113 122 106 100 95 99 102
172 166 148 0 148 118 143 174 84 175 38 102 58 171 98 131 126 202 42 137 152 177 123 126 90 180 162 45 155 99 172 87 147 162 93 104 147 42 131 170 143 87 131 155 149 168 57 152 90 174 114 118 172 84 110 176 151 148 107 100 174 150 136 95 165 162 117 126 120 118 134 140 124 119 101 86 108 106 102 129 151 145 158 172 145 136 120 106 79 68 86 93 86 95 105 111 106 101 95 97 92
38 60 148 148 0 195 99 174 68 42 163 215 82 54 62 31 203 79 159 137 111 43 200 203 203 42 162 163 18 49 172 87 72 162 120 61 63 159 7 169 69 115 208 112 148 28 175 151 118 174 23 195 33 202 28 42 151 148 42 54 174 34 12 58 34 28 32 22 29 26 27 30 27 31 57 63 41 49 47 21 17 11 23 38 102 93 77 79 80 80 65 58 52 43 38 34 41 49 53 51 50
221 235 72 118 195 0 236 98 171 224 86 49 138 228 142 183 31 262 89 61 248 226 25 31 37 229 86 73 201 154 96 137 230 86 209 148 220 89 187 93 227 203 15 249 73 216 75 76 206 98 171 0 214 94 167 225 75 72 163 148 98 194 182 170 216 211 169 173 167 170 186 191 171 166 174 168 166 169 163 175 197 191 207 221 240 231 214 205 181 174 155 152 148 152 161 169 154 148 142 147 150
92 71 189 143 99 236 0 215 77 137 152 256 111 78 134 121 244 103 155 178 20 96 241 244 244 99 203 159 97 83 213 131 40 203 102 140 40 155 97 211 35 96 249 13 190 127 170 193 97 215 89 236 99 197 82 93 192 189 79 122 215 128 90 68 84 87 74 83 105 99 120 124 114 111 64 72 76 66 74 85 92 92 92 92 6 11 27 39 65 76 89 86 89 96 96 102 115 119 117 108 102
200 213 34 174 174 98 215 0 149 203 154 118 116 207 121 162 106 241 158 37 227 204 103 106 106 207 14 142 180 133 2 116 208 12 187 127 199 158 166 12 205 182 111 228 37 195 144 31 185 4 150 98 193 163 145 204 23 34 141 126 4 173 161 148 195 190 148 152 146 148 164 170 150 145 153 147 144 148 142 154 175 169 186 200 218 209 192 184 160 153 134 131 127 130 139 148 132 127 121 125 128
92 91 123 84 68 171 77 149 0 108 93 191 52 97 80 76 179 127 96 112 88 97 176 179 178 100 137 100 75 22 147 65 81 137 57 86 78 96 62 145 77 51 184 90 124 95 111 127 54 149 47 171 92 138 41 96 126 123 27 68 149 86 56 17 86 82 37 46 59 56 77 83 70 66 23 6 28 27 22 49 71 65 78 92 80 71 54 44 20 17 23 20 28 36 44 50 61 65 62 53 43
51 77 177 175 42 224 137 203 108 0 200 244 117 73 84 47 232 70 196 166 151 48 229 232 232 43 191 213 43 90 201 124 106 191 161 78 97 196 47 198 103 155 237 149 178 16 224 181 159 203 63 224 37 251 69 47 180 177 82 81 203 30 52 99 54 49 72 63 59 61 42 36 51 56 98 104 82 89 87 62 47 49 47 51 142 133 117 119 121 121 105 99 90 81 73 68 69 76 80 80 87
181 174 128 38 163 86 152 154 93 200 0 70 83 179 123 156 94 210 4 117 160 185 91 94 57 188 142 13 164 107 152 113 156 142 101 129 156 4 156 150 151 96 99 163 129 194 25 132 99 154 140 86 180 51 135 185 131 128 115 126 154 175 144 103 173 171 125 141 145 143 159 165 149 144 109 94 117 114 111 144 159 154 167 181 153 144 128 114 87 77 95 101 112 120 130 137 132 126 120 122 117
241 255 92 102 215 49 256 118 191 244 70 0 158 248 162 203 57 282 73 81 268 246 54 57 12 249 106 57 221 174 116 157 250 106 165 168 240 73 207 113 247 160 62 269 93 236 59 95 163 118 191 49 234 78 187 245 95 92 183 168 118 214 202 190 236 231 189 193 187 190 206 211 191 186 194 188 186 189 183 195 217 211 227 241 260 251 234 225 201 194 175 172 168 172 181 189 174 168 162 166 170
109 122 90 58 82 138 111 116 52 117 83 158 0 116 40 73 146 149 79 79 120 113 143 146 145 116 104 96 88 43 114 30 115 104 71 46 110 79 75 112 110 65 151 122 91 111 108 94 69 116 58 138 102 135 54 113 93 90 52 42 116 92 70 59 103 98 59 60 62 62 76 82 66 61 64 53 55 59 53 63 84 78 95 109 112 103 87 73 46 35 45 42 37 41 49 55 48 43 37 39 34
33 9 181 171 54 228 78 207 97 73 179 248 116 0 115 84 236 36 183 170 91 32 233 236 236 36 195 187 42 86 205 121 47 195 144 114 38 183 56 202 44 138 241 89 181 68 198 184 138 207 64 228 41 225 62 28 184 181 72 100 207 87 52 83 30 32 63 57 79 73 80 83 80 83 74 90 69 71 77 57 39 43 37 33 83 74 70 80 92 104 98 92 86 77 74 76 89 97 95 86 84
100 122 95 98 62 142 134 121 80 84 123 162 40 115 0 43 150 140 120 84 146 104 147 150 150 101 109 136 78 59 119 42 125 109 111 8 116 120 62 117 122 106 155 147 96 83 148 99 109 121 50 142 91 175 51 104 98 95 61 16 121 54 65 79 95 89 59 57 38 43 45 50 38 33 80 78 64 73 68 57 78 73 84 100 137 129 112 113 91 84 65 62 53 44 45 39 24 16 18 26 33
68 90 136 131 31 183 121 162 76 47 156 203 73 84 43 0 191 109 153 125 133 70 188 191 191 66 150 169 47 56 160 83 103 150 124 37 94 153 32 157 100 118 196 134 136 43 181 139 122 162 34 183 60 208 40 72 139 136 57 37 162 17 41 76 64 58 47 40 17 22 5 11 7 13 75 75 58 66 63 40 47 41 53 68 124 115 98 100 91 84 65 60 52 43 34 27 25 32 36 36 43
229 243 80 126 203 31 244 106 179 232 94 57 146 236 150 191 0 270 97 69 256 234 8 0 45 237 94 81 209 162 104 145 238 94 217 156 228 97 195 101 235 211 39 257 80 224 83 83 214 106 179 31 222 102 175 233 83 80 171 156 106 202 190 178 224 219 177 181 175 178 194 199 179 174 182 176 174 177 171 183 205 199 215 229 247 238 222 213 189 182 163 160 156 160 169 177 162 156 150 154 158
41 36 214 202 79 262 103 241 127 70 210 282 149 36 140 109 270 0 227 204 117 41 267 270 270 44 228 218 64 118 239 155 72 228 175 139 63 227 80 236 69 169 275 114 215 76 229 218 169 241 94 262 49 256 95 36 218 214 107 129 240 100 76 113 49 54 97 86 103 98 105 104 105 108 105 121 107 102 112 85 61 68 55 41 108 99 95 106 123 135 133 126 119 111 107 105 120 124 128 119 118
186 178 132 42 159 89 155 158 96 196 4 73 79 183 120 153 97 227 0 121 164 191 94 97 61 194 146 17 166 114 156 109 159 146 105 125 159 0 152 153 155 99 102 167 132 190 28 135 102 158 136 89 179 55 132 190 135 132 123 122 158 172 147 107 181 176 132 138 141 139 155 162 145 140 113 97 126 118 114 140 162 156 172 186 157 148 132 118 91 80 98 105 108 117 127 133 128 122 116 119 113
163 176 11 137 137 61 178 37 112 166 117 81 79 170 84 125 69 204 121 0 190 167 66 69 69 170 25 105 143 96 35 79 171 25 150 90 162 121 129 33 168 145 74 191 12 158 107 15 148 37 113 61 156 126 108 167 14 11 104 89 37 136 124 111 158 153 111 115 109 111 128 133 113 108 116 110 107 111 105 117 138 132 149 163 181 172 156 147 123 116 97 94 90 93 103 111 96 90 84 88 91
106 85 200 152 111 248 20 227 88 151 160 268 120 91 146 133 256 117 164 190 0 110 253 256 256 113 215 168 111 95 225 143 54 214 77 152 54 164 109 222 49 79 261 21 201 138 179 204 76 227 101 248 113 206 94 107 204 200 91 134 227 140 102 80 98 100 86 94 116 111 131 136 126 122 76 84 87 78 86 97 106 103 106 106 16 18 36 48 74 85 100 98 101 108 108 114 127 131 128 119 114
5 37 178 177 43 226 96 204 97 48 185 246 113 32 104 70 234 41 191 167 110 0 231 234 233 5 192 192 27 82 202 118 65 192 149 105 56 191 44 200 62 144 239 108 179 38 204 182 147 204 57 226 13 231 59 4 181 178 71 93 204 61 40 86 13 18 61 50 67 61 66 65 68 71 82 92 70 75 76 49 25 32 19 5 101 92 88 91 104 109 97 90 83 75 71 69 83 88 92 83 82
226 240 77 123 200 25 241 103 176 229 91 54 143 233 147 188 8 267 94 66 253 231 0 8 42 234 91 78 206 159 101 142 235 91 214 153 225 94 192 99 232 208 32 254 78 221 80 81 211 103 176 25 219 99 172 230 80 77 168 153 103 200 188 175 221 216 174 178 172 175 191 196 176 171 179 173 171 174 168 180 202 196 212 226 245 236 219 210 186 179 160 157 153 157 166 174 159 153 147 152 155
229 243 80 126 203 31 244 106 179 232 94 57 146 236 150 191 0 270 97 69 256 234 8 0 45 237 94 81 209 162 104 145 238 94 217 156 228 97 195 101 235 211 39 257 80 224 83 83 214 106 179 31 222 102 175 233 83 80 171 156 106 202 190 178 224 219 177 181 175 178 194 199 179 174 182 176 174 177 171 183 205 199 215 229 247 238 222 213 189 182 163 160 156 160 169 177 162 156 150 154 158
229 242 79 90 203 37 244 106 178 232 57 12 145 236 150 191 45 270 61 69 256 233 42 45 0 236 93 45 209 162 104 145 237 93 153 156 228 61 195 101 234 148 50 257 80 224 47 83 151 106 179 37 222 66 174 233 83 79 170 155 105 202 190 177 224 219 177 181 175 177 194 199 179 174 182 176 173 177 171 183 204 198 215 229 247 238 222 213 189 182 163 160 156 159 169 177 162 156 150 154 157
8 40 181 180 42 229 99 207 100 43 188 249 116 36 101 66 237 44 194 170 113 5 234 237 236 0 195 196 24 85 205 121 69 195 153 100 59 194 44 203 66 147 242 111 182 33 207 185 150 207 60 229 14 234 62 7 185 181 74 93 207 56 43 89 16 21 64 53 67 64 61 61 66 69 85 95 74 78 79 52 28 35 22 8 105 96 91 94 107 113 100 93 86 78 74 72 81 88 92 86 85
188 201 24 162 162 86 203 14 137 191 142 106 104 195 109 150 94 228 146 25 215 192 91 94 93 195 0 130 167 120 12 104 196 2 175 115 187 146 154 10 193 170 99 216 25 182 131 19 173 14 137 86 181 151 133 192 11 24 129 114 14 161 149 136 182 177 136 139 134 136 152 157 138 133 140 135 132 136 130 142 163 157 174 188 206 197 180 171 148 141 122 119 114 118 127 136 120 114 109 113 116
188 181 116 45 163 73 159 142 100 213 13 57 96 187 136 169 81 218 17 105 168 192 78 81 45 196 130 0 171 115 140 126 163 130 109 142 163 17 158 137 159 103 86 170 116 191 12 119 106 142 143 73 187 39 137 192 119 116 123 138 142 188 151 111 181 178 133 142 158 148 172 178 162 157 116 101 124 122 118 144 167 161 174 188 161 152 136 122 94 84 102 108 119 127 136 142 144 139 133 135 130
23 49 153 155 18 201 97 180 75 43 164 221 88 42 78 47 209 64 166 143 111 27 206 209 209 24 167 171 0 56 178 94 66 167 128 77 57 166 20 175 63 123 214 108 154 32 183 157 126 180 36 201 17 210 34 27 157 153 49 70 180 43 19 66 20 14 39 29 44 40 45 44 43 45 65 71 49 56 55 28 5 10 8 23 102 93 80 81 88 88 72 65 58 50 46 47 58 65 69 59 57
77 81 106 99 49 154 83 133 22 90 107 174 43 86 59 56 162 118 114 96 95 82 159 162 162 85 120 115 56 0 131 49 77 120 72 65 68 114 42 128 74 66 167 96 107 76 126 110 69 133 27 154 77 153 22 81 110 106 12 47 132 67 37 21 72 67 22 28 38 36 56 63 49 45 23 20 15 17 11 30 52 46 63 77 86 77 61 57 38 32 16 9 7 16 23 29 40 44 41 32 21
198 211 32 172 172 96 213 2 147 201 152 116 114 205 119 160 104 239 156 35 225 202 101 104 104 205 12 140 178 131 0 114 206 10 185 125 197 156 164 10 203 180 109 226 35 193 142 29 183 3 148 96 191 161 143 202 21 32 139 124 3 171 159 146 193 188 146 150 144 146 163 168 148 143 151 145 142 146 140 152 173 167 184 198 216 207 191 182 158 151 132 129 125 128 138 146 131 125 119 123 126
114 127 90 87 87 137 131 116 65 124 113 157 30 121 42 83 145 155 109 79 143 118 142 145 145 121 104 126 94 49 114 0 124 104 101 48 115 109 80 111 121 95 150 144 90 123 137 93 98 116 64 137 107 164 59 118 93 90 58 48 116 94 75 65 109 104 64 66 67 67 85 91 78 73 69 63 61 64 58 68 89 83 100 114 134 125 109 100 76 65 50 47 43 47 54 61 54 56 42 47 39
61 40 182 147 72 230 40 208 81 106 156 250 115 47 125 103 238 72 159 171 54 65 235 238 237 69 196 163 66 77 206 124 0 196 113 132 9 159 74 204 6 107 243 52 183 96 175 186 108 208 77 230 69 202 74 63 185 182 71 113 208 106 68 73 53 56 67 70 92 86 99 102 99 98 65 76 68 62 68 70 62 62 61 61 45 36 32 43 70 80 89 85 83 85 86 88 102 110 107 98 92
188 201 22 162 162 86 203 12 137 191 142 106 104 195 109 150 94 228 146 25 214 192 91 94 93 195 2 130 167 120 10 104 196 0 175 114 187 146 154 8 193 169 99 216 25 182 131 19 173 12 137 86 181 151 133 192 11 22 129 114 12 161 149 136 182 177 136 139 134 136 152 157 138 132 140 135 132 136 130 142 163 157 174 188 206 197 180 171 148 141 122 119 114 118 127 136 120 114 109 113 116
145 138 161 93 120 209 102 187 57 161 101 165 71 144 111 124 217 175 105 150 77 149 214 217 153 153 175 109 128 72 185 101 113 175 0 117 113 105 115 183 109 5 222 85 162 148 120 165 5 187 100 209 144 147 94 149 164 161 79 112 187 137 108 67 138 135 90 98 108 105 126 132 117 112 73 58 81 78 75 101 124 118 131 145 92 94 79 72 51 41 59 65 75 84 93 99 105 109 106 97 86
99 121 100 104 61 148 140 127 86 78 129 168 46 114 8 37 156 139 125 90 152 105 153 156 156 100 115 142 77 65 125 48 132 114 117 0 122 125 61 122 129 111 161 153 101 77 153 104 114 127 56 148 94 180 57 103 104 100 67 22 127 48 69 85 94 88 65 63 44 49 39 45 36 39 86 84 70 79 74 63 77 72 83 99 144 135 118 119 97 90 71 68 59 50 52 45 30 22 24 32 39
52 31 173 147 63 220 40 199 78 97 156 240 110 38 116 94 228 63 159 162 54 56 225 228 228 59 187 163 57 68 197 115 9 187 113 122 0 159 65 194 6 107 233 52 174 87 175 177 108 199 68 220 59 202 65 53 176 173 61 103 199 97 59 64 44 47 57 60 82 77 90 93 90 88 55 72 59 52 58 61 53 53 52 52 45 36 32 43 70 80 79 75 74 76 77 79 93 100 98 89 83
186 178 132 42 159 89 155 158 96 196 4 73 79 183 120 153 97 227 0 121 164 191 94 97 61 194 146 17 166 114 156 109 159 146 105 125 159 0 152 153 155 99 102 167 132 190 28 135 102 158 136 89 179 55 132 190 135 132 123 122 158 172 147 107 181 176 132 138 141 139 155 162 145 140 113 97 126 118 114 140 162 156 172 186 157 148 132 118 91 80 98 105 108 117 127 133 128 122 116 119 113
40 62 140 131 7 187 97 166 62 47 156 207 75 56 62 32 195 80 152 129 109 44 192 195 195 44 154 158 20 42 164 80 74 154 115 61 65 152 0 161 71 110 200 110 141 34 170 144 113 166 16 187 35 197 21 44 143 140 37 49 166 37 10 53 35 29 26 17 24 20 29 33 27 29 52 58 36 44 42 16 19 13 26 40 100 91 74 76 75 75 58 51 45 36 31 27 37 44 48 45 43
195 209 29 170 169 93 211 12 145 198 150 113 112 202 117 157 101 236 153 33 222 200 99 101 101 203 10 137 175 128 10 111 204 8 183 122 194 153 161 0 201 177 106 223 33 190 139 27 180 8 145 93 188 158 141 199 19 29 137 122 8 169 157 144 190 185 143 147 141 144 160 165 145 140 148 142 140 143 138 149 171 165 181 195 214 205 188 179 155 148 129 126 122 126 135 143 128 122 116 121 124
58 37 179 143 69 227 35 205 77 103 151 247 110 44 122 100 235 69 155 168 49 62 232 235 234 66 193 159 63 74 203 121 6 193 109 129 6 155 71 201 0 103 240 47 180 93 170 183 103 205 74 227 66 197 71 60 182 179 68 110 205 103 65 68 50 53 64 67 89 83 96 99 96 95 59 72 65 59 65 67 59 59 58 58 41 32 28 39 65 76 88 86 80 82 83 85 99 107 104 95 89
140 133 156 87 115 203 96 182 51 155 96 160 65 138 106 118 211 169 99 145 79 144 208 211 148 147 170 103 123 66 180 95 107 169 5 111 107 99 110 177 103 0 216 87 156 142 115 159 4 182 94 203 139 142 88 144 159 156 74 106 182 132 103 62 132 129 84 93 102 100 121 127 111 106 68 53 76 73 69 96 118 112 125 140 95 89 74 66 46 35 53 60 70 78 87 93 99 103 100 91 81
234 248 85 131 208 15 249 111 184 237 99 62 151 241 155 196 39 275 102 74 261 239 32 39 50 242 99 86 214 167 109 150 243 99 222 161 233 102 200 106 240 216 0 262 86 229 88 89 219 111 184 15 227 107 180 238 88 85 176 161 111 208 195 183 229 224 182 186 180 183 199 204 184 179 187 181 179 182 176 188 210 204 220 234 253 244 227 218 194 187 168 165 161 165 174 182 167 161 155 160 163
103 82 202 155 112 249 13 228 90 149 163 269 122 89 147 134 257 114 167 191 21 108 254 257 257 111 216 170 108 96 226 144 52 216 85 153 52 167 110 223 47 87 262 0 203 140 182 206 83 228 102 249 111 209 95 105 205 202 92 135 228 141 103 81 96 98 87 96 118 112 133 137 127 124 77 85 89 79 87 98 104 105 103 103 13 19 38 50 77 87 102 99 102 109 109 115 128 132 129 121 115
175 188 21 149 148 73 190 37 124 178 129 93 91 181 96 136 80 215 132 12 201 179 78 80 80 182 25 116 154 107 35 90 183 25 162 101 174 132 141 33 180 156 86 203 0 169 118 15 160 37 124 73 168 138 120 179 15 21 116 101 37 148 136 123 169 164 122 126 121 123 139 144 124 119 127 122 119 122 117 129 150 144 160 175 193 184 167 158 135 127 109 106 101 105 114 123 107 101 96 100 103
41 72 168 168 28 216 127 195 95 16 194 236 111 68 83 43 224 76 190 158 138 38 221 224 224 33 182 191 32 76 193 123 96 182 148 77 87 190 34 190 93 142 229 140 169 0 203 172 145 194 50 216 27 230 54 40 172 168 69 75 194 32 39 86 44 39 59 50 51 51 38 38 45 50 85 90 69 76 74 49 36 36 36 41 130 121 104 106 108 108 91 84 77 69 64 59 62 70 74 73 76
200 193 117 57 175 75 170 144 111 224 25 59 108 198 148 181 83 229 28 107 179 204 80 83 47 207 131 12 183 126 142 137 175 131 120 153 175 28 170 139 170 115 88 182 118 203 0 121 118 144 155 75 199 41 149 204 121 117 134 150 143 200 163 122 192 189 144 153 169 160 184 190 173 168 128 113 136 133 129 156 178 172 186 200 172 163 147 133 106 95 114 120 130 139 148 154 156 150 145 147 141
177 191 22 152 151 76 193 31 127 181 132 95 94 184 99 139 83 218 135 15 204 182 81 83 83 185 19 119 157 110 29 93 186 19 165 104 177 135 144 27 183 159 89 206 15 172 121 0 162 31 127 76 171 140 123 181 9 22 119 104 31 151 139 126 172 167 125 129 123 126 142 147 127 122 130 124 122 125 120 131 153 147 163 177 196 187 170 161 137 130 112 108 104 108 117 125 110 104 99 103 106
143 132 159 90 118 206 97 185 54 159 99 163 69 138 109 122 214 169 102 148 76 147 211 214 151 150 173 106 126 69 183 98 108 173 5 114 108 102 113 180 103 4 219 83 160 145 118 162 0 185 97 206 142 145 91 147 162 159 77 109 185 135 106 65 135 132 87 96 106 103 124 130 114 109 71 56 79 76 72 99 121 115 129 143 95 89 74 66 46 38 56 63 73 82 90 97 102 106 103 94 84
200 213 34 174 174 98 215 4 149 203 154 118 116 207 121 162 106 241 158 37 227 204 103 106 106 207 14 142 180 133 3 116 208 12 187 127 199 158 166 8 205 182 111 228 37 194 144 31 185 0 150 98 193 163 145 204 23 34 141 126 0 173 161 148 195 190 148 151 146 148 164 170 150 145 153 147 144 148 142 154 175 169 186 200 218 209 192 184 160 153 134 131 127 130 139 148 132 127 121 125 128
53 71 123 114 23 171 89 150 47 63 140 191 58 64 50 34 179 94 136 113 101 57 176 179 179 60 137 143 36 27 148 64 77 137 100 56 68 136 16 145 74 94 184 102 124 50 155 127 97 150 0 171 51 181 6 57 127 123 22 39 149 41 15 40 49 43 14 8 18 13 33 37 27 24 39 44 23 31 28 9 32 26 39 53 92 83 67 68 62 60 42 35 28 20 17 13 27 34 37 28 27
221 235 72 118 195 0 236 98 171 224 86 49 138 228 142 183 31 262 89 61 248 226 25 31 37 229 86 73 201 154 96 137 230 86 209 148 220 89 187 93 227 203 15 249 73 216 75 76 206 98 171 0 214 94 167 225 75 72 163 148 98 194 182 170 216 211 169 173 167 170 186 191 171 166 174 168 166 169 163 175 197 191 207 221 240 231 214 205 181 174 155 152 148 152 161 169 154 148 142 147 150
14 45 167 172 33 214 99 193 92 37 180 234 102 41 91 60 222 49 179 156 113 13 219 222 222 14 181 187 17 77 191 107 69 181 144 94 59 179 35 188 66 139 227 111 168 27 199 171 142 193 51 214 0 226 48 13 170 167 66 83 193 50 32 82 16 17 56 42 57 55 56 55 56 58 79 87 65 73 71 41 18 24 14 14 105 96 93 95 101 104 85 78 72 63 60 62 70 78 82 72 70
227 220 137 84 202 94 197 163 138 251 51 78 135 225 175 208 102 256 55 126 206 231 99 102 66 234 151 39 210 153 161 164 202 151 147 180 202 55 197 158 197 142 107 209 138 230 41 140 145 163 181 94 226 0 176 231 140 137 161 177 163 227 190 149 219 216 171 180 196 187 210 217 200 195 155 140 163 160 156 183 205 199 213 227 199 190 174 160 133 122 140 147 157 166 174 181 183 177 171 174 168
55 68 119 110 28 167 82 145 41 69 135 187 54 62 51 40 175 95 132 108 94 59 172 175 174 62 133 137 34 22 143 59 74 133 94 57 65 132 21 141 71 88 180 95 120 54 149 123 91 145 6 167 48 176 0 59 122 119 16 39 145 47 16 34 49 44 8 6 23 19 39 43 33 30 33 38 17 25 22 9 30 24 41 55 85 76 60 61 56 54 38 31 24 16 12 18 31 36 33 24 23
4 33 178 176 42 225 93 204 96 47 185 245 113 28 104 72 233 36 190 167 107 4 230 233 233 7 192 192 27 81 202 118 63 192 149 103 53 190 44 199 60 144 238 105 179 40 204 181 147 204 57 225 13 231 59 0 181 178 70 93 204 63 40 86 13 17 60 49 67 61 68 68 68 71 82 92 70 75 75 48 25 31 19 4 99 90 85 93 104 109 96 89 83 74 71 68 83 88 92 83 81
177 190 22 151 151 75 192 23 126 180 131 95 93 184 98 139 83 218 135 14 204 181 80 83 83 185 11 119 157 110 21 93 185 11 164 104 176 135 143 19 182 159 88 205 15 172 121 9 162 23 127 75 170 140 122 181 0 22 118 104 23 150 138 126 172 167 125 129 123 126 142 147 127 122 130 124 122 125 119 131 152 147 163 177 195 186 170 161 137 130 111 108 104 107 117 125 110 104 98 102 105
174 187 0 148 148 72 189 34 123 177 128 92 90 181 95 136 80 214 132 11 200 178 77 80 79 181 24 116 153 106 32 90 182 22 161 100 173 132 140 29 179 156 85 202 21 168 117 22 159 34 123 72 167 137 119 178 22 0 115 100 34 147 135 122 168 163 122 125 120 122 138 143 124 119 126 121 118 122 116 128 149 143 160 174 192 183 166 157 134 127 108 105 100 104 113 122 106 100 95 99 102
66 74 115 107 42 163 79 141 27 82 115 183 52 72 61 57 171 107 123 104 91 71 168 171 170 74 129 123 49 12 139 58 71 129 79 67 61 123 37 137 68 74 176 92 116 69 134 119 77 141 22 163 66 161 16 70 118 115 0 49 141 62 30 22 60 56 11 20 39 34 57 58 50 45 21 23 3 13 8 23 45 39 52 66 82 73 56 54 43 40 27 21 15 17 25 31 42 46 43 34 27
89 107 100 100 54 148 122 126 68 81 126 168 42 100 16 37 156 129 122 89 134 93 153 156 155 93 114 138 70 47 124 48 113 114 112 22 103 122 49 122 110 106 161 135 101 75 150 104 109 126 39 148 83 177 39 93 104 100 49 0 126 52 52 67 84 78 47 45 25 28 40 47 30 25 68 66 52 61 56 46 70 62 75 89 125 117 100 101 79 72 53 50 41 32 33 27 13 7 6 14 21
200 213 34 174 174 98 215 4 149 203 154 118 116 207 121 162 106 240 158 37 227 204 103 106 105 207 14 142 180 132 3 116 208 12 187 127 199 158 166 8 205 182 111 228 37 194 143 31 185 0 149 98 193 163 145 204 23 34 141 126 0 173 161 148 194 189 148 151 146 148 164 170 150 145 152 147 144 148 142 154 175 169 186 200 218 209 192 183 160 153 134 131 126 130 139 148 132 127 121 125 128
64 93 147 150 34 194 128 173 86 30 175 214 92 87 54 17 202 100 172 136 140 61 200 202 202 56 161 188 43 67 171 94 106 161 137 48 97 172 37 169 103 132 208 141 148 32 200 151 135 173 41 194 50 227 47 63 150 147 62 52 173 0 45 81 62 56 55 47 30 34 12 7 22 28 80 83 64 72 69 47 47 44 50 64 131 122 106 107 103 97 79 72 63 54 47 38 40 47 51 51 58
36 58 135 136 12 182 90 161 56 52 144 202 70 52 65 41 190 76 147 124 102 40 188 190 190 43 149 151 19 37 159 75 68 149 108 69 59 147 10 157 65 103 195 103 136 39 163 139 106 161 15 182 32 190 16 40 138 135 30 52 161 45 0 46 31 25 20 10 26 21 37 42 35 32 45 51 29 37 35 9 15 9 21 36 93 84 68 69 68 68 53 47 40 32 28 26 40 47 49 40 38
82 77 122 95 58 170 68 148 17 99 103 190 59 83 79 76 178 113 107 111 80 86 175 178 177 89 136 111 66 21 146 65 73 136 67 85 64 107 53 144 68 62 183 81 123 86 122 126 65 148 40 170 82 149 34 86 126 122 22 67 148 81 46 0 73 72 27 36 58 53 73 77 69 64 8 10 19 12 14 39 62 56 69 82 72 63 46 37 24 28 22 19 27 35 44 50 60 64 61 52 42
9 36 168 165 34 216 84 195 86 54 173 236 103 30 95 64 224 49 181 158 98 13 221 224 224 16 182 181 20 72 193 109 53 182 138 94 44 181 35 190 50 132 229 96 169 44 192 172 135 195 49 216 16 219 49 13 172 168 60 84 194 62 31 73 0 6 51 45 58 53 60 62 60 63 69 80 57 62 64 40 18 23 12 9 89 80 76 78 91 98 86 80 73 65 61 60 75 79 82 73 72
13 39 163 162 28 211 87 190 82 49 171 231 98 32 89 58 219 54 176 153 100 18 216 219 219 21 177 178 14 67 188 104 56 177 135 88 47 176 29 185 53 129 224 98 164 39 189 167 132 190 43 211 17 216 44 17 167 163 56 78 189 56 25 72 6 0 46 35 52 47 54 56 54 57 68 77 56 61 61 34 12 17 6 13 92 83 82 84 90 95 82 75 68 60 56 54 69 73 77 68 67
56 70 122 117 32 169 74 148 37 72 125 189 59 63 59 47 177 97 132 111 86 61 174 177 177 64 136 133 39 22 146 64 67 136 90 65 57 132 26 143 64 84 182 87 122 59 144 125 87 148 14 169 56 171 8 60 125 122 11 47 148 55 20 27 51 46 0 10 31 27 46 51 41 37 26 32 9 17 16 13 35 29 42 56 77 68 51 53 48 50 37 31 24 21 20 26 40 44 41 32 27
45 63 125 126 22 173 83 152 46 63 141 193 60 57 57 40 181 86 138 115 94 50 178 181 181 53 139 142 29 28 150 66 70 139 98 63 60 138 17 147 67 93 186 96 126 50 153 129 96 151 8 173 42 180 6 49 129 125 20 45 151 47 10 36 45 35 10 0 23 18 38 43 33 29 35 41 19 27 25 3 24 18 31 45 86 77 60 62 58 58 44 37 30 22 18 20 34 42 39 30 29
63 85 120 120 29 167 105 146 59 59 145 187 62 79 38 17 175 103 141 109 116 67 172 175 175 67 134 158 44 38 144 67 92 134 108 44 82 141 24 141 89 102 180 118 121 51 169 123 106 146 18 167 57 196 23 67 123 120 39 25 146 30 26 58 58 52 31 23 0 5 18 25 11 6 57 57 40 49 45 23 42 36 49 63 108 99 82 84 75 68 50 43 34 25 18 9 13 20 25 23 29
57 79 122 118 26 170 99 148 56 61 143 190 62 73 43 22 178 98 139 111 111 61 175 178 177 64 136 148 40 36 146 67 86 136 105 49 77 139 20 144 83 100 183 112 123 51 160 126 103 148 13 170 55 187 19 61 126 122 34 28 148 34 21 53 53 47 27 18 5 0 23 29 16 10 52 55 35 44 40 18 36 30 43 57 102 93 76 78 72 65 47 40 32 23 15 9 16 23 27 25 28
65 87 138 134 27 186 120 164 77 42 159 206 76 80 45 5 194 105 155 128 131 66 191 194 194 61 152 172 45 56 163 85 99 152 126 39 90 155 29 160 96 121 199 133 139 38 184 142 124 164 33 186 56 210 39 68 142 138 57 40 164 12 37 73 60 54 46 38 18 23 0 7 10 16 72 75 55 63 61 39 43 38 49 65 123 114 97 99 93 86 68 61 52 43 35 29 28 35 39 39 46
65 90 143 140 30 191 124 170 83 36 165 211 82 83 50 11 199 104 162 133 136 65 196 199 199 61 157 178 44 63 168 91 102 157 132 45 93 162 33 165 99 127 204 137 144 38 190 147 130 170 37 191 55 217 43 68 147 143 58 47 170 7 42 77 62 56 51 43 25 29 7 0 17 22 76 79 60 68 65 43 46 41 51 65 127 118 101 103 99 93 74 67 59 50 42 35 34 42 45 45 53
64 86 124 124 27 171 114 150 70 51 149 191 66 80 38 7 179 105 145 113 126 68 176 179 179 66 138 162 43 49 148 78 99 138 117 36 90 145 27 145 96 111 184 127 124 45 173 127 114 150 27 171 56 200 33 68 127 124 50 30 150 22 35 69 60 54 41 33 11 16 10 17 0 6 68 68 51 60 56 33 43 37 49 64 117 108 92 93 84 77 58 54 45 36 28 21 17 25 29 29 36
67 89 119 119 31 166 111 145 66 56 144 186 61 83 33 13 174 108 140 108 122 71 171 174 174 69 133 157 45 45 143 73 98 132 112 39 88 140 29 140 95 106 179 124 119 50 168 122 109 145 24 166 58 195 30 71 122 119 45 25 145 28 32 64 63 57 37 29 6 10 16 22 6 0 63 64 46 54 51 30 45 42 52 67 114 105 88 90 79 72 53 50 41 32 23 16 12 20 24 23 31
78 68 126 101 57 174 64 153 23 98 109 194 64 74 80 75 182 105 113 116 76 82 179 182 182 85 140 116 65 23 151 69 65 140 73 86 55 113 52 148 59 68 187 77 127 85 128 130 71 153 39 174 79 155 33 82 130 126 21 68 152 80 45 8 69 68 26 35 57 52 72 76 68 63 0 17 18 8 14 38 61 55 66 78 67 58 41 36 28 33 26 24 28 37 43 49 61 65 62 53 42
88 85 121 86 63 168 72 147 6 104 94 188 53 90 78 75 176 121 97 110 84 92 173 176 176 95 135 101 71 20 145 63 76 135 58 84 72 97 58 142 72 53 181 85 122 90 113 124 56 147 44 168 87 140 38 92 124 121 23 66 147 83 51 10 80 77 32 41 57 55 75 79 68 64 17 0 24 20 17 44 66 60 74 88 75 66 50 39 21 18 20 18 26 34 42 48 59 63 60 51 40
66 71 118 108 41 166 76 144 28 82 117 186 55 69 64 58 174 107 126 107 87 70 171 174 173 74 132 124 49 15 142 61 68 132 81 70 59 126 36 140 65 76 179 89 119 69 136 122 79 144 23 166 65 163 17 70 122 118 3 52 144 64 29 19 57 56 9 19 40 35 55 60 51 46 18 24 0 9 7 22 45 39 52 66 79 70 53 51 41 41 29 24 18 20 26 32 45 49 46 37 30
71 65 122 106 49 169 66 148 27 89 114 189 59 71 73 66 177 102 118 111 78 75 174 177 177 78 136 122 56 17 146 64 62 136 78 79 52 118 44 143 59 73 182 79 122 76 133 125 76 148 31 169 73 160 25 75 125 122 13 61 148 72 37 12 62 61 17 27 49 44 63 68 60 54 8 20 9 0 7 30 52 46 59 71 69 60 44 41 34 39 29 26 23 30 35 41 54 58 55 46 39
71 71 116 102 47 163 74 142 22 87 111 183 53 77 68 63 171 112 114 105 86 76 168 171 171 79 130 118 55 11 140 58 68 130 75 74 58 114 42 138 65 69 176 87 117 74 129 120 72 142 28 163 71 156 22 75 119 116 8 56 142 69 35 14 64 61 16 25 45 40 61 65 56 51 14 17 7 7 0 28 50 44 57 71 77 68 51 49 37 35 22 19 17 25 32 38 49 53 50 41 34
44 64 128 129 21 175 85 154 49 62 144 195 63 57 57 40 183 85 140 117 97 49 180 183 183 52 142 144 28 30 152 68 70 142 101 63 61 140 16 149 67 96 188 98 129 49 156 131 99 154 9 175 41 183 9 48 131 128 23 46 154 47 9 39 40 34 13 3 23 18 39 43 33 30 38 44 22 30 28 0 23 17 30 44 88 79 63 64 61 61 46 39 33 24 21 20 34 41 42 33 31
21 45 149 151 17 197 92 175 71 47 159 217 84 39 78 47 205 61 162 138 106 25 202 205 204 28 163 167 5 52 173 89 62 163 124 77 53 162 19 171 59 118 210 104 150 36 178 153 121 175 32 197 18 205 30 25 152 149 45 70 175 47 15 62 18 12 35 24 42 36 43 46 43 45 61 66 45 52 50 23 0 6 6 21 98 89 76 78 84 84 68 61 54 46 42 43 57 65 63 54 53
27 50 143 145 11 191 92 169 65 49 154 211 78 43 73 41 199 68 156 132 103 32 196 199 198 35 157 161 10 46 167 83 62 157 118 72 53 156 13 165 59 112 204 105 144 36 172 147 115 169 26 191 24 199 24 31 147 143 39 62 169 44 9 56 23 17 29 18 36 30 38 41 37 42 55 60 39 46 44 17 6 0 13 27 95 86 69 71 78 78 62 55 48 40 36 37 50 57 57 48 47
15 44 160 158 23 207 92 186 78 47 167 227 95 37 84 53 215 55 172 149 106 19 212 215 215 22 174 174 8 63 184 100 61 174 131 83 52 172 26 181 58 125 220 103 160 36 186 163 129 186 39 207 14 213 41 19 163 160 52 75 186 50 21 69 12 6 42 31 49 43 49 51 49 52 66 74 52 59 57 30 6 13 0 15 97 88 80 82 88 91 78 71 64 56 53 50 64 70 73 65 63
0 37 174 172 38 221 92 200 92 51 181 241 109 33 100 68 229 41 186 163 106 5 226 229 229 8 188 188 23 77 198 114 61 188 145 99 52 186 40 195 58 140 234 103 175 41 200 177 143 200 53 221 14 227 55 4 177 174 66 89 200 64 36 82 9 13 56 45 63 57 65 65 64 67 78 88 66 71 71 44 21 27 15 0 97 88 84 86 100 105 92 85 79 70 67 64 79 84 88 79 77
97 76 192 145 102 240 6 218 80 142 153 260 112 83 137 124 247 108 157 181 16 101 245 247 247 105 206 161 102 86 216 134 45 206 92 144 45 157 100 214 41 95 253 13 193 130 172 196 95 218 92 240 105 199 85 99 195 192 82 125 218 131 93 72 89 92 77 86 108 102 123 127 117 114 67 75 79 69 77 88 98 95 97 97 0 9 28 41 67 77 92 89 92 99 99 105 118 122 120 111 105
88 67 183 136 93 231 11 209 71 133 144 251 103 74 129 115 238 99 148 172 18 92 236 238 238 96 197 152 93 77 207 125 36 197 94 135 36 148 91 205 32 89 244 19 184 121 163 187 89 209 83 231 96 190 76 90 186 183 73 117 209 122 84 63 80 83 68 77 99 93 114 118 108 105 58 66 70 60 68 79 89 86 88 88 9 0 20 32 58 69 83 80 83 90 90 96 109 114 111 102 96
84 63 166 120 77 214 27 192 54 117 128 234 87 70 112 98 222 95 132 156 36 88 219 222 222 91 180 136 80 61 191 109 32 180 79 118 32 132 74 188 28 74 227 38 167 104 147 170 74 192 67 214 93 174 60 85 170 166 56 100 192 106 68 46 76 82 51 60 82 76 97 101 92 88 41 50 53 44 51 63 76 69 80 84 28 20 0 16 42 53 66 64 67 73 74 79 93 97 94 85 79
86 74 157 106 79 205 39 184 44 119 114 225 73 80 113 100 213 106 118 147 48 91 210 213 213 94 171 122 81 57 182 100 43 171 72 119 43 118 76 179 39 66 218 50 158 106 133 161 66 184 68 205 95 160 61 93 161 157 54 101 183 107 69 37 78 84 53 62 84 78 99 103 93 90 36 39 51 41 49 64 78 71 82 86 41 32 16 0 28 39 53 55 63 71 75 81 94 98 95 86 77
100 87 134 79 80 181 65 160 20 121 87 201 46 92 91 91 189 123 91 123 74 104 186 189 189 107 148 94 88 38 158 76 70 148 51 97 70 91 75 155 65 46 194 77 135 108 106 137 46 160 62 181 101 133 56 104 137 134 43 79 160 103 68 24 91 90 48 58 75 72 93 99 84 79 28 21 41 34 37 61 84 78 88 100 67 58 42 28 0 11 26 32 42 51 60 66 72 76 73 64 53
105 98 127 68 80 174 76 153 17 121 77 194 35 104 84 84 182 135 80 116 85 109 179 182 182 113 141 84 88 32 151 65 80 141 41 90 80 80 75 148 76 35 187 87 127 108 95 130 38 153 60 174 104 122 54 109 130 127 40 72 153 97 68 28 98 95 50 58 68 65 86 93 77 72 33 18 41 39 35 61 84 78 91 105 77 69 53 39 11 0 19 25 35 44 53 59 65 69 66 57 46
92 92 108 86 65 155 89 134 23 105 95 175 45 98 65 65 163 133 98 97 100 97 160 163 163 100 122 102 72 16 132 50 89 122 59 71 79 98 58 129 88 53 168 102 109 91 114 112 56 134 42 155 85 140 38 96 111 108 27 53 134 79 53 22 86 82 37 44 50 47 68 74 58 53 26 20 29 29 22 46 68 62 78 92 92 83 66 53 26 19 0 7 15 23 34 41 46 50 47 38 27
85 88 105 93 58 152 86 131 20 99 101 172 42 92 62 60 160 126 105 94 98 90 157 160 160 93 119 108 65 9 129 47 85 119 65 68 75 105 51 126 86 60 165 99 106 84 120 108 63 131 35 152 78 147 31 89 108 105 21 50 131 72 47 19 80 75 31 37 43 40 61 67 54 50 24 18 24 26 19 39 61 55 71 85 89 80 64 55 32 25 7 0 10 19 27 34 43 47 44 35 24
79 86 100 86 52 148 89 127 28 90 112 168 37 86 53 52 156 119 108 90 101 83 153 156 156 86 114 119 58 7 125 43 83 114 75 59 74 108 45 122 80 70 161 102 101 77 130 104 73 127 28 148 72 157 24 83 104 100 15 41 126 63 40 27 73 68 24 30 34 32 52 59 45 41 28 26 18 23 17 33 54 48 64 79 92 83 67 63 42 35 15 10 0 9 19 25 34 38 35 26 15
70 84 104 95 43 152 96 130 36 81 120 172 41 77 44 43 160 111 117 93 108 75 157 160 159 78 118 127 50 16 128 47 85 118 84 50 76 117 36 126 82 78 165 109 105 69 139 108 82 130 20 152 63 166 16 74 107 104 17 32 130 54 32 35 65 60 21 22 25 23 43 50 36 32 37 34 20 30 25 24 46 40 56 70 99 90 73 71 51 44 23 19 9 0 10 16 25 29 26 17 10
67 80 113 105 38 161 96 139 44 73 130 181 49 74 45 34 169 107 127 103 108 71 166 169 169 74 127 136 46 23 138 54 86 127 93 52 77 127 31 135 83 87 174 109 114 64 148 117 90 139 17 161 60 174 12 71 117 113 25 33 139 47 28 44 61 56 20 18 18 15 35 42 28 23 43 42 26 35 32 21 42 36 53 67 99 90 74 75 60 53 34 27 19 10 0 9 22 30 27 18 16
64 82 122 111 34 169 102 148 50 68 137 189 55 76 39 27 177 105 133 111 114 69 174 177 177 72 136 142 47 29 146 61 88 136 99 45 79 133 27 143 85 93 182 115 123 59 154 125 97 148 13 169 62 181 18 68 125 122 31 27 148 38 26 50 60 54 26 20 9 9 29 35 21 16 49 48 32 41 38 20 43 37 50 64 105 96 79 81 66 59 41 34 25 16 9 0 15 22 27 25 22
79 96 106 106 41 154 115 132 61 69 132 174 48 89 24 25 162 120 128 96 127 83 159 162 162 81 120 144 58 40 131 54 102 120 105 30 93 128 37 128 99 99 167 128 107 62 156 110 102 132 27 154 70 183 31 83 110 106 42 13 132 40 40 60 75 69 40 34 13 16 28 34 17 12 61 59 45 54 49 34 57 50 64 79 118 109 93 94 72 65 46 43 34 25 22 15 0 8 12 15 24
84 104 100 101 49 148 119 127 65 76 126 168 43 97 16 32 156 124 122 90 131 88 153 156 156 88 114 139 65 44 125 56 110 114 109 22 100 122 44 122 107 103 161 132 101 70 150 104 106 127 34 148 78 177 36 88 104 100 46 7 127 47 47 64 79 73 44 42 20 23 35 42 25 20 65 63 49 58 53 41 65 57 70 84 122 114 97 98 76 69 50 47 38 29 30 22 8 0 6 14 20
88 101 95 95 53 142 117 121 62 80 120 162 37 95 18 36 150 128 116 84 128 92 147 150 150 92 109 133 69 41 119 42 107 109 106 24 98 116 48 116 104 100 155 129 96 74 145 99 103 121 37 142 82 171 33 92 98 95 43 6 121 51 49 61 82 77 41 39 25 27 39 45 29 24 62 60 46 55 50 42 63 57 73 88 120 111 94 95 73 66 47 44 35 26 27 27 12 6 0 8 14
79 92 99 97 51 147 108 125 53 80 122 166 39 86 26 36 154 119 119 88 119 83 152 154 154 86 113 135 59 32 123 47 98 113 97 32 89 119 45 121 95 91 160 121 100 73 147 103 94 125 28 147 72 174 24 83 102 99 34 14 125 51 40 52 73 68 32 30 23 25 39 45 29 23 53 51 37 46 41 33 54 48 65 79 111 102 85 86 64 57 38 35 26 17 18 25 15 14 8 0 7
77 91 102 92 50 150 102 128 43 87 117 170 34 84 33 43 158 118 113 91 114 82 155 158 157 85 116 130 57 21 126 39 92 116 86 39 83 113 43 124 89 81 163 115 103 76 141 106 84 128 27 150 70 168 23 81 105 102 27 21 128 58 38 42 72 67 27 29 29 28 46 53 36 31 42 40 30 39 34 31 53 47 63 77 105 96 79 77 53 46 27 24 15 10 16 22 24 20 14 7 0