0 77 199 227 17 181 27 162 228 228 28 251 88 187 100 48 196 77 176 144 58 201 94 53 85 81 211 196 127 80 251 51 172 126 77 146 77 84 174 193 127 247 72 181 198 201 92 64 196 89 218 201 146 50 144 15 207 114 73 55 239 64 36 82 9 13 56 45 63 57 65 65 64 67 78 88 66 71 71 44 21 27 15 0 97 88 84 86 100 105 92 85 79 70 67 64 79 84 88 79 77
77 0 150 204 60 132 65 194 178 179 64 202 38 150 136 126 146 17 156 148 21 152 129 50 84 124 199 147 107 20 202 53 122 162 17 126 14 95 124 143 107 228 13 161 149 152 110 11 146 16 198 152 109 49 148 66 187 149 8 40 221 23 46 81 73 67 53 45 22 28 14 19 13 16 80 80 63 71 68 45 56 51 62 77 129 120 103 105 92 85 66 65 54 45 39 33 26 30 37 37 44
199 150 0 162 182 20 176 262 103 104 202 127 120 195 224 238 4 141 218 219 154 2 218 199 151 219 157 5 154 140 127 202 31 250 141 188 163 165 33 7 154 206 163 222 1 2 188 149 4 150 259 2 155 199 219 188 249 237 158 153 211 172 160 148 194 189 147 151 145 148 164 169 149 144 152 146 144 147 141 153 175 169 185 199 217 208 192 183 159 152 133 130 126 130 139 147 132 126 120 124 128
227 204 162 0 215 144 201 227 101 101 230 88 171 59 206 247 159 189 178 181 194 164 199 248 147 202 30 159 107 187 88 251 135 232 189 148 218 153 137 155 107 36 217 183 161 164 158 200 159 204 163 164 81 248 181 222 187 219 212 183 29 227 190 149 219 216 171 180 196 187 210 217 200 195 155 140 163 160 156 183 205 199 213 227 199 190 174 160 133 122 140 147 157 166 174 181 183 177 171 174 168
17 60 182 215 0 163 20 165 210 210 23 234 74 169 103 65 178 60 165 143 40 184 97 44 75 84 199 178 116 62 234 43 154 130 60 135 56 74 156 175 116 236 51 170 180 184 90 47 178 72 206 184 134 42 143 6 196 117 53 42 228 42 22 71 16 10 45 31 48 44 45 44 47 50 69 76 55 62 60 30 7 13 6 17 100 91 83 84 90 94 75 68 61 53 49 51 62 69 73 61 60
181 132 20 144 163 0 158 244 85 86 184 109 101 177 206 219 17 123 200 200 135 22 199 181 133 200 139 17 136 122 109 184 13 232 123 169 145 147 26 14 136 188 145 204 19 22 170 131 17 132 241 22 137 180 200 170 230 219 139 135 193 154 142 129 176 171 129 133 127 129 146 151 131 126 134 128 125 129 123 135 156 150 167 181 199 190 174 165 141 134 115 112 108 111 121 129 114 108 102 106 109
27 65 176 201 20 158 0 149 204 205 40 228 64 163 88 67 172 64 151 126 47 178 81 62 58 68 185 173 102 67 228 60 148 114 64 121 66 57 150 169 102 222 61 156 175 178 72 52 172 77 193 178 120 59 126 27 182 101 61 36 214 59 23 55 18 17 33 27 49 43 52 55 52 56 51 62 39 44 46 27 15 15 17 27 85 76 65 67 73 80 68 62 55 47 43 45 59 67 64 55 54
162 194 262 227 165 244 149 0 290 291 184 314 176 189 67 151 258 184 90 50 174 264 69 209 111 94 211 259 127 182 314 207 234 49 184 91 202 108 237 255 128 248 198 81 261 264 93 182 258 207 143 264 146 206 50 170 132 60 196 160 239 196 158 116 154 157 142 151 173 167 188 192 182 179 120 118 133 126 129 153 163 160 162 162 72 74 92 99 103 113 129 134 142 150 164 170 175 179 176 167 156
228 178 103 101 210 85 204 290 0 20 231 66 148 100 252 266 100 169 246 247 182 106 246 228 180 247 95 100 182 168 66 231 76 279 169 216 192 193 78 97 183 144 191 251 102 106 217 177 100 178 225 106 121 227 247 216 277 266 186 181 150 201 189 176 222 217 175 179 174 176 192 197 177 172 180 175 172 175 170 182 203 197 213 228 246 237 220 211 188 180 162 159 154 158 167 176 160 154 149 153 156
228 179 104 101 210 86 205 291 20 0 231 66 148 100 253 266 100 170 247 248 182 106 246 228 180 247 96 101 183 169 66 231 76 279 170 216 192 194 78 97 183 145 192 251 103 106 217 178 100 179 225 106 122 227 248 217 277 266 187 182 150 201 189 176 223 218 176 180 174 176 193 198 178 173 181 175 172 176 170 182 203 197 214 228 246 237 221 212 188 181 162 159 155 158 168 176 161 155 149 153 156
28 64 202 230 23 184 40 184 231 231 0 254 83 188 122 70 199 69 180 163 49 204 116 29 90 103 214 199 131 71 254 25 175 149 69 150 58 94 177 196 131 251 57 185 201 204 110 56 199 80 222 204 150 26 163 21 211 136 59 54 243 46 40 87 31 31 60 51 57 57 51 50 56 59 86 91 70 77 75 50 27 33 27 28 119 110 102 104 109 109 94 87 80 72 67 64 71 78 82 79 79
251 202 127 88 234 109 228 314 66 66 254 0 172 87 276 290 124 193 204 271 206 129 270 251 203 271 83 124 135 192 0 254 100 302 193 176 215 217 102 120 135 79 215 211 126 129 240 201 124 202 160 129 109 251 271 240 184 289 210 205 84 224 212 200 246 241 199 203 197 200 216 221 201 196 204 198 196 199 193 205 227 221 237 251 269 260 244 235 211 204 185 182 178 182 191 199 184 178 172 176 180
88 38 120 171 74 101 64 176 148 148 83 172 0 116 126 126 116 18 137 128 34 122 120 78 65 115 166 116 75 16 172 81 92 152 18 107 49 78 94 113 75 194 48 142 118 122 101 30 116 45 178 122 76 77 128 80 168 140 43 38 188 52 49 61 82 77 41 39 25 27 40 46 30 25 62 60 46 55 50 42 70 57 73 88 120 111 94 95 73 66 47 44 35 26 27 27 12 7 3 9 16
187 150 195 59 169 177 163 189 100 100 188 87 116 0 167 208 192 135 140 143 150 198 161 194 109 163 54 192 68 132 87 197 168 194 135 110 163 115 170 189 69 83 163 145 194 198 120 146 192 150 182 198 43 193 143 175 171 181 158 140 76 172 148 111 181 176 133 138 142 140 156 162 146 141 117 101 126 122 118 141 162 156 173 187 161 152 136 122 95 97 102 115 108 117 127 133 128 123 117 119 114
100 136 224 206 103 206 88 67 252 253 122 276 126 167 0 91 220 130 100 59 116 226 6 147 73 31 190 221 106 133 276 145 196 26 130 91 144 64 198 217 106 226 140 91 223 226 41 124 220 149 153 226 125 144 59 108 143 13 138 102 218 138 100 78 92 95 84 92 114 109 129 134 124 120 74 82 85 76 84 95 101 101 100 100 9 16 35 47 74 84 98 96 99 106 106 112 125 129 126 117 112
48 126 238 247 65 219 67 151 266 266 70 290 126 208 91 0 234 125 196 138 106 240 84 93 104 61 230 234 147 128 290 89 210 117 125 166 119 95 212 231 147 267 118 179 236 240 91 113 234 137 238 240 166 89 138 57 227 104 121 103 259 107 84 103 57 62 95 94 111 105 113 112 112 115 95 111 101 92 98 93 69 76 63 48 86 77 78 89 114 125 119 115 117 109 105 112 127 132 126 117 116
196 146 4 159 178 17 172 258 100 100 199 124 116 192 220 234 0 138 214 215 150 6 214 196 148 215 153 2 150 136 124 199 28 247 138 184 160 161 30 3 151 202 159 219 2 6 185 145 0 146 256 6 152 195 215 184 245 234 154 149 208 169 157 144 190 185 143 147 142 144 160 165 146 140 148 143 140 144 138 150 171 165 182 196 214 205 188 179 156 149 130 127 122 126 135 144 128 122 117 121 124
77 17 141 189 60 123 64 184 169 170 69 193 18 135 130 125 138 0 145 136 20 143 124 63 73 119 184 138 96 3 193 66 114 156 0 115 29 86 116 134 96 213 29 150 140 143 108 13 138 27 186 143 114 63 136 66 176 144 22 32 206 34 42 69 73 67 49 39 15 20 25 29 15 10 70 68 54 63 58 39 55 50 62 77 124 115 98 103 81 74 55 52 43 34 31 24 9 13 18 21 33
176 156 218 178 165 200 151 90 246 247 180 204 137 140 100 196 214 145 0 61 143 220 103 192 97 126 162 215 79 144 204 192 190 118 145 32 168 103 192 211 79 173 167 9 217 220 97 148 214 166 56 220 97 191 61 171 45 105 161 133 178 168 140 99 169 166 121 130 139 137 157 164 148 143 105 89 112 110 106 133 155 149 162 176 104 106 111 103 83 72 90 97 107 115 124 130 136 140 137 128 118
144 148 219 181 143 200 126 50 247 248 163 271 128 143 59 138 215 136 61 0 144 221 61 180 77 84 165 215 81 135 271 178 191 76 136 61 172 74 193 212 82 202 168 51 217 221 59 140 215 158 114 221 100 177 0 149 103 64 166 124 193 166 128 82 137 142 107 121 138 133 158 162 152 135 86 85 99 92 95 123 136 130 141 144 62 65 61 65 57 65 82 88 98 107 116 122 127 131 129 120 109
58 21 154 194 40 135 47 174 182 182 49 206 34 150 116 106 150 20 143 144 0 156 109 49 62 104 177 150 94 23 206 52 126 142 20 113 30 73 128 147 94 214 26 148 152 156 90 10 150 34 185 156 113 48 144 47 174 129 24 21 206 26 25 59 53 47 33 25 10 9 15 21 9 10 58 61 42 50 47 25 36 33 43 58 109 100 83 85 79 72 54 47 38 29 22 16 22 30 33 33 35
201 152 2 164 184 22 178 264 106 106 204 129 122 198 226 240 6 143 220 221 156 0 220 201 154 221 159 7 156 142 129 204 34 252 143 190 165 167 35 9 156 208 165 225 3 0 190 151 6 152 262 0 157 201 221 190 251 240 160 155 213 174 162 150 196 191 149 153 147 150 166 171 151 146 154 148 146 149 143 155 177 171 187 201 220 211 194 185 161 154 135 132 128 132 141 149 134 128 122 127 130
94 129 218 199 97 199 81 69 246 246 116 270 120 161 6 84 214 124 103 61 109 220 0 141 67 25 183 214 99 126 270 139 190 33 124 93 137 58 192 211 100 220 133 94 216 220 35 118 214 142 156 220 118 138 61 102 145 20 131 96 212 131 93 72 86 88 77 86 108 102 123 127 118 114 67 75 79 69 77 88 94 95 94 94 2 10 29 41 67 78 92 89 92 99 100 105 118 123 120 111 105
53 50 199 248 44 181 62 209 228 228 29 251 78 194 147 93 196 63 192 180 49 201 141 0 104 128 226 196 143 66 251 6 172 173 63 162 39 111 174 193 143 263 37 197 198 201 127 49 196 65 234 201 162 3 180 42 223 161 43 67 255 27 54 101 56 51 74 65 56 58 39 33 48 53 100 105 84 91 89 64 49 51 48 53 144 135 119 121 123 121 102 95 87 78 70 65 66 73 77 77 84
85 84 151 147 75 133 58 111 180 180 90 203 65 109 73 104 148 73 97 77 62 154 67 104 0 68 131 148 47 72 203 102 124 99 73 66 91 14 126 145 48 167 86 101 150 154 37 72 148 94 138 154 66 101 77 81 127 86 84 47 159 85 49 6 76 75 30 39 61 56 76 80 72 67 9 10 22 15 18 42 65 59 72 85 66 57 41 32 19 25 26 23 31 40 47 53 64 68 65 56 46
81 124 219 202 84 200 68 94 247 247 103 271 115 163 31 61 215 119 126 84 104 221 25 128 68 0 186 215 102 121 271 126 191 57 119 114 133 59 193 212 102 222 128 117 217 221 45 113 215 137 179 221 121 125 84 89 168 45 128 90 214 126 88 73 73 76 72 81 103 97 119 122 112 109 68 76 74 71 72 83 82 82 81 81 27 21 32 43 70 80 93 90 87 94 94 100 113 117 115 106 100
211 199 157 30 199 139 185 211 95 96 214 83 166 54 190 230 153 184 162 165 177 159 183 226 131 186 0 154 91 181 83 227 129 216 184 132 212 137 131 150 91 35 212 167 156 159 142 195 153 199 162 159 65 226 165 206 186 203 207 167 28 221 174 133 203 200 155 164 174 171 205 212 195 190 139 124 147 144 140 167 189 183 196 211 183 174 158 144 117 106 124 131 141 150 158 165 178 172 166 169 163
196 147 5 159 178 17 173 259 100 101 199 124 116 192 221 234 2 138 215 215 150 7 214 196 148 215 154 0 151 137 124 199 28 247 138 184 160 162 30 3 151 202 160 219 4 7 185 146 2 147 256 7 152 195 215 185 245 234 154 149 208 169 157 144 191 186 144 148 142 144 160 166 146 141 149 143 140 144 138 150 171 165 182 196 214 205 188 180 156 149 130 127 123 126 135 144 128 123 117 121 124
127 107 154 107 116 136 102 127 182 183 131 135 75 68 106 147 150 96 79 81 94 156 99 143 47 102 91 151 0 94 135 143 126 132 96 48 118 54 128 147 0 127 117 83 153 156 58 99 150 108 120 156 26 142 81 122 109 119 112 84 119 119 90 49 120 117 71 80 90 87 108 114 99 94 55 40 63 60 57 83 106 100 113 127 99 90 74 60 33 23 41 47 57 66 75 81 87 90 88 79 68
80 20 140 187 62 122 67 182 168 169 71 192 16 132 133 128 136 3 144 135 23 142 126 66 72 121 181 137 94 0 192 69 112 159 3 114 31 85 114 133 95 210 32 148 139 142 107 15 136 29 185 142 113 66 135 69 174 146 25 34 204 37 45 68 75 69 47 42 18 23 28 32 18 13 69 67 53 61 57 42 58 53 64 80 126 117 100 102 80 72 54 51 41 33 30 23 8 11 15 19 28
251 202 127 88 234 109 228 314 66 66 254 0 172 87 276 290 124 193 204 271 206 129 270 251 203 271 83 124 135 192 0 254 100 302 193 176 215 217 102 120 135 79 215 211 126 129 240 201 124 202 160 129 109 251 271 240 184 289 210 205 84 224 212 200 246 241 199 203 197 200 216 221 201 196 204 198 196 199 193 205 227 221 237 251 269 260 244 235 211 204 185 182 178 182 191 199 184 178 172 176 180
51 53 202 251 43 184 60 207 231 231 25 254 81 197 145 89 199 66 192 178 52 204 139 6 102 126 227 199 143 69 254 0 175 172 66 162 42 109 177 196 143 263 40 197 201 204 125 52 199 68 234 204 162 4 178 41 223 159 46 65 255 30 52 99 54 49 72 63 59 61 42 36 51 56 98 104 82 89 87 62 47 49 47 51 142 133 117 119 121 121 105 99 90 81 73 68 69 76 80 80 87
172 122 31 135 154 13 148 234 76 76 175 100 92 168 196 210 28 114 190 191 126 34 190 172 124 191 129 28 126 112 100 175 0 223 114 160 136 137 16 25 127 178 135 195 30 34 161 121 28 122 232 34 128 171 191 160 221 210 130 125 184 145 133 120 166 161 119 123 118 120 136 141 122 116 124 119 116 119 114 126 147 141 157 172 190 181 164 155 132 125 106 103 98 102 111 120 104 98 93 97 100
126 162 250 232 130 232 114 49 279 279 149 302 152 194 26 117 247 156 118 76 142 252 33 173 99 57 216 247 132 159 302 172 223 0 156 108 170 91 225 244 133 252 166 109 249 252 67 150 247 175 171 252 151 171 76 134 160 21 164 128 244 164 126 104 119 121 110 119 140 135 156 160 150 147 100 108 112 102 110 121 127 128 126 126 34 42 61 73 100 110 124 122 125 132 132 138 151 155 152 144 138
77 17 141 189 60 123 64 184 169 170 69 193 18 135 130 125 138 0 145 136 20 143 124 63 73 119 184 138 96 3 193 66 114 156 0 115 29 86 116 134 96 213 29 150 140 143 108 13 138 27 186 143 114 63 136 66 176 144 22 32 206 34 42 69 73 67 49 39 15 20 25 29 15 10 70 68 54 63 58 39 55 50 62 77 124 115 98 103 81 74 55 52 43 34 31 24 9 13 18 21 33
146 126 188 148 135 169 121 91 216 216 150 176 107 110 91 166 184 115 32 61 113 190 93 162 66 114 132 184 48 114 176 162 160 108 115 0 138 73 162 181 49 169 137 35 186 190 67 118 184 136 88 190 67 161 61 141 77 95 131 103 161 138 109 69 139 136 91 100 109 106 127 134 118 113 74 59 82 80 76 102 125 119 132 146 94 95 80 73 52 42 60 66 77 85 94 100 106 110 107 98 87
77 14 163 218 56 145 66 202 192 192 58 215 49 163 144 119 160 29 168 172 30 165 137 39 91 133 212 160 118 31 215 42 136 170 29 138 0 102 138 157 119 241 5 172 162 165 119 22 160 29 209 165 137 39 172 63 198 157 6 50 235 12 52 87 74 68 61 53 32 38 15 13 22 28 86 90 70 78 75 53 57 52 62 77 137 128 112 113 104 97 78 75 67 58 49 43 37 41 49 48 56
84 95 165 153 74 147 57 108 193 194 94 217 78 115 64 95 161 86 103 74 73 167 58 111 14 59 137 162 54 85 217 109 137 91 86 73 102 0 139 158 54 174 98 108 164 167 30 84 161 108 144 167 72 108 74 81 134 78 96 59 166 96 59 19 75 74 41 51 72 67 87 91 83 78 17 23 33 24 30 54 68 61 72 84 58 49 32 24 19 32 39 37 45 53 59 65 77 81 78 70 59
174 124 33 137 156 26 150 237 78 78 177 102 94 170 198 212 30 116 192 193 128 35 192 174 126 193 131 30 128 114 102 177 16 225 116 162 138 139 0 26 129 180 137 197 32 35 163 124 30 124 234 35 130 173 193 162 223 212 132 127 186 147 135 122 168 163 122 125 120 122 138 143 124 119 126 121 118 122 116 128 149 143 160 174 192 183 166 157 134 127 108 105 100 104 113 122 106 100 95 99 102
193 143 7 155 175 14 169 255 97 97 196 120 113 189 217 231 3 134 211 212 147 9 211 193 145 212 150 3 147 133 120 196 25 244 134 181 157 158 26 0 148 199 156 216 5 9 182 142 3 143 253 9 149 192 212 181 242 231 151 146 205 166 154 141 187 182 140 144 138 141 157 162 142 137 145 140 137 140 135 147 168 162 178 193 211 202 185 176 152 145 127 124 119 123 132 141 125 119 114 118 121
127 107 154 107 116 136 102 128 183 183 131 135 75 69 106 147 151 96 79 82 94 156 100 143 48 102 91 151 0 95 135 143 127 133 96 49 119 54 129 148 0 128 118 84 153 156 59 99 151 109 121 156 26 143 82 122 110 120 112 84 119 119 91 50 120 117 72 81 90 88 108 115 99 94 56 40 63 61 57 84 106 100 113 127 100 91 75 61 34 23 41 48 58 66 75 81 87 91 88 79 69
247 228 206 36 236 188 222 248 144 145 251 79 194 83 226 267 202 213 173 202 214 208 220 263 167 222 35 202 127 210 79 263 178 252 213 169 241 174 180 199 128 0 241 179 205 208 179 219 202 228 128 208 101 262 202 242 152 240 236 204 7 239 210 170 240 237 192 201 210 207 228 235 219 214 176 160 183 181 177 204 226 220 233 247 220 211 195 181 153 143 161 168 178 186 195 201 206 201 195 197 188
72 13 163 217 51 145 61 198 191 192 57 215 48 163 140 118 159 29 167 168 26 165 133 37 86 128 212 160 117 32 215 40 135 166 29 137 5 98 137 156 118 241 0 172 162 165 114 19 159 29 208 165 136 37 168 58 198 153 5 45 234 11 48 83 69 63 57 49 29 34 11 8 19 24 82 86 66 74 71 49 52 47 57 72 133 124 108 109 103 96 77 72 63 54 46 39 36 42 48 47 55
181 161 222 183 170 204 156 81 251 251 185 211 142 145 91 179 219 150 9 51 148 225 94 197 101 117 167 219 83 148 211 197 195 109 150 35 172 108 197 216 84 179 172 0 221 225 102 153 219 171 62 225 102 196 51 176 51 96 166 138 185 173 144 103 174 171 126 134 144 141 162 168 153 148 109 94 117 114 111 137 160 154 167 181 95 97 102 108 87 77 95 101 111 120 129 135 141 144 142 133 122
198 149 1 161 180 19 175 261 102 103 201 126 118 194 223 236 2 140 217 217 152 3 216 198 150 217 156 4 153 139 126 201 30 249 140 186 162 164 32 5 153 205 162 221 0 3 187 148 2 149 258 3 154 197 217 187 247 236 157 152 210 171 159 146 193 188 146 150 144 146 163 168 148 143 151 145 142 146 140 152 173 167 184 198 216 207 191 182 158 151 132 129 125 128 138 146 131 125 119 123 126
201 152 2 164 184 22 178 264 106 106 204 129 122 198 226 240 6 143 220 221 156 0 220 201 154 221 159 7 156 142 129 204 34 252 143 190 165 167 35 9 156 208 165 225 3 0 190 151 6 152 262 0 157 201 221 190 251 240 160 155 213 174 162 150 196 191 149 153 147 150 166 171 151 146 154 148 146 149 143 155 177 171 187 201 220 211 194 185 161 154 135 132 128 132 141 149 134 128 122 127 130
92 110 188 158 90 170 72 93 217 217 110 240 101 120 41 91 185 108 97 59 90 190 35 127 37 45 142 185 58 107 240 125 161 67 108 67 119 30 163 182 59 179 114 102 187 190 0 99 185 124 142 190 77 124 59 96 131 55 113 77 170 113 74 42 83 89 58 67 89 83 104 108 99 95 42 45 56 47 54 70 83 77 87 92 35 28 14 7 33 44 58 60 68 76 81 86 99 104 101 92 82
64 11 149 200 47 131 52 182 177 178 56 201 30 146 124 113 145 13 148 140 10 151 118 49 72 113 195 146 99 15 201 52 121 150 13 118 22 84 124 142 99 219 19 153 148 151 99 0 145 25 190 151 117 49 140 53 179 138 17 28 217 22 35 69 60 54 41 33 11 16 11 17 1 6 68 68 51 60 57 33 43 38 49 64 118 109 92 93 84 77 58 54 46 36 28 21 17 25 29 28 36
196 146 4 159 178 17 172 258 100 100 199 124 116 192 220 234 0 138 214 215 150 6 214 196 148 215 153 2 150 136 124 199 28 247 138 184 160 161 30 3 151 202 159 219 2 6 185 145 0 146 256 6 152 195 215 184 245 234 154 149 208 169 157 144 190 185 143 147 142 144 160 165 146 140 148 143 140 144 138 150 171 165 182 196 214 205 188 179 156 149 130 127 122 126 135 144 128 122 117 121 124
89 16 150 204 72 132 77 207 178 179 80 202 45 150 149 137 146 27 166 158 34 152 142 65 94 137 199 147 108 29 202 68 122 175 27 136 29 108 124 143 109 228 29 171 149 152 124 25 146 0 208 152 109 65 158 78 197 162 24 53 221 38 60 90 85 79 66 58 35 41 30 35 26 30 93 89 76 84 79 58 67 62 74 89 142 133 117 118 102 95 76 73 64 55 53 46 33 39 44 45 54
218 198 259 163 206 241 193 143 225 225 222 160 178 182 153 238 256 186 56 114 185 262 156 234 138 179 162 256 120 185 160 234 232 171 186 88 209 144 234 253 121 128 208 62 258 262 142 190 256 208 0 262 139 233 114 213 48 158 203 175 134 210 181 140 210 208 162 171 181 178 199 205 190 185 146 131 154 151 148 174 197 191 204 218 157 159 164 151 124 114 132 138 148 157 166 172 177 181 179 170 159
201 152 2 164 184 22 178 264 106 106 204 129 122 198 226 240 6 143 220 221 156 0 220 201 154 221 159 7 156 142 129 204 34 252 143 190 165 167 35 9 156 208 165 225 3 0 190 151 6 152 262 0 157 201 221 190 251 240 160 155 213 174 162 150 196 191 149 153 147 150 166 171 151 146 154 148 146 149 143 155 177 171 187 201 220 211 194 185 161 154 135 132 128 132 141 149 134 128 122 127 130
146 109 155 81 134 137 120 146 121 122 150 109 76 43 125 166 152 114 97 100 113 157 118 162 66 121 65 152 26 113 109 162 128 151 114 67 137 72 130 149 26 101 136 102 154 157 77 117 152 109 139 157 0 161 100 141 128 138 131 103 93 138 109 68 138 136 90 99 109 106 127 133 118 112 74 59 82 79 75 102 124 118 132 146 118 109 93 79 52 42 60 66 76 85 94 100 105 82 77 98 87
50 49 199 248 42 180 59 206 227 227 26 251 77 193 144 89 195 63 191 177 48 201 138 3 101 125 226 195 142 66 251 4 171 171 63 161 39 108 173 192 143 262 37 196 197 201 124 49 195 65 233 201 161 0 177 40 222 158 42 64 254 27 51 98 53 48 71 62 55 57 38 33 48 53 97 103 81 88 86 61 46 48 46 50 141 132 116 118 120 120 102 95 87 77 70 64 65 73 76 76 84
144 148 219 181 143 200 126 50 247 248 163 271 128 143 59 138 215 136 61 0 144 221 61 180 77 84 165 215 81 135 271 178 191 76 136 61 172 74 193 212 82 202 168 51 217 221 59 140 215 158 114 221 100 177 0 149 103 64 166 124 193 166 128 82 137 142 107 121 138 133 158 162 152 135 86 85 99 92 95 123 136 130 141 144 62 65 61 65 57 65 82 88 98 107 116 122 127 131 129 120 109
15 66 188 222 6 170 27 170 216 217 21 240 80 175 108 57 184 66 171 149 47 190 102 42 81 89 206 185 122 69 240 41 160 134 66 141 63 81 162 181 122 242 58 176 187 190 96 53 184 78 213 190 141 40 149 0 202 122 60 49 234 50 28 78 17 12 51 38 55 50 52 52 53 56 75 83 61 68 66 37 14 20 10 15 105 96 89 91 97 100 81 74 67 59 55 58 68 76 80 68 66
207 187 249 187 196 230 182 132 277 277 211 184 168 171 143 227 245 176 45 103 174 251 145 223 127 168 186 245 109 174 184 223 221 160 176 77 198 134 223 242 110 152 198 51 247 251 131 179 245 197 48 251 128 222 103 202 0 147 192 164 158 199 170 129 200 197 152 160 170 167 188 194 179 174 135 120 143 140 137 163 186 180 193 207 146 148 153 140 113 103 121 127 137 146 155 161 167 170 168 159 148
114 149 237 219 117 219 101 60 266 266 136 289 140 181 13 104 234 144 105 64 129 240 20 161 86 45 203 234 119 146 289 159 210 21 144 95 157 78 212 231 120 240 153 96 236 240 55 138 234 162 158 240 138 158 64 122 147 0 151 115 231 151 113 92 106 108 97 106 128 122 143 147 137 134 87 95 99 89 97 108 114 115 113 114 21 29 48 61 87 97 112 109 112 119 119 125 138 142 140 131 125
73 8 158 212 53 139 61 196 186 187 59 210 43 158 138 121 154 22 161 166 24 160 131 43 84 128 207 154 112 25 210 46 130 164 22 131 6 96 132 151 112 236 5 166 157 160 113 17 154 24 203 160 131 42 166 60 192 151 0 44 229 16 46 81 69 63 55 47 26 32 10 13 16 22 80 84 67 72 72 47 52 46 58 73 131 122 106 107 97 90 71 70 61 52 44 37 31 35 42 42 49
55 40 153 183 42 135 36 160 181 182 54 205 38 140 102 103 149 32 133 124 21 155 96 67 47 90 167 149 84 34 205 65 125 128 32 103 50 59 127 146 84 204 45 138 152 155 77 28 149 53 175 155 103 64 124 49 164 115 44 0 196 43 17 44 51 45 18 11 17 12 35 39 28 23 43 46 27 35 32 11 34 28 41 55 95 86 70 71 66 62 45 38 32 24 17 13 26 33 38 32 31
239 221 211 29 228 193 214 239 150 150 243 84 188 76 218 259 208 206 178 193 206 213 212 255 159 214 28 208 119 204 84 255 184 244 206 161 235 166 186 205 119 7 234 185 210 213 170 217 208 221 134 213 93 254 193 234 158 231 229 196 0 244 202 161 232 229 184 192 202 199 227 234 217 212 167 152 175 172 169 195 218 212 225 239 211 202 186 172 145 135 153 159 169 178 187 193 200 194 188 191 185
64 23 172 227 42 154 59 196 201 201 46 224 52 172 138 107 169 34 168 166 26 174 131 27 85 126 221 169 119 37 224 30 145 164 34 138 12 96 147 166 119 239 11 173 171 174 113 22 169 38 210 174 138 27 166 50 199 151 16 43 244 0 45 81 62 56 55 47 30 34 12 7 22 28 80 83 64 72 69 47 47 44 50 64 131 122 106 107 103 97 79 72 63 54 47 38 40 47 51 51 58
36 46 160 190 22 142 23 158 189 189 40 212 49 148 100 84 157 42 140 128 25 162 93 54 49 88 174 157 90 45 212 52 133 126 42 109 52 59 135 154 91 210 48 144 159 162 74 35 157 60 181 162 109 51 128 28 170 113 46 17 202 45 0 46 31 25 20 10 26 21 37 42 35 32 45 51 29 37 35 9 15 9 21 36 93 84 68 69 68 68 53 47 40 32 28 26 40 47 49 40 38
82 81 148 149 71 129 55 116 176 176 87 200 61 111 78 103 144 69 99 82 59 150 72 101 6 73 133 144 49 68 200 99 120 104 69 69 87 19 122 141 50 170 83 103 146 150 42 69 144 90 140 150 68 98 82 78 129 92 81 44 161 81 46 0 73 72 27 36 58 53 73 77 69 64 8 10 19 12 14 39 62 56 69 82 72 63 46 37 24 28 22 19 27 35 44 50 60 64 61 52 42
9 73 194 219 16 176 18 154 222 223 31 246 82 181 92 57 190 73 169 137 53 196 86 56 76 73 203 191 120 75 246 54 166 119 73 139 74 75 168 187 120 240 69 174 193 196 83 60 190 85 210 196 138 53 137 17 200 106 69 51 232 62 31 73 0 6 51 45 58 53 60 62 60 63 69 80 57 62 64 40 18 23 12 9 89 80 76 78 91 98 86 80 73 65 61 60 75 79 82 73 72
13 67 189 216 10 171 17 157 217 218 31 241 77 176 95 62 185 67 166 142 47 191 88 51 75 76 200 186 117 69 241 49 161 121 67 136 68 74 163 182 117 237 63 171 188 191 89 54 185 79 208 191 136 48 142 12 197 108 63 45 229 56 25 72 6 0 46 35 52 47 54 56 54 57 68 77 56 61 61 34 12 17 6 13 92 83 82 84 90 95 82 75 68 60 56 54 69 73 77 68 67
56 53 147 171 45 129 33 142 175 176 60 199 41 133 84 95 143 49 121 107 33 149 77 74 30 72 155 144 71 47 199 72 119 110 49 91 61 41 122 140 72 192 57 126 146 149 58 41 143 66 162 149 90 71 107 51 152 97 55 18 184 55 20 27 51 46 0 10 31 27 46 51 41 37 26 32 9 17 16 13 35 29 42 56 77 68 51 53 48 50 37 31 24 21 20 26 40 44 41 32 27
45 45 151 180 31 133 27 151 179 180 51 203 39 138 92 94 147 39 130 121 25 153 86 65 39 81 164 148 80 42 203 63 123 119 39 100 53 51 125 144 81 201 49 134 150 153 67 33 147 58 171 153 99 62 121 38 160 106 47 11 192 47 10 36 45 35 10 0 23 18 38 43 33 29 35 41 19 27 25 3 24 18 31 45 86 77 60 62 58 58 44 37 30 22 18 20 34 42 39 30 29
63 22 145 196 48 127 49 173 174 174 57 197 25 142 114 111 142 15 139 138 10 147 108 56 61 103 174 142 90 18 197 59 118 140 15 109 32 72 120 138 90 210 29 144 144 147 89 11 142 35 181 147 109 55 138 55 170 128 26 17 202 30 26 58 58 52 31 23 0 5 18 25 11 6 57 57 40 49 45 23 42 36 49 63 108 99 82 84 75 68 50 43 34 25 18 9 13 20 25 23 29
57 28 148 187 44 129 43 167 176 176 57 200 27 140 109 105 144 20 137 133 9 150 102 58 56 97 171 144 87 23 200 61 120 135 20 106 38 67 122 141 88 207 34 141 146 150 83 16 144 41 178 150 106 57 133 50 167 122 32 12 199 34 21 53 53 47 27 18 5 0 23 29 16 10 52 55 35 44 40 18 36 30 43 57 102 93 76 78 72 65 47 40 32 23 15 9 16 23 27 25 28
65 14 164 210 45 146 52 188 192 193 51 216 40 156 129 113 160 25 157 158 15 166 123 39 76 119 205 160 108 28 216 42 136 156 25 127 15 87 138 157 108 228 11 162 163 166 104 11 160 30 199 166 127 38 158 52 188 143 10 35 227 12 37 73 60 54 46 38 18 23 0 7 10 16 72 75 55 63 61 39 43 38 49 65 123 114 97 99 93 86 68 61 52 43 35 29 28 35 39 39 46
65 19 169 217 44 151 55 192 197 198 50 221 46 162 134 112 165 29 164 162 21 171 127 33 80 122 212 166 114 32 221 36 141 160 29 134 13 91 143 162 115 235 8 168 168 171 108 17 165 35 205 171 133 33 162 52 194 147 13 39 234 7 42 77 62 56 51 43 25 29 7 0 17 22 76 79 60 68 65 43 46 41 51 65 127 118 101 103 99 93 74 67 59 50 42 35 34 42 45 45 53
64 13 149 200 47 131 52 182 177 178 56 201 30 146 124 112 146 15 148 152 9 151 118 48 72 112 195 146 99 18 201 51 122 150 15 118 22 83 124 142 99 219 19 153 148 151 99 1 146 26 190 151 118 48 152 53 179 137 16 28 217 22 35 69 60 54 41 33 11 16 10 17 0 6 68 68 51 60 56 33 43 37 49 64 117 108 92 93 84 77 58 54 45 36 28 21 17 25 29 29 36
67 16 144 195 50 126 56 179 172 173 59 196 25 141 120 115 140 10 143 135 10 146 114 53 67 109 190 141 94 13 196 56 116 147 10 113 28 78 119 137 94 214 24 148 143 146 95 6 140 30 185 146 112 53 135 56 174 134 22 23 212 28 32 64 63 57 37 29 6 10 16 22 6 0 63 64 46 54 51 30 45 42 52 67 114 105 88 90 79 72 53 50 41 32 23 16 12 20 24 23 31
78 80 152 155 69 134 51 120 180 181 86 204 62 117 74 95 148 70 105 86 58 154 67 100 9 68 139 149 55 69 204 98 124 100 70 74 86 17 126 145 56 176 82 109 151 154 42 68 148 93 146 154 74 97 86 75 135 87 80 43 167 80 45 8 69 68 26 35 57 52 72 76 68 63 0 17 18 8 14 38 61 55 66 78 67 58 41 36 28 33 26 24 28 37 43 49 61 65 62 53 42
88 80 146 140 76 128 62 118 175 175 91 198 60 101 82 111 143 68 89 85 61 148 75 105 10 76 124 143 40 67 198 104 119 108 68 59 90 23 121 140 40 160 86 94 145 148 45 68 143 89 131 148 59 103 85 83 120 95 84 46 152 83 51 10 80 77 32 41 57 55 75 79 68 64 17 0 24 20 17 44 66 60 74 88 75 66 50 39 21 18 20 18 26 34 42 48 59 63 60 51 40
66 63 144 163 55 125 39 133 172 172 70 196 46 126 85 101 140 54 112 99 42 146 79 84 22 74 147 140 63 53 196 82 116 112 54 82 70 33 118 137 63 183 66 117 142 146 56 51 140 76 154 146 82 81 99 61 143 99 67 27 175 64 29 19 57 56 9 19 40 35 55 60 51 46 18 24 0 9 7 22 45 39 52 66 79 70 53 51 41 41 29 24 18 20 26 32 45 49 46 37 30
71 71 147 160 62 129 44 126 175 176 77 199 55 122 76 92 144 63 110 92 50 149 69 91 15 71 144 144 60 61 199 89 119 102 63 80 78 24 122 140 61 181 74 114 146 149 47 60 144 84 151 149 79 88 92 68 140 89 72 35 172 72 37 12 62 61 17 27 49 44 63 68 60 54 8 20 9 0 7 30 52 46 59 71 69 60 44 41 34 39 29 26 23 30 35 41 54 58 55 46 39
71 68 141 156 60 123 46 129 170 170 75 193 50 118 84 98 138 58 106 95 47 143 77 89 18 72 140 138 57 57 193 87 114 110 58 76 75 30 116 135 57 177 71 111 140 143 54 57 138 79 148 143 75 86 95 66 137 97 72 32 169 69 35 14 64 61 16 25 45 40 61 65 56 51 14 17 7 7 0 28 50 44 57 71 77 68 51 49 37 35 22 19 17 25 32 38 49 53 50 41 34
44 45 153 183 30 135 27 153 182 182 50 205 42 141 95 93 150 39 133 123 25 155 88 64 42 83 167 150 83 42 205 62 126 121 39 102 53 54 128 147 84 204 49 137 152 155 70 33 150 58 174 155 102 61 123 37 163 108 47 11 195 47 9 39 40 34 13 3 23 18 39 43 33 30 38 44 22 30 28 0 23 17 30 44 88 79 63 64 61 61 46 39 33 24 21 20 34 41 42 33 31
21 56 175 205 7 156 15 163 203 203 27 227 70 162 101 69 171 55 155 136 36 177 94 49 65 82 189 171 106 58 227 47 147 127 55 125 57 68 149 168 106 226 52 160 173 177 83 43 171 67 197 177 124 46 136 14 186 114 52 34 218 47 15 62 18 12 35 24 42 36 43 46 43 45 61 66 45 52 50 23 0 6 6 21 98 89 76 78 84 84 68 61 54 46 42 43 57 65 63 54 53
27 51 169 199 13 150 15 160 197 197 33 221 57 156 101 76 165 50 149 130 33 171 95 51 59 82 183 165 100 53 221 49 141 128 50 119 52 61 143 162 100 220 47 154 167 171 77 38 165 62 191 171 118 48 130 20 180 115 46 28 212 44 9 56 23 17 29 18 36 30 38 41 37 42 55 60 39 46 44 17 6 0 13 27 95 86 69 71 78 78 62 55 48 40 36 37 50 57 57 48 47
15 62 185 213 6 167 17 162 213 214 27 237 73 173 100 63 182 62 162 141 43 187 94 48 72 81 196 182 113 64 237 47 157 126 62 132 62 72 160 178 113 233 57 167 184 187 87 49 182 74 204 187 132 46 141 10 193 113 58 41 225 50 21 69 12 6 42 31 49 43 49 51 49 52 66 74 52 59 57 30 6 13 0 15 97 88 80 82 88 91 78 71 64 56 53 50 64 70 73 65 63
0 77 199 227 17 181 27 162 228 228 28 251 88 187 100 48 196 77 176 144 58 201 94 53 85 81 211 196 127 80 251 51 172 126 77 146 77 84 174 193 127 247 72 181 198 201 92 64 196 89 218 201 146 50 144 15 207 114 73 55 239 64 36 82 9 13 56 45 63 57 65 65 64 67 78 88 66 71 71 44 21 27 15 0 97 88 84 86 100 105 92 85 79 70 67 64 79 84 88 79 77
97 129 217 199 100 199 85 72 246 246 119 269 120 161 9 86 214 124 104 62 109 220 2 144 66 27 183 214 99 126 269 142 190 34 124 94 137 58 192 211 100 220 133 95 216 220 35 118 214 142 157 220 118 141 62 105 146 21 131 95 211 131 93 72 89 92 77 86 108 102 123 127 117 114 67 75 79 69 77 88 98 95 97 97 0 9 28 41 67 77 92 89 92 99 99 105 118 122 120 111 105
88 120 208 190 91 190 76 74 237 237 110 260 111 152 16 77 205 115 106 65 100 211 10 135 57 21 174 205 90 117 260 133 181 42 115 95 128 49 183 202 91 211 124 97 207 211 28 109 205 133 159 211 109 132 65 96 148 29 122 86 202 122 84 63 80 83 68 77 99 93 114 118 108 105 58 66 70 60 68 79 89 86 88 88 9 0 20 32 58 69 83 80 83 90 90 96 109 114 111 102 96
84 103 192 174 83 174 65 92 220 221 102 244 94 136 35 78 188 98 111 61 83 194 29 119 41 32 158 188 74 100 244 117 164 61 98 80 112 32 166 185 75 195 108 102 191 194 14 92 188 117 164 194 93 116 61 89 153 48 106 70 186 106 68 46 76 82 51 60 82 76 97 101 92 88 41 50 53 44 51 63 76 69 80 84 28 20 0 16 42 53 66 64 67 73 74 79 93 97 94 85 79
86 105 183 160 84 165 67 99 211 212 104 235 95 122 47 89 179 103 103 65 85 185 41 121 32 43 144 180 60 102 235 119 155 73 103 73 113 24 157 176 61 181 109 108 182 185 7 93 179 118 151 185 79 118 65 91 140 61 107 71 172 107 69 37 78 84 53 62 84 78 99 103 93 90 36 39 51 41 49 64 78 71 82 86 41 32 16 0 28 39 53 55 63 71 75 81 94 98 95 86 77
100 92 159 133 90 141 73 103 188 188 109 211 73 95 74 114 156 81 83 57 79 161 67 123 19 70 117 156 33 80 211 121 132 100 81 52 104 19 134 152 34 153 103 87 158 161 33 84 156 102 124 161 52 120 57 97 113 87 97 66 145 103 68 24 91 90 48 58 75 72 93 99 84 79 28 21 41 34 37 61 84 78 88 100 67 58 42 28 0 11 26 32 42 51 60 66 72 76 73 64 53
105 85 152 122 94 134 80 113 180 181 109 204 66 97 84 125 149 74 72 65 72 154 78 121 25 80 106 149 23 72 204 121 125 110 74 42 97 32 127 145 23 143 96 77 151 154 44 77 149 95 114 154 42 120 65 100 103 97 90 62 135 97 68 28 98 95 50 58 68 65 86 93 77 72 33 18 41 39 35 61 84 78 91 105 77 69 53 39 11 0 19 25 35 44 53 59 65 69 66 57 46
92 66 133 140 75 115 68 129 162 162 94 185 47 102 98 119 130 55 90 82 54 135 92 102 26 93 124 130 41 54 185 105 106 124 55 60 78 39 108 127 41 161 77 95 132 135 58 58 130 76 132 135 60 102 82 81 121 112 71 45 153 79 53 22 86 82 37 44 50 47 68 74 58 53 26 20 29 29 22 46 68 62 78 92 92 83 66 53 26 19 0 7 15 23 34 41 46 50 47 38 27
85 65 130 147 68 112 62 134 159 159 87 182 44 115 96 115 127 52 97 88 47 132 89 95 23 90 131 127 47 51 182 99 103 122 52 66 75 37 105 124 48 168 72 101 129 132 60 54 127 73 138 132 66 95 88 74 127 109 70 38 159 72 47 19 80 75 31 37 43 40 61 67 54 50 24 18 24 26 19 39 61 55 71 85 89 80 64 55 32 25 7 0 10 19 27 34 43 47 44 35 24
79 54 126 157 61 108 55 142 154 155 80 178 35 108 99 117 122 43 107 98 38 128 92 87 31 87 141 123 57 41 178 90 98 125 43 77 67 45 100 119 58 178 63 111 125 128 68 46 122 64 148 128 76 87 98 67 137 112 61 32 169 63 40 27 73 68 24 30 34 32 52 59 45 41 28 26 18 23 17 33 54 48 64 79 92 83 67 63 42 35 15 10 0 9 19 25 34 38 35 26 15
70 45 130 166 53 111 47 150 158 158 72 182 26 117 106 109 126 34 115 107 29 132 99 78 40 94 150 126 66 33 182 81 102 132 34 85 58 53 104 123 66 186 54 120 128 132 76 36 126 55 157 132 85 77 107 59 146 119 52 24 178 54 32 35 65 60 21 22 25 23 43 50 36 32 37 34 20 30 25 24 46 40 56 70 99 90 73 71 51 44 23 19 9 0 10 16 25 29 26 17 10
67 39 139 174 49 121 43 164 167 168 67 191 27 127 106 105 135 31 124 116 22 141 100 70 47 94 158 135 75 30 191 73 111 132 31 94 49 59 113 132 75 195 46 129 138 141 81 28 135 53 166 141 94 70 116 55 155 119 44 17 187 47 28 44 61 56 20 18 18 15 35 42 28 23 43 42 26 35 32 21 42 36 53 67 99 90 74 75 60 53 34 27 19 10 0 9 22 30 27 18 16
64 33 147 181 51 129 45 170 176 176 64 199 27 133 112 112 144 24 130 122 16 149 105 65 53 100 165 144 81 23 199 68 120 138 24 100 43 65 122 141 81 201 39 135 146 149 86 21 144 46 172 149 100 64 122 58 161 125 37 13 193 38 26 50 60 54 26 20 9 9 29 35 21 16 49 48 32 41 38 20 43 37 50 64 105 96 79 81 66 59 41 34 25 16 9 0 15 22 27 25 22
79 26 132 183 62 114 59 175 160 161 71 184 12 128 125 127 128 9 136 127 22 134 118 66 64 113 178 128 87 8 184 69 104 151 9 106 37 77 106 125 87 206 36 141 131 134 99 17 128 33 177 134 105 65 127 68 167 138 31 26 200 40 40 60 75 69 40 34 13 16 28 34 17 12 61 59 45 54 49 34 57 50 64 79 118 109 93 94 72 65 46 43 34 25 22 15 0 8 12 15 24
84 30 126 177 69 108 67 179 154 155 78 178 7 123 129 132 122 13 140 131 30 128 123 73 68 117 172 123 90 11 178 76 98 155 13 110 41 81 100 119 91 201 42 144 125 128 104 25 122 39 181 128 82 73 131 76 170 142 35 33 194 47 47 64 79 73 44 42 20 23 35 42 25 20 65 63 49 58 53 41 65 57 70 84 122 114 97 98 76 69 50 47 38 29 30 22 8 0 6 14 20
88 37 120 171 73 102 64 176 149 149 82 172 3 117 126 126 117 18 137 129 33 122 120 77 65 115 166 117 88 15 172 80 93 152 18 107 49 78 95 114 88 195 48 142 119 122 101 29 117 44 179 122 77 76 129 80 168 140 42 38 188 51 49 61 82 77 41 39 25 27 39 45 29 24 62 60 46 55 50 42 63 57 73 88 120 111 94 95 73 66 47 44 35 26 27 27 12 6 0 8 14
79 37 124 174 61 106 55 167 153 153 79 176 9 119 117 117 121 21 128 120 33 127 111 77 56 106 169 121 79 19 176 80 97 144 21 98 48 70 99 118 79 197 47 133 123 127 92 28 121 45 170 127 98 76 120 68 159 131 42 32 191 51 40 52 73 68 32 30 23 25 39 45 29 23 53 51 37 46 41 33 54 48 65 79 111 102 85 86 64 57 38 35 26 17 18 25 15 14 8 0 7
77 44 128 168 60 109 54 156 156 156 79 180 16 114 112 116 124 33 118 109 35 130 105 84 46 100 163 124 68 28 180 87 100 138 33 87 56 59 102 121 69 188 55 122 126 130 82 36 124 54 159 130 87 84 109 66 148 125 49 31 185 58 38 42 72 67 27 29 29 28 46 53 36 31 42 40 30 39 34 31 53 47 63 77 105 96 79 77 53 46 27 24 15 10 16 22 24 20 14 7 0