0 229 74 201 196 188 225 63 143 107 64 86 188 25 168 179 57 76 192 60 187 200 39 65 181 191 63 79 188 231 78 223 33 158 196 90 66 201 45 182 142 64 192 178 73 67 106 85 177 226 60 77 199 188 77 53 77 251 163 197 93 64 36 82 9 13 56 45 63 57 65 65 64 67 78 88 66 71 71 44 21 27 15 0 97 88 84 86 100 105 92 85 79 70 67 64 79 84 88 79 77
229 0 171 85 102 94 101 282 216 257 199 152 94 222 74 85 210 183 98 249 101 106 221 176 253 100 190 190 94 27 192 29 241 111 102 258 181 107 183 88 239 175 98 283 188 198 267 181 83 7 203 193 105 94 180 229 245 67 69 103 167 202 190 178 224 219 177 181 175 178 194 199 179 174 182 176 174 177 171 183 205 199 215 229 247 238 222 213 189 182 163 160 156 160 169 177 162 156 150 154 158
74 171 0 130 138 130 154 116 72 86 65 25 130 68 110 121 74 13 134 78 117 142 47 55 110 116 62 81 130 173 81 165 79 87 138 87 60 143 29 124 79 49 134 140 75 71 96 16 120 168 65 78 141 130 71 91 67 193 105 139 23 72 37 12 64 64 17 27 48 43 64 68 59 55 12 16 9 6 3 30 52 46 60 74 76 67 50 46 34 34 22 19 17 25 33 39 49 53 51 42 30
201 85 130 0 141 133 41 240 125 182 189 127 133 195 114 124 202 135 137 190 34 145 168 172 158 32 186 189 133 86 191 78 203 44 141 186 177 147 156 127 146 170 137 188 187 197 195 122 123 82 193 192 144 133 179 223 173 71 108 142 113 201 165 124 194 191 146 155 171 162 185 191 175 170 130 114 137 135 131 158 180 174 187 201 174 165 149 135 108 97 115 122 132 140 149 155 158 152 146 148 143
196 102 138 141 0 8 158 249 183 224 166 119 24 189 31 18 177 150 4 216 192 6 188 143 219 156 156 157 24 103 158 96 208 162 1 225 148 7 150 18 205 141 4 249 154 165 234 148 27 99 169 160 5 8 147 196 211 124 33 3 133 169 157 144 191 186 144 148 142 144 160 166 146 141 149 143 140 144 138 150 171 165 182 196 214 205 188 180 156 149 130 127 123 126 135 144 128 123 117 121 124
188 94 130 133 8 0 149 240 175 216 157 110 16 181 23 10 169 142 4 207 184 12 179 134 211 148 148 148 16 95 150 87 200 154 8 217 139 14 141 10 197 133 4 241 146 157 225 140 19 91 161 152 12 0 138 188 203 116 25 9 125 161 149 136 182 177 136 139 134 136 152 157 138 132 140 135 132 136 130 142 163 157 174 188 206 197 180 171 148 141 122 119 114 118 127 136 120 114 109 113 116
225 101 154 41 158 149 0 264 149 206 213 151 149 219 130 140 226 159 154 214 58 162 192 196 182 56 210 213 149 102 215 95 227 68 157 210 201 163 180 144 170 194 154 212 211 221 219 146 139 98 217 217 161 149 203 247 197 87 124 159 137 225 189 148 218 215 170 179 195 186 209 216 199 194 154 138 161 159 155 182 204 198 211 225 198 189 173 159 132 121 139 146 156 164 173 179 182 176 170 173 167
63 282 116 240 249 240 264 0 178 117 125 139 241 86 221 231 115 115 245 53 227 253 79 127 200 225 124 137 241 284 135 276 43 196 248 90 128 254 102 235 157 126 245 188 135 126 110 122 230 279 121 134 252 240 140 108 79 304 215 250 138 122 98 122 71 76 109 108 125 120 127 126 127 129 114 130 115 110 116 107 83 90 77 63 107 98 99 110 132 144 137 133 131 123 119 127 142 146 140 131 130
143 216 72 125 183 175 149 178 0 73 126 68 175 137 155 166 137 76 179 122 112 187 106 111 43 110 123 131 175 218 133 210 141 81 183 118 118 188 98 169 32 107 179 69 128 133 116 63 165 213 128 134 186 175 123 158 104 238 150 184 54 135 106 65 135 132 87 96 106 103 124 130 114 109 71 56 79 76 72 99 121 115 129 143 86 85 70 67 46 38 56 63 73 82 90 97 102 106 103 94 84
107 257 86 182 224 216 206 117 73 0 135 106 216 124 196 207 143 78 220 64 169 228 74 123 82 168 131 148 216 259 149 251 90 139 224 43 129 230 97 210 61 119 220 76 141 140 48 76 206 254 134 147 227 216 139 154 40 279 191 225 102 141 103 82 99 102 87 96 118 112 133 137 127 124 77 85 89 79 87 98 108 105 107 107 17 20 37 49 76 86 102 99 102 109 109 115 128 132 130 121 115
64 199 65 189 166 157 213 125 126 135 0 62 158 41 138 148 14 71 162 104 160 170 72 19 165 164 4 17 158 201 17 193 87 141 165 129 12 171 41 152 142 22 162 195 14 8 144 78 147 196 5 15 169 157 19 35 116 221 132 167 72 10 39 75 61 55 48 40 22 26 6 5 14 19 74 78 57 65 63 40 44 39 50 64 125 116 99 100 96 89 70 63 55 46 38 30 32 39 43 43 50
86 152 25 127 119 110 151 139 68 106 62 0 110 78 91 101 73 34 115 103 107 123 72 45 106 111 59 65 110 153 66 146 99 83 118 107 50 124 40 105 83 40 115 136 61 66 115 30 100 149 65 68 122 110 56 95 93 174 85 120 15 70 47 26 81 76 34 38 42 39 58 65 48 43 30 24 27 33 25 40 62 56 72 86 96 87 70 61 37 30 11 8 9 19 27 33 36 40 37 28 18
188 94 130 133 24 16 149 241 175 216 158 110 0 181 23 26 169 142 20 208 184 28 179 135 211 148 148 149 0 95 150 88 200 154 24 217 140 29 141 6 197 133 20 241 146 157 225 140 16 91 161 152 27 16 138 188 203 116 25 25 125 161 149 136 183 178 136 139 134 136 152 158 138 133 141 135 132 136 130 142 163 157 174 188 206 197 180 172 148 141 122 119 114 118 127 136 120 115 109 113 116
25 222 68 195 189 181 219 86 137 124 41 78 181 0 161 172 31 73 185 77 178 193 52 46 175 183 40 56 181 224 51 216 55 151 189 107 47 194 41 175 154 47 185 205 50 41 122 80 171 219 37 49 192 181 56 29 94 244 156 190 85 37 30 77 28 22 50 41 47 46 43 42 46 49 76 82 60 67 65 40 21 27 20 25 114 105 96 98 99 99 84 77 70 62 57 53 61 68 72 69 69
168 74 110 114 31 23 130 221 155 196 138 91 23 161 0 18 149 122 27 188 165 35 160 115 192 129 129 129 23 76 131 68 180 134 31 197 120 37 122 17 178 114 27 222 127 137 206 120 13 71 142 132 34 23 119 168 184 96 6 32 106 141 129 117 163 158 116 120 114 117 133 138 118 113 121 115 113 116 110 122 144 138 154 168 186 178 161 152 128 121 102 99 95 99 108 116 101 95 89 93 97
179 85 121 124 18 10 140 231 166 207 148 101 26 172 18 0 160 133 14 199 175 22 170 126 202 139 139 139 26 86 141 78 191 145 18 208 131 24 132 20 188 124 14 232 137 148 216 131 24 82 152 143 22 10 129 179 194 107 16 19 116 152 140 127 173 168 127 130 125 127 143 149 129 124 131 126 123 127 121 133 154 148 165 179 197 188 171 162 139 132 113 110 105 109 118 127 111 106 100 104 107
57 210 74 202 177 169 226 115 137 143 14 73 169 31 149 160 0 79 173 100 172 181 73 31 175 177 16 24 169 212 22 204 85 152 177 130 25 182 49 163 149 35 173 205 24 12 145 86 159 207 9 21 180 169 31 21 117 232 144 178 82 9 42 83 55 49 56 48 35 36 17 11 27 32 82 85 65 73 71 48 41 39 43 57 133 124 107 109 105 99 81 74 66 57 49 43 44 52 55 55 63
76 183 13 135 150 142 159 115 76 78 71 34 142 73 122 133 79 0 146 77 122 154 48 62 115 120 68 84 142 185 86 177 78 91 150 79 67 155 35 136 78 55 146 145 78 77 88 14 132 180 71 84 153 142 77 97 65 205 117 151 31 78 43 13 67 66 23 33 55 50 70 74 66 60 7 22 15 6 13 36 58 52 64 76 68 59 42 40 33 39 30 28 29 36 41 47 60 64 61 52 45
192 98 134 137 4 4 154 245 179 220 162 115 20 185 27 14 173 146 0 212 188 8 184 139 215 152 153 153 20 99 154 92 204 158 4 221 144 9 146 14 202 137 0 245 151 161 230 144 23 95 166 156 7 4 143 192 208 120 29 5 129 165 153 140 187 182 140 144 138 140 157 162 142 137 145 139 136 140 134 146 167 161 178 192 210 201 185 176 152 145 126 123 119 122 132 140 125 119 113 117 120
60 249 78 190 216 207 214 53 122 64 104 103 208 77 188 199 100 77 212 0 177 220 40 103 147 175 101 119 208 251 118 243 33 146 215 36 104 221 80 202 104 102 212 135 111 109 57 81 197 246 101 116 219 207 116 107 26 271 182 217 101 109 74 85 52 55 78 81 101 95 103 106 102 105 76 93 79 73 79 82 61 66 60 60 54 45 46 57 83 94 100 96 94 97 98 100 113 121 118 109 104
187 101 117 34 192 184 58 227 112 169 160 107 184 178 165 175 172 122 188 177 0 196 155 143 145 9 156 160 184 103 161 95 190 31 192 173 148 198 140 179 133 141 188 175 158 168 182 109 174 98 164 163 195 184 150 194 160 87 159 193 100 172 148 111 181 176 133 138 142 140 156 162 146 141 117 101 126 122 118 141 162 156 173 187 161 152 136 122 95 97 102 115 108 117 127 133 128 123 117 119 114
200 106 142 145 6 12 162 253 187 228 170 123 28 193 35 22 181 154 8 220 196 0 192 147 223 160 160 161 28 107 162 100 212 166 6 229 152 2 154 22 209 145 8 253 158 169 238 152 31 103 173 164 1 12 151 200 215 128 37 3 137 173 161 148 195 190 148 152 146 148 164 170 150 145 153 147 144 148 142 154 175 169 186 200 218 209 192 184 160 153 134 131 127 130 139 148 132 127 121 125 128
39 221 47 168 188 179 192 79 106 74 72 72 179 52 160 170 73 48 184 40 155 192 0 69 147 153 70 87 179 222 86 215 38 124 187 58 73 193 41 174 104 65 184 150 80 77 73 56 169 218 70 85 191 179 84 80 44 243 154 189 70 78 40 54 30 33 42 42 63 58 71 74 71 70 37 62 46 42 48 42 34 34 35 39 64 55 46 48 60 72 69 65 63 62 58 60 74 82 79 70 69
65 176 55 172 143 134 196 127 111 123 19 45 135 46 115 126 31 62 139 103 143 147 69 0 150 147 15 26 135 178 29 170 86 126 143 124 8 148 30 129 127 7 139 180 23 24 133 68 124 173 23 29 146 134 18 53 105 198 109 144 58 27 32 65 60 54 37 29 7 12 15 21 6 2 64 64 47 56 52 29 43 39 49 65 113 104 88 89 81 74 55 50 41 32 24 17 14 22 26 25 33
181 253 110 158 219 211 182 200 43 82 165 106 211 175 192 202 175 115 215 147 145 223 147 150 0 143 161 169 211 254 171 246 169 114 219 121 156 225 136 206 48 145 215 55 166 172 126 101 201 249 167 172 222 211 161 197 117 211 186 220 92 173 144 103 174 171 126 134 144 141 162 168 153 148 109 94 117 114 111 137 160 154 167 181 95 97 102 108 87 77 95 101 111 120 129 135 141 144 142 133 122
191 100 116 32 156 148 56 225 110 168 164 111 148 183 129 139 177 120 152 175 9 160 153 147 143 0 161 164 148 101 166 93 189 29 156 172 152 162 145 143 131 146 152 173 162 172 180 107 138 97 168 168 159 148 154 198 158 86 123 157 98 176 152 109 186 181 131 143 146 144 160 167 150 145 115 100 123 120 117 145 166 160 177 191 159 150 134 120 93 83 101 107 113 121 131 138 133 127 121 124 118
63 190 62 186 156 148 210 124 123 131 4 59 148 40 129 139 16 68 153 101 156 160 70 15 161 161 0 19 148 191 18 184 84 138 156 132 9 162 38 143 138 19 153 191 13 11 141 74 138 187 8 16 160 148 17 38 114 212 123 158 68 13 36 71 59 53 45 37 19 22 3 8 11 16 70 75 54 62 59 37 41 36 49 63 121 112 96 97 92 85 67 60 52 43 35 26 28 36 40 39 47
79 190 81 189 157 148 213 137 131 148 17 65 149 56 129 139 24 84 153 119 160 161 87 26 169 164 19 0 149 191 2 184 102 129 156 145 21 162 54 143 146 33 153 199 7 14 157 91 138 187 19 4 160 148 10 43 131 212 123 158 78 16 52 88 76 70 61 53 33 38 15 15 23 25 87 90 73 78 78 53 59 54 64 79 137 129 112 113 100 93 75 76 62 54 50 43 34 38 45 45 53
188 94 130 133 24 16 149 241 175 216 158 110 0 181 23 26 169 142 20 208 184 28 179 135 211 148 148 149 0 95 150 88 200 154 24 217 140 29 141 6 197 133 20 241 146 157 225 140 16 91 161 152 27 16 138 188 203 116 25 25 125 161 149 136 183 178 136 139 134 136 152 158 138 133 141 135 132 136 130 142 163 157 174 188 206 197 180 172 148 141 122 119 114 118 127 136 120 115 109 113 116
231 27 173 86 103 95 102 284 218 259 201 153 95 224 76 86 212 185 99 251 103 107 222 178 254 101 191 191 95 0 193 8 243 113 103 260 183 109 184 90 240 176 99 284 189 200 268 183 85 20 204 195 107 95 181 231 246 69 70 105 168 204 192 179 225 220 179 182 177 179 195 201 181 176 183 178 175 179 173 185 206 200 217 231 249 240 223 215 191 184 165 162 157 161 170 179 163 158 152 156 159
78 192 81 191 158 150 215 135 133 149 17 66 150 51 131 141 22 86 154 118 161 162 86 29 171 166 18 2 150 193 0 185 101 131 158 144 21 164 56 145 148 33 154 201 7 13 158 92 140 189 19 2 162 150 12 41 131 214 125 159 80 14 53 89 75 70 62 54 33 38 16 14 23 29 88 91 71 79 77 55 58 53 64 78 139 130 113 115 102 95 76 76 68 59 50 43 36 40 47 47 54
223 29 165 78 96 87 95 276 210 251 193 146 88 216 68 78 204 177 92 243 95 100 215 170 246 93 184 184 88 8 185 0 235 105 95 252 175 101 177 82 233 168 92 276 182 192 261 175 77 22 197 187 99 87 174 223 239 61 62 97 160 196 184 171 218 213 171 175 169 172 188 193 173 168 176 170 167 171 165 177 198 192 209 223 241 232 216 207 183 176 157 154 150 153 163 171 156 150 144 148 151
33 241 79 203 208 200 227 43 141 90 87 99 200 55 180 191 85 78 204 33 190 212 38 86 169 189 84 102 200 243 101 235 0 159 208 69 87 214 61 194 125 85 204 161 94 92 87 85 190 238 84 99 211 200 99 78 60 263 175 209 101 92 57 85 35 37 69 62 84 78 86 88 85 88 77 93 74 74 80 63 44 49 47 33 80 71 67 78 95 107 101 97 91 83 79 81 94 103 100 91 90
158 111 87 44 162 154 68 196 81 139 141 83 154 151 134 145 152 91 158 146 31 166 124 126 114 29 138 129 154 113 131 105 159 0 162 142 133 167 113 148 102 122 158 144 127 148 151 78 144 108 143 133 165 154 119 173 129 97 129 163 69 150 121 80 150 147 102 111 121 118 139 145 129 124 86 71 94 91 87 114 136 130 144 158 130 121 105 91 64 53 71 78 88 97 105 112 98 92 87 89 99
196 102 138 141 1 8 157 248 183 224 165 118 24 189 31 18 177 150 4 215 192 6 187 143 219 156 156 156 24 103 158 95 208 162 0 225 148 6 149 18 205 141 4 249 154 165 233 148 27 99 169 160 5 8 146 196 211 124 33 3 133 169 157 144 190 185 144 147 142 144 160 166 146 141 148 143 140 144 138 150 171 165 182 196 214 205 188 179 156 149 130 127 122 126 135 144 128 123 117 121 124
90 258 87 186 225 217 210 90 118 43 129 107 217 107 197 208 130 79 221 36 173 229 58 124 121 172 132 145 217 260 144 252 69 142 225 0 130 230 98 211 100 120 221 114 142 135 22 77 207 255 127 142 228 217 140 137 15 280 192 226 103 135 104 82 83 85 88 97 119 113 134 131 128 125 78 86 90 80 88 99 91 91 90 90 31 27 41 53 79 90 103 100 103 110 110 116 129 133 131 122 116
66 181 60 177 148 139 201 128 118 129 12 50 140 47 120 131 25 67 144 104 148 152 73 8 156 152 9 21 140 183 21 175 87 133 148 130 0 153 35 134 133 12 144 186 15 16 138 73 129 178 16 20 151 139 15 46 110 203 114 149 63 19 36 70 62 56 42 34 12 17 7 13 2 8 69 70 52 61 58 34 44 39 51 66 119 110 93 94 87 80 60 55 47 38 29 22 19 27 31 30 38
201 107 143 147 7 14 163 254 188 230 171 124 29 194 37 24 182 155 9 221 198 2 193 148 225 162 162 162 29 109 164 101 214 167 6 230 153 0 155 24 211 147 9 255 160 170 239 154 33 104 175 166 2 14 152 201 217 129 39 4 139 174 162 150 196 191 149 153 147 150 166 171 151 146 154 148 146 149 143 155 177 171 187 201 220 211 194 185 161 154 135 132 128 132 141 149 134 128 122 127 130
45 183 29 156 150 141 180 102 98 97 41 40 141 41 122 132 49 35 146 80 140 154 41 30 136 145 38 54 141 184 56 177 61 113 149 98 35 155 0 136 104 26 146 166 48 47 107 41 131 180 41 54 153 141 46 65 78 205 116 151 47 48 10 38 44 35 11 3 24 19 39 44 34 30 37 43 21 28 26 3 24 18 31 45 87 78 62 63 60 60 46 39 32 24 20 21 35 42 41 32 31
182 88 124 127 18 10 144 235 169 210 152 105 6 175 17 20 163 136 14 202 179 22 174 129 206 143 143 143 6 90 145 82 194 148 18 211 134 24 136 0 192 128 14 236 141 151 220 134 12 85 156 146 21 10 133 182 198 110 20 19 120 155 143 131 177 172 130 134 128 131 147 152 132 127 135 129 127 130 124 136 158 152 168 182 200 191 175 166 142 135 116 113 109 113 122 130 115 109 103 107 111
142 239 79 146 205 197 170 157 32 61 142 83 197 154 178 188 149 78 202 104 133 209 104 127 48 131 138 146 197 240 148 233 125 102 205 100 133 211 104 192 0 122 202 43 143 149 104 63 187 236 140 149 209 197 138 167 86 261 172 207 69 150 112 69 135 140 93 103 121 118 139 145 130 125 72 69 85 78 81 105 134 128 138 142 74 73 58 63 47 55 72 78 88 97 106 112 117 121 119 110 99
64 175 49 170 141 133 194 126 107 119 22 40 133 47 114 124 35 55 137 102 141 145 65 7 145 146 19 33 133 176 33 168 85 122 141 120 12 147 26 128 122 0 137 175 27 28 128 64 123 172 26 32 144 133 22 56 100 197 108 142 52 30 28 59 60 54 32 25 1 6 18 25 11 6 58 59 41 49 46 25 43 37 50 64 109 100 83 85 76 69 51 44 36 24 17 10 13 20 24 22 28
192 98 134 137 4 4 154 245 179 220 162 115 20 185 27 14 173 146 0 212 188 8 184 139 215 152 153 153 20 99 154 92 204 158 4 221 144 9 146 14 202 137 0 245 151 161 230 144 23 95 166 156 7 4 143 192 208 120 29 5 129 165 153 140 187 182 140 144 138 140 157 162 142 137 145 139 136 140 134 146 167 161 178 192 210 201 185 176 152 145 126 123 119 122 132 140 125 119 113 117 120
178 283 140 188 249 241 212 188 69 76 195 136 241 205 222 232 205 145 245 135 175 253 150 180 55 173 191 199 241 284 201 276 161 144 249 114 186 255 166 236 43 175 245 0 196 202 119 131 231 280 197 202 253 241 191 227 111 241 216 250 123 203 174 133 170 173 156 164 174 171 192 198 183 178 139 124 147 144 141 167 180 173 184 178 88 91 104 109 111 107 125 131 141 150 159 165 171 175 172 163 152
73 188 75 187 154 146 211 135 128 141 14 61 146 50 127 137 24 78 151 111 158 158 80 23 166 162 13 7 146 189 7 182 94 127 154 142 15 160 48 141 143 27 151 196 0 12 151 84 136 185 17 6 158 146 8 43 124 210 121 156 78 16 46 81 69 63 55 47 26 32 10 13 16 22 80 84 67 72 72 47 52 46 58 73 131 122 106 107 97 90 71 70 61 52 44 37 31 35 42 42 49
67 198 71 197 165 157 221 126 133 140 8 66 157 41 137 148 12 77 161 109 168 169 77 24 172 172 11 14 157 200 13 192 92 148 165 135 16 170 47 151 149 28 161 202 12 0 150 83 146 195 8 11 168 157 18 31 121 220 132 166 79 4 45 80 65 59 54 46 28 33 10 3 18 25 79 82 63 71 68 46 47 44 53 67 130 121 105 106 103 96 77 70 62 53 45 38 35 43 47 46 54
106 267 96 195 234 225 219 110 116 48 144 115 225 122 206 216 145 88 230 57 182 238 73 133 126 180 141 157 225 268 158 261 87 151 233 22 138 239 107 220 104 128 230 119 151 150 0 86 215 264 144 157 237 225 148 153 31 289 200 235 112 151 113 91 98 100 97 105 127 121 142 146 137 133 87 95 98 89 96 108 106 106 106 106 36 33 50 61 88 98 111 109 112 118 119 124 138 142 139 130 124
85 181 16 122 148 140 146 122 63 76 78 30 140 80 120 131 86 14 144 81 109 152 56 68 101 107 74 91 140 183 92 175 85 78 148 77 73 154 41 134 63 64 144 131 84 83 86 0 130 178 77 90 151 140 84 104 64 203 115 149 26 85 49 6 76 75 30 39 61 56 76 80 72 67 9 10 22 15 18 42 65 59 72 85 66 57 41 32 19 25 26 23 31 40 47 53 64 68 65 56 46
177 83 120 123 27 19 139 230 165 206 147 100 16 171 13 24 159 132 23 197 174 31 169 124 201 138 138 138 16 85 140 77 190 144 27 207 129 33 131 12 187 123 23 231 136 146 215 130 0 80 151 142 31 19 128 177 193 105 15 29 115 151 139 126 172 167 125 129 123 126 142 147 127 122 130 124 122 125 120 131 153 147 163 177 196 187 170 161 137 130 112 108 104 108 117 125 110 104 99 103 106
226 7 168 82 99 91 98 279 213 254 196 149 91 219 71 82 207 180 95 246 98 103 218 173 249 97 187 187 91 20 189 22 238 108 99 255 178 104 180 85 236 172 95 280 185 195 264 178 80 0 200 190 102 91 177 226 242 64 65 100 163 199 187 175 221 216 174 178 172 175 191 196 176 171 179 173 171 174 168 180 202 196 212 226 244 235 219 210 186 179 160 157 153 157 166 174 159 153 147 151 155
60 203 65 193 169 161 217 121 128 134 5 65 161 37 142 152 9 71 166 101 164 173 70 23 167 168 8 19 161 204 19 197 84 143 169 127 16 175 41 156 140 26 166 197 17 8 144 77 151 200 0 17 173 161 23 30 114 225 136 171 74 9 37 74 57 51 48 40 26 28 10 5 18 23 73 76 57 65 62 40 42 36 46 60 124 115 98 100 96 91 72 65 57 48 40 35 35 43 47 46 54
77 193 78 192 160 152 217 134 134 147 15 68 152 49 132 143 21 84 156 116 163 164 85 29 172 168 16 4 152 195 2 187 99 133 160 142 20 166 54 146 149 32 156 202 6 11 157 90 142 190 17 0 163 152 14 39 129 215 127 161 84 13 52 87 74 68 61 53 32 38 15 13 22 28 86 90 70 78 75 53 57 51 62 77 137 128 112 113 103 96 78 75 67 58 49 43 37 41 48 48 56
199 105 141 144 5 12 161 252 186 227 169 122 27 192 34 22 180 153 7 219 195 1 191 146 222 159 160 160 27 107 162 99 211 165 5 228 151 2 153 21 209 144 7 253 158 168 237 151 31 102 173 163 0 12 150 199 215 127 37 2 136 172 160 148 194 189 147 151 145 148 164 169 149 144 152 146 144 147 141 153 175 169 185 199 217 208 192 183 159 152 133 130 126 130 139 147 132 126 120 124 128
188 94 130 133 8 0 149 240 175 216 157 110 16 181 23 10 169 142 4 207 184 12 179 134 211 148 148 148 16 95 150 87 200 154 8 217 139 14 141 10 197 133 4 241 146 157 225 140 19 91 161 152 12 0 138 188 203 116 25 9 125 161 149 136 182 177 136 139 134 136 152 157 138 132 140 135 132 136 130 142 163 157 174 188 206 197 180 171 148 141 122 119 114 118 127 136 120 114 109 113 116
77 180 71 179 147 138 203 140 123 139 19 56 138 56 119 129 31 77 143 116 150 151 84 18 161 154 17 10 138 181 12 174 99 119 146 140 15 152 46 133 138 22 143 191 8 18 148 84 128 177 23 14 150 138 0 50 120 202 113 148 69 23 46 81 73 67 53 45 22 28 14 19 13 16 80 80 63 71 68 45 56 51 62 77 129 120 103 105 92 85 66 65 54 45 39 33 26 30 37 37 44
53 229 91 223 196 188 247 108 158 154 35 95 188 29 168 179 21 97 192 107 194 200 80 53 197 198 38 43 188 231 41 223 78 173 196 137 46 201 65 182 167 56 192 227 43 31 153 104 177 226 30 39 199 188 50 0 124 251 163 197 104 27 54 101 56 51 74 65 56 58 39 33 48 53 100 105 84 91 89 64 49 51 48 53 144 135 119 121 123 121 102 95 87 78 70 65 66 73 77 77 84
77 245 67 173 211 203 197 79 104 40 116 93 203 94 184 194 117 65 208 26 160 215 44 105 117 158 114 131 203 246 131 239 60 129 211 15 110 217 78 198 86 100 208 111 124 121 31 64 193 242 114 129 215 203 120 124 0 267 178 213 90 122 84 69 69 72 68 77 99 93 115 118 109 105 64 73 70 67 68 80 78 78 77 77 28 22 28 39 66 76 89 86 83 90 91 96 110 114 111 102 96
251 67 193 71 124 116 87 304 238 279 221 174 116 244 96 107 232 205 120 271 87 128 243 198 211 86 212 212 116 69 214 61 263 97 124 280 203 129 205 110 261 197 120 241 210 220 289 203 105 64 225 215 127 116 202 251 267 0 91 125 189 224 212 200 246 241 199 203 197 200 216 221 201 196 204 198 196 199 193 205 227 221 237 251 269 260 244 235 211 204 185 182 178 182 191 199 184 178 172 176 180
163 69 105 108 33 25 124 215 150 191 132 85 25 156 6 16 144 117 29 182 159 37 154 109 186 123 123 123 25 70 125 62 175 129 33 192 114 39 116 20 172 108 29 216 121 132 200 115 15 65 136 127 37 25 113 163 178 91 0 34 100 136 124 111 157 152 110 114 109 111 127 132 113 107 115 110 107 111 105 117 138 132 149 163 181 172 155 146 123 116 97 94 89 93 102 111 95 89 84 88 91
197 103 139 142 3 9 159 250 184 225 167 120 25 190 32 19 178 151 5 217 193 3 189 144 220 157 158 158 25 105 159 97 209 163 3 226 149 4 151 19 207 142 5 250 156 166 235 149 29 100 171 161 2 9 148 197 213 125 34 0 134 170 158 145 192 187 145 149 143 146 162 167 147 142 150 144 142 145 139 151 172 166 183 197 215 206 190 181 157 150 131 128 124 127 137 145 130 124 118 122 125
93 167 23 113 133 125 137 138 54 102 72 15 125 85 106 116 82 31 129 101 100 137 70 58 92 98 68 78 125 168 80 160 101 69 133 103 63 139 47 120 69 52 129 123 78 79 112 26 115 163 74 84 136 125 69 104 90 189 100 134 0 80 55 23 87 83 38 45 51 48 69 76 62 56 27 21 30 29 23 48 69 63 79 93 92 83 67 51 24 17 3 8 18 27 36 42 49 53 50 41 31
64 202 72 201 169 161 225 122 135 141 10 70 161 37 141 152 9 78 165 109 172 173 78 27 173 176 13 16 161 204 14 196 92 150 169 135 19 174 48 155 150 30 165 203 16 4 151 85 151 199 9 13 172 161 23 27 122 224 136 170 80 0 45 81 62 56 55 47 30 34 12 7 22 28 80 83 64 72 69 47 47 44 50 64 131 122 106 107 103 97 79 72 63 54 47 38 40 47 51 51 58
36 190 37 165 157 149 189 98 106 103 39 47 149 30 129 140 42 43 153 74 148 161 40 32 144 152 36 52 149 192 53 184 57 121 157 104 36 162 10 143 112 28 153 174 46 45 113 49 139 187 37 52 160 149 46 54 84 212 124 158 55 45 0 46 31 25 20 10 26 21 37 42 35 32 45 51 29 37 35 9 15 9 21 36 93 84 68 69 68 68 53 47 40 32 28 26 40 47 49 40 38
82 178 12 124 144 136 148 122 65 82 75 26 136 77 117 127 83 13 140 85 111 148 54 65 103 109 71 88 136 179 89 171 85 80 144 82 70 150 38 131 69 59 140 133 81 80 91 6 126 175 74 87 148 136 81 101 69 200 111 145 23 81 46 0 73 72 27 36 58 53 73 77 69 64 8 10 19 12 14 39 62 56 69 82 72 63 46 37 24 28 22 19 27 35 44 50 60 64 61 52 42
9 224 64 194 191 182 218 71 135 99 61 81 183 28 163 173 55 67 187 52 181 195 30 60 174 186 59 76 183 225 75 218 35 150 190 83 62 196 44 177 135 60 187 170 69 65 98 76 172 221 57 74 194 182 73 56 69 246 157 192 87 62 31 73 0 6 51 45 58 53 60 62 60 63 69 80 57 62 64 40 18 23 12 9 89 80 76 78 91 98 86 80 73 65 61 60 75 79 82 73 72
13 219 64 191 186 177 215 76 132 102 55 76 178 22 158 168 49 66 182 55 176 190 33 54 171 181 53 70 178 220 70 213 37 147 185 85 56 191 35 172 140 54 182 173 63 59 100 75 167 216 51 68 189 177 67 51 72 241 152 187 83 56 25 72 6 0 46 35 52 47 54 56 54 57 68 77 56 61 61 34 12 17 6 13 92 83 82 84 90 95 82 75 68 60 56 54 69 73 77 68 67
56 177 17 146 144 136 170 109 87 87 48 34 136 50 116 127 56 23 140 78 133 148 42 37 126 131 45 61 136 179 62 171 69 102 144 88 42 149 11 130 93 32 140 156 55 54 97 30 125 174 48 61 147 136 53 74 68 199 110 145 38 55 20 27 51 46 0 10 31 27 46 51 41 37 26 32 9 17 16 13 35 29 42 56 77 68 51 53 48 50 37 31 24 21 20 26 40 44 41 32 27
45 181 27 155 148 139 179 108 96 96 40 38 139 41 120 130 48 33 144 81 138 152 42 29 134 143 37 53 139 182 54 175 62 111 147 97 34 153 3 134 103 25 144 164 47 46 105 39 129 178 40 53 151 139 45 65 77 203 114 149 45 47 10 36 45 35 10 0 23 18 38 43 33 29 35 41 19 27 25 3 24 18 31 45 86 77 60 62 58 58 44 37 30 22 18 20 34 42 39 30 29
63 175 48 171 142 134 195 125 106 118 22 42 134 47 114 125 35 55 138 101 142 146 63 7 144 146 19 33 134 177 33 169 84 121 142 119 12 147 24 128 121 1 138 174 26 28 127 61 123 172 26 32 145 134 22 56 99 197 109 143 51 30 26 58 58 52 31 23 0 5 18 25 11 6 57 57 40 49 45 23 42 36 49 63 108 99 82 84 75 68 50 43 34 25 18 9 13 20 25 23 29
57 178 43 162 144 136 186 120 103 112 26 39 136 46 117 127 36 50 140 95 140 148 58 12 141 144 22 38 136 179 38 172 78 118 144 113 17 150 19 131 118 6 140 171 32 33 121 56 126 175 28 38 148 136 28 58 93 200 111 146 48 34 21 53 53 47 27 18 5 0 23 29 16 10 52 55 35 44 40 18 36 30 43 57 102 93 76 78 72 65 47 40 32 23 15 9 16 23 27 25 28
65 194 64 185 160 152 209 127 124 133 6 58 152 43 133 143 17 70 157 103 156 164 71 15 162 160 3 15 152 195 16 188 86 139 160 134 7 166 39 147 139 18 157 192 10 10 142 76 142 191 10 15 164 152 14 39 115 216 127 162 69 12 37 73 60 54 46 38 18 23 0 7 10 16 72 75 55 63 61 39 43 38 49 65 123 114 97 99 93 86 68 61 52 43 35 29 28 35 39 39 46
65 199 68 191 166 157 216 126 130 137 5 65 158 42 138 149 11 74 162 106 162 170 74 21 168 167 8 15 158 201 14 193 88 145 166 131 13 171 44 152 145 25 162 198 13 3 146 80 147 196 5 13 169 157 19 33 118 221 132 167 76 7 42 77 62 56 51 43 25 29 7 0 17 22 76 79 60 68 65 43 46 41 51 65 127 118 101 103 99 93 74 67 59 50 42 35 34 42 45 45 53
64 179 59 175 146 138 199 127 114 127 14 48 138 46 118 129 27 66 142 102 146 150 71 6 153 150 11 23 138 181 23 173 85 129 146 128 2 151 34 132 130 11 142 183 16 18 137 72 127 176 18 22 149 138 13 48 109 201 113 147 62 22 35 69 60 54 41 33 11 16 10 17 0 6 68 68 51 60 56 33 43 37 49 64 117 108 92 93 84 77 58 54 45 36 28 21 17 25 29 29 36
67 174 55 170 141 132 194 129 109 124 19 43 133 49 113 124 32 60 137 105 141 145 70 2 148 145 16 25 133 176 29 168 88 124 141 125 8 146 30 127 125 6 137 178 22 25 133 67 122 171 23 28 144 132 16 53 105 196 107 142 56 28 32 64 63 57 37 29 6 10 16 22 6 0 63 64 46 54 51 30 45 42 52 67 114 105 88 90 79 72 53 50 41 32 23 16 12 20 24 23 31
78 182 12 130 149 140 154 114 71 77 74 30 141 76 121 131 82 7 145 76 117 153 37 64 109 115 70 87 141 183 88 176 77 86 148 78 69 154 37 135 72 58 145 139 80 79 87 9 130 179 73 86 152 140 80 100 64 204 115 150 27 80 45 8 69 68 26 35 57 52 72 76 68 63 0 17 18 8 14 38 61 55 66 78 67 58 41 36 28 33 26 24 28 37 43 49 61 65 62 53 42
88 176 16 114 143 135 138 130 56 85 78 24 135 82 115 126 85 22 139 93 101 147 62 64 94 100 75 90 135 178 91 170 93 71 143 86 70 148 43 129 69 59 139 124 84 82 95 10 124 173 76 90 146 135 80 105 73 198 110 144 21 83 51 10 80 77 32 41 57 55 75 79 68 64 17 0 24 20 17 44 66 60 74 88 75 66 50 39 21 18 20 18 26 34 42 48 59 63 60 51 40
66 174 9 137 140 132 161 115 79 89 57 27 132 60 113 123 65 15 136 79 126 144 46 47 117 123 54 73 132 175 71 167 74 94 140 90 52 146 21 127 85 41 136 147 67 63 98 22 122 171 57 70 144 132 63 84 70 196 107 142 30 64 29 19 57 56 9 19 40 35 55 60 51 46 18 24 0 9 7 22 45 39 52 66 79 70 53 51 41 41 29 24 18 20 26 32 45 49 46 37 30
71 177 6 135 144 136 159 110 76 79 65 33 136 67 116 127 73 6 140 73 122 148 42 56 114 120 62 78 136 179 79 171 74 91 144 80 61 149 28 130 78 49 140 144 72 71 89 15 125 174 65 78 147 136 71 91 67 199 111 145 29 72 37 12 62 61 17 27 49 44 63 68 60 54 8 20 9 0 7 30 52 46 59 71 69 60 44 41 34 39 29 26 23 30 35 41 54 58 55 46 39
71 171 3 131 138 130 155 116 72 87 63 25 130 65 110 121 71 13 134 79 118 142 48 52 111 117 59 78 130 173 77 165 80 87 138 88 58 143 26 124 81 46 134 141 72 68 96 18 120 168 62 75 141 130 68 89 68 193 105 139 23 69 35 14 64 61 16 25 45 40 61 65 56 51 14 17 7 7 0 28 50 44 57 71 77 68 51 49 37 35 22 19 17 25 32 38 49 53 50 41 34
44 183 30 158 150 142 182 107 99 98 40 40 142 40 122 133 48 36 146 82 141 154 42 29 137 145 37 53 142 185 55 177 63 114 150 99 34 155 3 136 105 25 146 167 47 46 108 42 131 180 40 53 153 142 45 64 80 205 117 151 48 47 9 39 40 34 13 3 23 18 39 43 33 30 38 44 22 30 28 0 23 17 30 44 88 79 63 64 61 61 46 39 33 24 21 20 34 41 42 33 31
21 205 52 180 171 163 204 83 121 108 44 62 163 21 144 154 41 58 167 61 162 175 34 43 160 166 41 59 163 206 58 198 44 136 171 91 44 177 24 158 134 43 167 180 52 47 106 65 153 202 42 57 175 163 56 49 78 227 138 172 69 47 15 62 18 12 35 24 42 36 43 46 43 45 61 66 45 52 50 23 0 6 6 21 98 89 76 78 84 84 68 61 54 46 42 43 57 65 63 54 53
27 199 46 174 165 157 198 90 115 105 39 56 157 27 138 148 39 52 161 66 156 169 34 39 154 160 36 54 157 200 53 192 49 130 165 91 39 171 18 152 128 37 161 173 46 44 106 59 147 196 36 51 169 157 51 51 78 221 132 166 63 44 9 56 23 17 29 18 36 30 38 41 37 42 55 60 39 46 44 17 6 0 13 27 95 86 69 71 78 78 62 55 48 40 36 37 50 57 57 48 47
15 215 60 187 182 174 211 77 129 107 50 72 174 20 154 165 43 64 178 60 173 186 35 49 167 177 49 64 174 217 64 209 47 144 182 90 51 187 31 168 138 50 178 184 58 53 106 72 163 212 46 62 185 174 62 48 77 237 149 183 79 50 21 69 12 6 42 31 49 43 49 51 49 52 66 74 52 59 57 30 6 13 0 15 97 88 80 82 88 91 78 71 64 56 53 50 64 70 73 65 63
0 229 74 201 196 188 225 63 143 107 64 86 188 25 168 179 57 76 192 60 187 200 39 65 181 191 63 79 188 231 78 223 33 158 196 90 66 201 45 182 142 64 192 178 73 67 106 85 177 226 60 77 199 188 77 53 77 251 163 197 93 64 36 82 9 13 56 45 63 57 65 65 64 67 78 88 66 71 71 44 21 27 15 0 97 88 84 86 100 105 92 85 79 70 67 64 79 84 88 79 77
97 247 76 174 214 206 198 107 86 17 125 96 206 114 186 197 133 68 210 54 161 218 64 113 95 159 121 137 206 249 139 241 80 130 214 31 119 220 87 200 74 109 210 88 131 130 36 66 196 244 124 137 217 206 129 144 28 269 181 215 92 131 93 72 89 92 77 86 108 102 123 127 117 114 67 75 79 69 77 88 98 95 97 97 0 9 28 41 67 77 92 89 92 99 99 105 118 122 120 111 105
88 238 67 165 205 197 189 98 85 20 116 87 197 105 178 188 124 59 201 45 152 209 55 104 97 150 112 129 197 240 130 232 71 121 205 27 110 211 78 191 73 100 201 91 122 121 33 57 187 235 115 128 208 197 120 135 22 260 172 206 83 122 84 63 80 83 68 77 99 93 114 118 108 105 58 66 70 60 68 79 89 86 88 88 9 0 20 32 58 69 83 80 83 90 90 96 109 114 111 102 96
84 222 50 149 188 180 173 99 70 37 99 70 180 96 161 171 107 42 185 46 136 192 46 88 102 134 96 112 180 223 113 216 67 105 188 41 93 194 62 175 58 83 185 104 106 105 50 41 170 219 98 112 192 180 103 119 28 244 155 190 67 106 68 46 76 82 51 60 82 76 97 101 92 88 41 50 53 44 51 63 76 69 80 84 28 20 0 16 42 53 66 64 67 73 74 79 93 97 94 85 79
86 213 46 135 180 171 159 110 67 49 100 61 172 98 152 162 109 40 176 57 122 184 48 89 108 120 97 113 172 215 115 207 78 91 179 53 94 185 63 166 63 85 176 109 107 106 61 32 161 210 100 113 183 171 105 121 39 235 146 181 51 107 69 37 78 84 53 62 84 78 99 103 93 90 36 39 51 41 49 64 78 71 82 86 41 32 16 0 28 39 53 55 63 71 75 81 94 98 95 86 77
100 189 34 108 156 148 132 132 46 76 96 37 148 99 128 139 105 33 152 83 95 160 60 81 87 93 92 100 148 191 102 183 95 64 156 79 87 161 60 142 47 76 152 111 97 103 88 19 137 186 96 103 159 148 92 123 66 211 123 157 24 103 68 24 91 90 48 58 75 72 93 99 84 79 28 21 41 34 37 61 84 78 88 100 67 58 42 28 0 11 26 32 42 51 60 66 72 76 73 64 53
105 182 34 97 149 141 121 144 38 86 89 30 141 99 121 132 99 39 145 94 97 153 72 74 77 83 85 93 141 184 95 176 107 53 149 90 80 154 60 135 55 69 145 107 90 96 98 25 130 179 91 96 152 141 85 121 76 204 116 150 17 97 68 28 98 95 50 58 68 65 86 93 77 72 33 18 41 39 35 61 84 78 91 105 77 69 53 39 11 0 19 25 35 44 53 59 65 69 66 57 46
92 163 22 115 130 122 139 137 56 102 70 11 122 84 102 113 81 30 126 100 102 134 69 55 95 101 67 75 122 165 76 157 101 71 130 103 60 135 46 116 72 51 126 125 71 77 111 26 112 160 72 78 133 122 66 102 89 185 97 131 3 79 53 22 86 82 37 44 50 47 68 74 58 53 26 20 29 29 22 46 68 62 78 92 92 83 66 53 26 19 0 7 15 23 34 41 46 50 47 38 27
85 160 19 122 127 119 146 133 63 99 63 8 119 77 99 110 74 28 123 96 115 131 65 50 101 107 60 76 119 162 76 154 97 78 127 100 55 132 39 113 78 44 123 131 70 70 109 23 108 157 65 75 130 119 65 95 86 182 94 128 8 72 47 19 80 75 31 37 43 40 61 67 54 50 24 18 24 26 19 39 61 55 71 85 89 80 64 55 32 25 7 0 10 19 27 34 43 47 44 35 24
79 156 17 132 123 114 156 131 73 102 55 9 114 70 95 105 66 29 119 94 108 127 63 41 111 113 52 62 114 157 68 150 91 88 122 103 47 128 32 109 88 36 119 141 61 62 112 31 104 153 57 67 126 114 54 87 83 178 89 124 18 63 40 27 73 68 24 30 34 32 52 59 45 41 28 26 18 23 17 33 54 48 64 79 92 83 67 63 42 35 15 10 0 9 19 25 34 38 35 26 15
70 160 25 140 126 118 164 123 82 109 46 19 118 62 99 109 57 36 122 97 117 130 62 32 120 121 43 54 118 161 59 153 83 97 126 110 38 132 24 113 97 24 122 150 52 53 118 40 108 157 48 58 130 118 45 78 90 182 93 127 27 54 32 35 65 60 21 22 25 23 43 50 36 32 37 34 20 30 25 24 46 40 56 70 99 90 73 71 51 44 23 19 9 0 10 16 25 29 26 17 10
67 169 33 149 135 127 173 119 90 109 38 27 127 57 108 118 49 41 132 98 127 139 58 24 129 131 35 50 127 170 50 163 79 105 135 110 29 141 20 122 106 17 132 159 44 45 119 47 117 166 40 49 139 127 39 70 91 191 102 137 36 47 28 44 61 56 20 18 18 15 35 42 28 23 43 42 26 35 32 21 42 36 53 67 99 90 74 75 60 53 34 27 19 10 0 9 22 30 27 18 16
64 177 39 155 144 136 179 127 97 115 30 33 136 53 116 127 43 47 140 100 133 148 60 17 135 138 26 43 136 179 43 171 81 112 144 116 22 149 21 130 112 10 140 165 37 38 124 53 125 174 35 43 147 136 33 65 96 199 111 145 42 38 26 50 60 54 26 20 9 9 29 35 21 16 49 48 32 41 38 20 43 37 50 64 105 96 79 81 66 59 41 34 25 16 9 0 15 22 27 25 22
79 162 49 158 128 120 182 142 102 128 32 36 120 61 101 111 44 60 125 113 128 132 74 14 141 133 28 34 120 163 36 156 94 98 128 129 19 134 35 115 117 13 125 171 31 35 138 64 110 159 35 37 132 120 26 66 110 184 95 130 49 40 40 60 75 69 40 34 13 16 28 34 17 12 61 59 45 54 49 34 57 50 64 79 118 109 93 94 72 65 46 43 34 25 22 15 0 8 12 15 24
84 156 53 152 123 114 176 146 106 132 39 40 115 68 95 106 52 64 119 121 123 127 82 22 144 127 36 38 115 158 40 150 103 92 123 133 27 128 42 109 121 20 119 175 35 43 142 68 104 153 43 41 126 114 30 73 114 178 89 124 53 47 47 64 79 73 44 42 20 23 35 42 25 20 65 63 49 58 53 41 65 57 70 84 122 114 97 98 76 69 50 47 38 29 30 22 8 0 6 14 20
88 150 51 146 117 109 170 140 103 130 43 37 109 72 89 100 55 61 113 118 117 121 79 26 142 121 40 45 109 152 47 144 100 87 117 131 31 122 41 103 119 24 113 172 42 47 139 65 99 147 47 48 120 109 37 77 111 172 84 118 50 51 49 61 82 77 41 39 25 27 39 45 29 24 62 60 46 55 50 42 63 57 73 88 120 111 94 95 73 66 47 44 35 26 27 27 12 6 0 8 14
79 154 42 148 121 113 173 131 94 121 43 28 113 69 93 104 55 52 117 109 119 125 70 25 133 124 39 45 113 156 47 148 91 89 121 122 30 127 32 107 110 22 117 163 42 46 130 56 103 151 46 48 124 113 37 77 102 176 88 122 41 51 40 52 73 68 32 30 23 25 39 45 29 23 53 51 37 46 41 33 54 48 65 79 111 102 85 86 64 57 38 35 26 17 18 25 15 14 8 0 7
77 158 30 143 124 116 167 130 84 115 50 18 116 69 97 107 63 45 120 104 114 128 69 33 122 118 47 53 116 159 54 151 90 99 124 116 38 130 31 111 99 28 120 152 49 54 124 46 106 155 54 56 128 116 44 84 96 180 91 125 31 58 38 42 72 67 27 29 29 28 46 53 36 31 42 40 30 39 34 31 53 47 63 77 105 96 79 77 53 46 27 24 15 10 16 22 24 20 14 7 0