0 89 201 74 226 139 99 219 41 126 179 60 226 86 196 82 202 92 224 197 74 67 81 247 15 211 7 181 85 168 59 79 188 210 58 67 220 46 179 195 69 196 38 196 189 136 228 89 97 90 228 89 107 83 227 218 33 59 193 194 72 64 36 82 9 13 56 45 63 57 65 65 64 67 78 88 66 71 71 44 21 27 15 0 97 88 84 86 100 105 92 85 79 70 67 64 79 84 88 79 77
89 0 131 57 156 172 20 149 48 159 109 41 157 73 126 138 153 69 154 127 34 23 132 201 78 173 94 111 65 98 39 119 118 161 119 36 150 57 109 126 39 126 58 163 125 169 158 132 8 107 158 132 19 119 178 185 65 56 130 124 19 47 54 68 85 79 48 46 28 28 38 41 27 22 69 66 52 62 57 46 67 62 74 89 126 117 101 102 79 72 54 50 41 33 34 27 13 5 10 18 25
201 131 0 143 104 265 130 97 171 252 24 165 104 155 7 233 147 151 102 4 159 147 231 208 190 159 208 22 147 37 162 218 15 147 249 165 98 180 24 10 165 7 182 240 159 262 106 225 122 200 106 225 116 213 164 262 188 157 164 10 141 174 162 150 196 191 149 153 147 150 166 171 151 146 154 148 146 149 143 155 177 171 187 201 219 211 194 185 161 154 135 132 128 132 141 149 134 128 122 126 130
74 57 143 0 168 121 77 161 51 109 121 60 169 17 138 91 130 22 166 139 76 57 82 176 69 140 80 123 12 110 55 69 130 139 117 67 162 67 121 138 71 138 65 125 113 119 170 82 65 57 170 82 60 69 156 147 65 20 118 136 52 72 37 12 64 64 17 27 48 43 64 68 59 55 12 16 9 6 3 30 52 46 60 74 76 67 50 46 34 34 22 19 17 25 33 39 49 53 51 42 30
226 156 104 168 0 290 155 32 196 277 82 190 2 179 99 258 82 176 21 100 184 172 256 143 215 94 233 84 172 71 187 243 90 82 274 190 33 205 82 98 189 99 207 265 94 287 3 250 147 225 3 250 141 238 99 224 213 181 99 96 165 199 187 175 221 216 174 178 172 175 191 196 176 171 179 173 171 174 168 180 202 196 212 226 244 235 219 210 186 179 160 157 153 157 166 174 159 153 147 151 155
139 172 265 121 290 0 191 283 152 18 242 165 290 112 260 89 219 125 288 261 177 161 82 265 147 228 145 244 118 232 159 73 251 228 176 171 283 171 242 259 176 259 164 118 202 15 291 63 180 71 291 63 183 60 244 160 163 119 207 257 166 177 138 117 131 134 122 131 153 147 168 172 163 159 112 120 124 115 122 134 140 140 139 139 46 55 74 86 112 123 137 134 138 144 145 150 164 168 165 156 150
99 20 130 77 155 191 0 148 58 178 107 45 155 92 125 157 157 88 153 126 33 38 151 206 88 177 104 110 84 97 47 139 116 165 123 39 148 62 107 124 39 124 64 170 130 188 156 151 12 126 156 151 17 139 182 192 73 75 134 122 38 48 70 87 95 89 67 65 45 51 40 45 36 41 88 86 72 81 76 65 77 72 84 99 146 137 120 121 99 92 73 70 61 52 54 47 32 24 27 34 41
219 149 97 161 32 283 148 0 189 270 75 183 32 173 92 251 50 169 30 93 177 165 249 111 208 62 226 77 165 64 180 236 84 50 267 183 0 198 75 91 183 92 200 258 62 280 34 243 140 218 34 243 134 231 67 192 206 175 67 90 158 192 180 168 214 209 167 171 165 168 184 189 169 164 172 166 164 167 161 173 195 189 205 219 237 229 212 203 179 172 153 150 146 150 159 167 152 146 140 144 148
41 48 171 51 196 152 58 189 0 140 149 20 196 64 166 100 178 69 194 167 33 26 99 224 30 187 47 151 61 138 16 94 158 187 71 27 190 19 149 165 30 166 15 173 161 149 198 104 56 88 198 104 65 98 204 195 17 38 166 164 31 30 16 60 37 31 33 23 24 24 24 26 23 26 59 64 43 50 48 22 20 15 26 41 107 98 81 83 82 82 65 58 51 43 37 31 38 45 49 46 50
126 159 252 109 277 18 178 270 140 0 230 152 277 99 247 76 207 113 275 248 165 149 69 252 134 216 133 232 106 219 147 61 239 215 164 159 271 158 230 246 163 247 151 129 190 9 279 50 167 59 279 50 170 47 232 171 150 107 194 245 154 164 126 104 119 121 110 119 140 135 156 160 150 147 100 108 112 102 110 121 127 128 126 126 34 42 61 73 100 110 124 122 125 132 132 138 151 155 152 144 138
179 109 24 121 82 242 107 75 149 230 0 142 82 132 18 211 124 128 80 19 136 125 209 185 167 136 185 19 124 18 140 196 12 125 226 142 75 158 0 18 142 18 159 217 137 240 83 202 100 178 83 202 94 190 142 239 166 134 142 16 118 152 140 127 173 168 127 130 125 127 143 149 129 124 131 126 123 127 121 133 154 148 165 179 197 188 171 162 139 132 113 110 105 109 118 127 111 106 100 104 107
60 41 165 60 190 165 45 183 20 152 142 0 190 74 160 119 189 74 188 161 16 19 119 228 47 191 59 145 70 132 6 113 151 197 82 7 183 17 142 159 11 159 19 177 161 162 191 125 49 100 191 125 58 112 214 199 28 49 166 157 25 12 34 69 57 51 43 35 22 23 6 8 14 19 68 71 52 60 57 35 40 34 46 60 119 110 94 95 91 86 67 60 52 43 35 30 31 39 43 42 49
226 157 104 169 2 290 155 32 196 277 82 190 0 180 99 258 82 176 20 100 184 172 256 143 215 94 233 84 172 71 188 243 91 83 274 190 33 205 82 99 190 99 207 265 94 287 1 250 148 225 1 250 142 238 99 224 214 182 99 97 166 200 188 175 221 216 174 178 172 175 191 196 176 171 179 173 171 174 168 180 202 196 212 226 245 236 219 210 186 179 160 157 153 157 166 174 159 153 147 152 155
86 73 155 17 179 112 92 173 64 99 132 74 180 0 149 83 125 18 178 150 87 70 78 171 82 134 92 134 8 122 69 65 141 133 131 80 173 80 132 149 85 149 78 119 108 109 181 72 81 47 181 72 71 60 150 141 78 32 113 147 68 86 50 7 77 75 31 41 62 57 77 81 73 68 7 13 23 16 20 44 66 60 73 86 66 57 41 33 23 28 27 24 33 41 48 55 65 69 66 57 47
196 126 7 138 99 260 125 92 166 247 18 160 99 149 0 228 142 145 97 3 154 142 226 203 185 154 202 17 141 31 157 213 10 142 243 160 92 175 18 10 159 0 177 235 154 257 100 220 117 195 100 220 111 207 159 256 183 151 159 6 135 169 157 145 191 186 144 148 142 145 161 166 146 141 149 143 141 144 138 150 171 166 182 196 214 205 189 180 156 149 130 127 123 126 136 144 129 123 117 121 124
82 138 233 91 258 89 157 251 100 76 211 119 258 83 228 0 192 97 256 229 132 124 7 238 90 201 86 213 90 200 117 21 220 201 105 126 252 116 211 227 129 228 110 158 175 86 260 29 146 54 260 29 148 34 217 200 102 86 180 225 127 130 92 89 74 76 90 93 115 109 123 126 123 121 84 92 91 85 91 94 83 86 82 82 48 43 48 59 86 96 109 106 107 109 110 112 126 133 130 122 116
202 153 147 130 82 219 157 50 178 207 124 189 82 125 142 192 0 113 80 143 186 171 187 66 197 37 208 126 120 114 177 174 133 26 245 186 50 204 124 141 192 141 191 173 30 216 83 181 146 152 83 181 144 168 43 193 192 149 35 139 164 202 165 124 194 191 146 155 171 162 185 192 175 170 130 115 138 135 131 158 180 174 187 202 174 165 149 135 108 97 115 122 132 140 149 155 158 152 146 149 143
92 69 151 22 176 125 88 169 69 113 128 74 176 18 145 97 113 0 174 146 87 68 92 159 87 122 99 130 12 118 69 79 137 122 136 79 169 85 128 145 86 145 81 108 96 122 177 85 77 61 177 85 67 73 138 130 83 41 101 143 64 86 56 17 86 82 37 46 59 56 77 83 70 66 23 6 28 27 22 49 71 65 78 92 80 71 54 44 20 17 23 20 28 36 44 50 61 65 62 53 43
224 154 102 166 21 288 153 30 194 275 80 188 20 178 97 256 80 174 0 98 182 170 254 141 213 92 231 82 170 69 185 241 89 80 272 188 31 203 80 96 187 97 205 263 92 285 22 248 145 223 22 248 139 236 97 222 211 179 97 94 163 197 185 173 219 214 172 176 170 173 189 194 174 169 177 171 169 172 166 178 200 194 210 224 242 233 217 208 184 177 158 155 151 155 164 172 157 151 145 149 153
197 127 4 139 100 261 126 93 167 248 19 161 100 150 3 229 143 146 98 0 155 143 227 204 186 155 203 18 142 32 158 214 11 143 244 161 93 176 19 9 160 3 178 235 155 258 101 221 118 196 101 221 112 208 160 257 184 152 160 7 136 170 158 145 192 187 145 149 143 146 162 167 147 142 150 144 142 145 139 151 172 166 183 197 215 206 190 181 157 150 131 128 124 127 137 145 130 124 118 122 125
74 34 159 76 184 177 33 177 33 165 136 16 184 87 154 132 186 87 182 155 0 19 132 235 62 206 75 139 83 126 19 126 145 194 91 10 177 33 136 153 9 153 34 180 159 175 185 138 40 113 185 138 46 125 211 202 43 62 163 151 23 17 47 82 70 64 56 48 27 33 11 15 17 23 81 85 68 73 73 48 52 47 59 74 132 123 106 108 96 89 70 70 62 53 44 38 30 34 41 41 48
67 23 147 57 172 161 38 165 26 149 125 19 172 70 142 124 171 68 170 143 19 0 123 215 56 191 73 127 65 114 17 109 133 179 97 17 165 35 125 141 22 142 37 164 144 159 173 122 32 97 173 122 41 109 196 186 43 46 148 139 7 28 35 66 63 57 40 32 8 13 16 22 6 2 65 66 48 56 53 32 46 41 52 67 116 107 90 92 80 73 54 51 42 33 25 18 13 21 25 24 32
81 132 231 82 256 82 151 249 99 69 209 119 256 78 226 7 187 92 254 227 132 123 0 233 89 196 85 211 85 198 116 14 218 196 105 125 250 115 209 225 129 226 109 150 170 79 258 21 140 49 258 21 143 26 212 192 101 80 175 224 126 129 91 83 73 76 83 93 115 109 122 125 122 121 79 87 85 81 83 93 82 85 81 81 40 36 43 54 80 91 104 101 98 105 105 111 124 128 125 117 111
247 201 208 176 143 265 206 111 224 252 185 228 143 171 203 238 66 159 141 204 235 215 233 0 242 35 254 188 166 175 223 220 194 41 291 231 111 240 185 202 240 202 236 189 79 262 144 227 195 198 144 227 193 214 36 128 238 195 83 200 209 239 210 170 240 237 192 201 210 207 228 235 219 214 176 160 183 181 177 204 226 220 233 247 220 211 195 181 153 143 161 168 178 186 195 201 206 201 195 197 188
15 78 190 69 215 147 88 208 30 134 167 47 215 82 185 90 197 87 213 186 62 56 89 242 0 206 15 170 80 157 48 87 176 205 56 53 208 36 167 184 56 184 29 191 177 144 216 97 86 95 216 97 96 91 222 213 24 54 182 182 62 50 28 78 17 12 51 38 55 50 52 52 53 56 75 83 61 68 66 37 14 20 10 15 105 96 89 91 97 100 81 74 67 59 55 58 68 76 80 68 66
211 173 159 140 94 228 177 62 187 216 136 191 94 134 154 201 37 122 92 155 206 191 196 35 206 0 217 139 129 126 186 183 145 13 254 206 62 203 136 153 212 153 200 182 50 226 95 190 166 161 95 190 164 178 30 162 201 159 55 151 184 221 174 133 203 200 155 164 174 171 205 212 195 190 139 124 147 144 140 167 189 183 196 211 183 174 158 144 117 106 124 131 141 150 158 165 178 172 166 169 163
7 94 208 80 233 145 104 226 47 133 185 59 233 92 202 86 208 99 231 203 75 73 85 254 15 217 0 187 91 175 63 85 194 216 55 66 226 47 185 202 68 202 41 203 195 143 234 96 102 97 234 96 112 89 233 224 34 65 200 200 78 60 42 88 15 20 63 52 69 63 65 64 69 72 84 94 72 77 78 51 27 34 21 7 104 95 90 93 106 112 99 92 85 77 73 71 84 92 94 85 84
181 111 22 123 84 244 110 77 151 232 19 145 84 134 17 213 126 130 82 18 139 127 211 188 170 139 187 0 126 16 142 198 7 127 228 145 77 160 19 16 144 17 162 219 139 242 85 205 102 180 85 205 96 192 144 241 168 136 144 15 120 154 142 129 176 171 129 133 127 129 146 151 131 126 134 128 125 129 123 135 156 150 167 181 199 190 174 165 141 134 115 112 108 111 121 129 114 108 102 106 109
85 65 147 12 172 118 84 165 61 106 124 70 172 8 141 90 120 12 170 142 83 65 85 166 80 129 91 126 0 114 64 72 133 128 128 76 165 78 124 141 83 141 76 115 103 115 173 78 73 54 173 78 63 66 145 137 75 30 108 139 60 82 48 5 75 74 28 38 56 53 74 77 67 63 12 6 20 16 15 41 63 57 71 85 73 64 47 38 26 24 19 16 25 33 40 47 57 61 58 49 39
168 98 37 110 71 232 97 64 138 219 18 132 71 122 31 200 114 118 69 32 126 114 198 175 157 126 175 16 114 0 129 185 23 114 216 132 65 147 18 31 132 31 149 207 126 229 73 192 89 167 73 192 83 180 131 229 155 124 131 29 107 141 129 117 163 158 116 120 114 117 133 138 118 113 121 115 113 116 110 122 144 138 154 168 186 178 161 152 128 121 102 99 95 99 108 116 101 95 89 93 97
59 39 162 55 187 159 47 180 16 147 140 6 188 69 157 117 177 69 185 158 19 17 116 223 48 186 63 142 64 129 0 107 149 185 85 13 181 21 140 157 18 157 23 172 159 157 189 120 47 95 189 120 57 107 202 194 32 44 164 155 22 18 29 64 54 48 38 30 18 18 10 14 12 17 63 66 47 55 52 30 37 32 43 59 114 105 88 90 86 81 62 55 47 38 30 25 29 36 40 40 44
79 119 218 69 243 73 139 236 94 61 196 113 243 65 213 21 174 79 241 214 126 109 14 220 87 183 85 198 72 185 107 0 205 183 111 120 237 110 196 212 123 213 104 140 157 70 245 16 127 36 245 16 130 14 199 181 98 67 162 211 114 123 86 70 71 73 70 79 101 95 117 120 110 107 66 74 72 68 70 81 79 79 79 79 30 23 30 41 67 78 91 88 85 92 92 98 111 115 112 104 98
188 118 15 130 90 251 116 84 158 239 12 151 91 141 10 220 133 137 89 11 145 133 218 194 176 145 194 7 133 23 149 205 0 134 235 151 84 167 12 10 151 10 168 226 146 248 92 211 109 187 92 211 103 199 151 248 175 143 150 8 127 161 149 136 182 177 135 139 134 136 152 157 138 132 140 135 132 135 130 142 163 157 173 188 206 197 180 171 148 141 122 119 114 118 127 136 120 114 109 113 116
210 161 147 139 82 228 165 50 187 215 125 197 83 133 142 201 26 122 80 143 194 179 196 41 205 13 216 127 128 114 185 183 134 0 253 195 51 212 125 141 200 142 199 181 38 225 84 189 154 160 84 189 153 177 18 168 201 158 43 140 173 210 173 132 202 200 154 163 180 170 194 200 183 178 138 123 146 143 140 166 188 183 196 210 182 173 157 143 116 106 124 130 140 149 158 164 166 160 155 157 151
58 119 249 117 274 176 123 267 71 164 226 82 274 131 243 105 245 136 272 244 91 97 105 291 56 254 55 228 128 216 85 111 235 253 0 86 267 68 226 243 85 243 64 240 230 173 275 127 127 128 275 127 136 120 270 261 58 104 235 241 102 75 80 126 64 64 100 90 95 95 87 81 94 97 125 131 110 117 115 89 67 73 65 58 134 125 121 132 148 149 134 127 120 112 107 102 109 116 120 117 119
67 36 165 67 190 171 39 183 27 159 142 7 190 80 160 126 186 79 188 161 10 17 125 231 53 206 66 145 76 132 13 120 151 195 86 0 183 23 142 159 6 159 25 180 159 169 191 131 46 107 191 131 52 119 211 202 34 56 164 157 22 11 40 76 63 57 50 42 21 26 3 6 11 18 75 78 58 67 64 42 46 41 52 67 126 117 100 102 96 89 70 63 55 46 38 31 29 36 40 40 47
220 150 98 162 33 283 148 0 190 271 75 183 33 173 92 252 50 169 31 93 177 165 250 111 208 62 226 77 165 65 181 237 84 51 267 183 0 199 75 92 183 92 200 258 63 280 34 243 141 219 34 243 135 231 68 192 207 175 67 90 159 193 181 168 214 209 168 171 166 168 184 189 170 164 172 167 164 168 162 174 195 189 206 220 238 229 212 203 180 173 154 151 146 150 159 168 152 146 141 145 148
46 57 180 67 205 171 62 198 19 158 158 17 205 80 175 116 204 85 203 176 33 35 115 240 36 203 47 160 78 147 21 110 167 212 68 23 199 0 158 174 22 175 9 189 177 168 207 120 65 106 207 120 75 114 229 211 18 56 182 172 40 16 33 76 48 42 49 39 37 37 23 16 29 34 75 80 59 66 64 38 30 30 36 46 125 116 100 101 98 98 82 75 67 58 50 44 46 54 58 58 63
179 109 24 121 82 242 107 75 149 230 0 142 82 132 18 211 124 128 80 19 136 125 209 185 167 136 185 19 124 18 140 196 12 125 226 142 75 158 0 18 142 18 159 217 137 240 83 202 100 178 83 202 94 190 142 239 166 134 142 16 118 152 140 127 173 168 127 130 125 127 143 149 129 124 131 126 123 127 121 133 154 148 165 179 197 188 171 162 139 132 113 110 105 109 118 127 111 106 100 104 107
195 126 10 138 98 259 124 91 165 246 18 159 99 149 10 227 141 145 96 9 153 141 225 202 184 153 202 16 141 31 157 212 10 141 243 159 92 174 18 0 159 9 176 234 153 256 100 219 117 194 100 219 111 207 158 256 183 151 158 4 135 169 157 144 190 185 143 147 141 144 160 165 145 140 148 142 140 143 138 149 171 165 181 195 214 205 188 179 155 148 129 126 122 126 135 143 128 122 116 121 124
69 39 165 71 189 176 39 183 30 163 142 11 190 85 159 129 192 86 187 160 9 22 129 240 56 212 68 144 83 132 18 123 151 200 85 6 183 22 142 159 0 159 28 184 164 173 191 136 45 111 191 136 52 124 217 206 37 60 169 157 28 11 45 81 66 61 54 46 27 32 9 7 17 22 80 84 63 71 68 46 49 44 55 69 130 122 105 106 101 93 75 70 61 52 44 37 34 40 46 45 53
196 126 7 138 99 259 124 92 166 247 18 159 99 149 0 228 141 145 97 3 153 142 226 202 184 153 202 17 141 31 157 213 10 142 243 159 92 175 18 9 159 0 176 234 154 256 100 219 117 195 100 219 111 207 159 256 183 151 159 6 135 169 157 144 190 185 144 147 142 144 160 166 146 141 148 143 140 144 138 150 171 165 182 196 214 205 188 179 156 149 130 127 122 126 135 144 128 123 117 121 124
38 58 182 65 207 164 64 200 15 151 159 19 207 78 177 110 191 81 205 178 34 37 109 236 29 200 41 162 76 149 23 104 168 199 64 25 200 9 159 176 28 176 0 185 172 161 208 115 66 99 208 115 77 108 216 207 10 52 177 174 42 23 27 74 41 35 48 36 36 36 24 24 31 36 73 79 57 65 63 35 26 24 29 38 118 109 93 95 96 94 76 69 62 54 49 43 48 56 60 59 61
196 163 240 125 265 118 170 258 173 129 217 177 265 119 235 158 173 108 263 235 180 164 150 189 191 182 203 219 115 207 172 140 226 181 240 180 258 189 217 234 184 234 185 0 156 132 266 131 171 121 266 131 157 126 198 72 187 144 161 232 158 188 159 119 189 186 141 149 159 156 177 184 168 163 124 109 132 130 126 152 175 169 182 196 115 117 122 123 102 92 110 116 126 135 144 150 156 160 157 148 137
189 125 159 113 94 202 130 62 161 190 137 161 94 108 154 175 30 96 92 155 159 144 170 79 177 50 195 139 103 126 159 157 146 38 230 159 63 177 137 153 164 154 172 156 0 199 96 164 119 135 96 164 117 151 55 178 177 132 5 152 137 174 150 107 183 178 129 140 144 142 158 164 148 143 113 98 121 118 114 143 164 158 175 189 157 148 132 118 91 80 98 105 110 119 129 135 130 125 119 121 116
136 169 262 119 287 15 188 280 149 9 240 162 287 109 257 86 216 122 285 258 175 159 79 262 144 226 143 242 115 229 157 70 248 225 173 169 280 168 240 256 173 256 161 132 199 0 288 60 177 68 288 60 180 57 242 174 160 117 204 254 163 174 136 114 128 131 120 128 150 145 165 170 160 156 110 118 121 112 120 131 137 137 136 136 44 52 71 83 110 120 134 132 135 142 142 148 161 165 162 153 148
228 158 106 170 3 291 156 34 198 279 83 191 1 181 100 260 83 177 22 101 185 173 258 144 216 95 234 85 173 73 189 245 92 84 275 191 34 207 83 100 191 100 208 266 96 288 0 251 149 227 0 251 143 239 101 225 215 183 100 98 167 201 189 176 222 217 175 179 174 176 192 197 177 172 180 175 172 175 170 182 203 197 213 228 246 237 220 211 188 180 162 159 154 158 167 176 160 154 149 153 156
89 132 225 82 250 63 151 243 104 50 202 125 250 72 220 29 181 85 248 221 138 122 21 227 97 190 96 205 78 192 120 16 211 189 127 131 243 120 202 219 136 219 115 131 164 60 251 0 140 35 251 0 143 11 206 173 109 80 169 217 126 137 99 77 82 84 83 91 113 107 128 133 123 119 73 81 84 75 82 94 90 90 89 89 21 18 36 47 74 84 97 95 98 105 105 110 124 128 125 116 111
97 8 122 65 147 180 12 140 56 167 100 49 148 81 117 146 146 77 145 118 40 32 140 195 86 166 102 102 73 89 47 127 109 154 127 46 141 65 100 117 45 117 66 171 119 177 149 140 0 115 149 140 10 127 171 193 73 64 123 115 28 55 63 76 93 87 56 54 36 36 47 52 36 31 77 75 61 70 65 54 76 71 82 97 134 125 109 110 87 80 62 58 49 41 42 36 21 13 15 23 30
90 107 200 57 225 71 126 218 88 59 178 100 225 47 195 54 152 61 223 196 113 97 49 198 95 161 97 180 54 167 95 36 187 160 128 107 219 106 178 194 111 195 99 121 135 68 227 35 115 0 227 35 118 28 177 162 98 55 140 193 102 112 74 52 83 88 58 67 89 83 104 108 98 95 48 56 60 50 58 69 82 76 86 90 26 20 7 19 45 55 73 70 73 80 80 86 99 103 100 92 86
228 158 106 170 3 291 156 34 198 279 83 191 1 181 100 260 83 177 22 101 185 173 258 144 216 95 234 85 173 73 189 245 92 84 275 191 34 207 83 100 191 100 208 266 96 288 0 251 149 227 0 251 143 239 101 225 215 183 100 98 167 201 189 176 222 217 175 179 174 176 192 197 177 172 180 175 172 175 170 182 203 197 213 228 246 237 220 211 188 180 162 159 154 158 167 176 160 154 149 153 156
89 132 225 82 250 63 151 243 104 50 202 125 250 72 220 29 181 85 248 221 138 122 21 227 97 190 96 205 78 192 120 16 211 189 127 131 243 120 202 219 136 219 115 131 164 60 251 0 140 35 251 0 143 11 206 173 109 80 169 217 126 137 99 77 82 84 83 91 113 107 128 133 123 119 73 81 84 75 82 94 90 90 89 89 21 18 36 47 74 84 97 95 98 105 105 110 124 128 125 116 111
107 19 116 60 141 183 17 134 65 170 94 58 142 71 111 148 144 67 139 112 46 41 143 193 96 164 112 96 63 83 57 130 103 153 136 52 135 75 94 111 52 111 77 157 117 180 143 143 10 118 143 143 0 131 169 179 83 67 122 109 37 62 72 66 102 96 58 56 45 50 53 58 45 40 71 65 62 72 60 58 85 80 92 107 138 129 112 102 78 71 52 49 45 43 44 46 31 23 26 29 33
83 119 213 69 238 60 139 231 98 47 190 112 238 60 207 34 168 73 236 208 125 109 26 214 91 178 89 192 66 180 107 14 199 177 120 119 231 114 190 207 124 207 108 126 151 57 239 11 127 28 239 11 131 0 194 168 102 67 156 205 114 124 86 65 75 78 70 79 101 95 116 120 110 107 60 68 72 62 70 81 84 84 83 83 16 10 23 35 62 72 85 82 85 92 93 98 111 116 113 104 98
227 178 164 156 99 244 182 67 204 232 142 214 99 150 159 217 43 138 97 160 211 196 212 36 222 30 233 144 145 131 202 199 151 18 270 211 68 229 142 158 217 159 216 198 55 242 101 206 171 177 101 206 169 194 0 163 218 175 60 156 190 227 190 149 219 216 171 180 196 187 210 217 200 195 155 140 163 160 156 183 205 199 213 227 199 190 174 160 133 122 140 147 157 166 174 181 183 177 171 174 168
218 185 262 147 224 160 192 192 195 171 239 199 224 141 256 200 193 130 222 257 202 186 192 128 213 162 224 241 137 229 194 181 248 168 261 202 192 211 239 256 206 256 207 72 178 174 225 173 193 162 225 173 179 168 163 0 209 166 183 254 180 210 181 140 210 208 162 171 181 178 199 205 190 185 146 131 154 151 148 174 197 191 204 218 157 159 164 151 124 114 132 138 148 157 166 172 177 181 179 170 159
33 65 188 65 213 163 73 206 17 150 166 28 214 78 183 102 192 83 211 184 43 43 101 238 24 201 34 168 75 155 32 98 175 201 58 34 207 18 166 183 37 183 10 187 177 160 215 109 73 98 215 109 83 102 218 209 0 52 182 181 48 33 27 74 35 29 47 38 41 41 34 33 40 43 73 78 57 64 62 37 21 22 23 33 117 108 92 94 96 96 81 74 67 59 53 48 55 62 66 63 66
59 56 157 20 181 119 75 175 38 107 134 49 182 32 151 86 149 41 179 152 62 46 80 195 54 159 65 136 30 124 44 67 143 158 104 56 175 56 134 151 60 151 52 144 132 117 183 80 64 55 183 80 67 67 175 166 52 0 137 149 49 61 24 28 50 49 9 15 37 32 52 57 47 43 28 35 12 20 19 18 41 35 45 59 74 65 48 50 50 53 42 36 30 28 27 34 48 52 49 41 35
193 130 164 118 99 207 134 67 166 194 142 166 99 113 159 180 35 101 97 160 163 148 175 83 182 55 200 144 108 131 164 162 150 43 235 164 67 182 142 158 169 159 177 161 5 204 100 169 123 140 100 169 122 156 60 183 182 137 0 156 142 179 155 112 188 183 134 145 149 146 163 169 153 147 118 102 125 123 119 147 169 163 179 193 162 153 137 123 95 85 103 110 115 124 134 140 135 129 124 126 121
194 124 10 136 96 257 122 90 164 245 16 157 97 147 6 225 139 143 94 7 151 139 224 200 182 151 200 15 139 29 155 211 8 140 241 157 90 172 16 4 157 6 174 232 152 254 98 217 115 193 98 217 109 205 156 254 181 149 156 0 133 167 155 142 188 183 141 145 140 142 158 163 143 138 146 141 138 141 136 148 169 163 179 194 212 203 186 177 153 146 128 125 120 124 133 142 126 120 115 119 122
72 19 141 52 165 166 38 158 31 154 118 25 166 68 135 127 164 64 163 136 23 7 126 209 62 184 78 120 60 107 22 114 127 173 102 22 159 40 118 135 28 135 42 158 137 163 167 126 28 102 167 126 37 114 190 180 48 49 142 133 0 33 38 63 68 62 42 35 11 16 21 27 11 6 64 61 47 56 52 35 51 46 57 72 121 112 95 96 74 67 48 45 36 28 24 17 7 14 18 17 26
64 47 174 72 199 177 48 192 30 164 152 12 200 86 169 130 202 86 197 170 17 28 129 239 50 221 60 154 82 141 18 123 161 210 75 11 193 16 152 169 11 169 23 188 174 174 201 137 55 112 201 137 62 124 227 210 33 61 179 167 33 0 45 81 62 56 55 47 30 34 12 7 22 28 80 83 64 72 69 47 47 44 50 64 131 122 106 107 103 97 79 72 63 54 47 38 40 47 51 51 58
36 54 162 37 187 138 70 180 16 126 140 34 188 50 157 92 165 56 185 158 47 35 91 210 28 174 42 142 48 129 29 86 149 173 80 40 181 33 140 157 45 157 27 159 150 136 189 99 63 74 189 99 72 86 190 181 27 24 155 155 38 45 0 46 31 25 20 10 26 21 37 42 35 32 45 51 29 37 35 9 15 9 21 36 93 84 68 69 68 68 53 47 40 32 28 26 40 47 49 40 38
82 68 150 12 175 117 87 168 60 104 127 69 175 7 145 89 124 17 173 145 82 66 83 170 78 133 88 129 5 117 64 70 136 132 126 76 168 76 127 144 81 144 74 119 107 114 176 77 76 52 176 77 66 65 149 140 74 28 112 142 63 81 46 0 73 72 27 36 58 53 73 77 69 64 8 10 19 12 14 39 62 56 69 82 72 63 46 37 24 28 22 19 27 35 44 50 60 64 61 52 42
9 85 196 64 221 131 95 214 37 119 173 57 221 77 191 74 194 86 219 192 70 63 73 240 17 203 15 176 75 163 54 71 182 202 64 63 214 48 173 190 66 190 41 189 183 128 222 82 93 83 222 82 102 75 219 210 35 50 188 188 68 62 31 73 0 6 51 45 58 53 60 62 60 63 69 80 57 62 64 40 18 23 12 9 89 80 76 78 91 98 86 80 73 65 61 60 75 79 82 73 72
13 79 191 64 216 134 89 209 31 121 168 51 216 75 186 76 191 82 214 187 64 57 76 237 12 200 20 171 74 158 48 73 177 200 64 57 209 42 168 185 61 185 35 186 178 131 217 84 87 88 217 84 96 78 216 208 29 49 183 183 62 56 25 72 6 0 46 35 52 47 54 56 54 57 68 77 56 61 61 34 12 17 6 13 92 83 82 84 90 95 82 75 68 60 56 54 69 73 77 68 67
56 48 149 17 174 122 67 167 33 110 127 43 174 31 144 90 146 37 172 145 56 40 83 192 51 155 63 129 28 116 38 70 135 154 100 50 168 49 127 143 54 144 48 141 129 120 175 83 56 58 175 83 58 70 171 162 47 9 134 141 42 55 20 27 51 46 0 10 31 27 46 51 41 37 26 32 9 17 16 13 35 29 42 56 77 68 51 53 48 50 37 31 24 21 20 26 40 44 41 32 27
45 46 153 27 178 131 65 171 23 119 130 35 178 41 148 93 155 46 176 149 48 32 93 201 38 164 52 133 38 120 30 79 139 163 90 42 171 39 130 147 46 147 36 149 140 128 179 91 54 67 179 91 56 79 180 171 38 15 145 145 35 47 10 36 45 35 10 0 23 18 38 43 33 29 35 41 19 27 25 3 24 18 31 45 86 77 60 62 58 58 44 37 30 22 18 20 34 42 39 30 29
63 28 147 48 172 153 45 165 24 140 125 22 172 62 142 115 171 59 170 143 27 8 115 210 55 174 69 127 56 114 18 101 134 180 95 21 166 37 125 141 27 142 36 159 144 150 174 113 36 89 174 113 45 101 196 181 41 37 149 140 11 30 26 58 58 52 31 23 0 5 18 25 11 6 57 57 40 49 45 23 42 36 49 63 108 99 82 84 75 68 50 43 34 25 18 9 13 20 25 23 29
57 28 150 43 175 147 51 168 24 135 127 23 175 57 145 109 162 56 173 146 33 13 109 207 50 171 63 129 53 117 18 95 136 170 95 26 168 37 127 144 32 144 36 156 142 145 176 107 36 83 176 107 50 95 187 178 41 32 146 142 16 34 21 53 53 47 27 18 5 0 23 29 16 10 52 55 35 44 40 18 36 30 43 57 102 93 76 78 72 65 47 40 32 23 15 9 16 23 27 25 28
65 38 166 64 191 168 40 184 24 156 143 6 191 77 161 123 185 77 189 162 11 16 122 228 52 205 65 146 74 133 10 117 152 194 87 3 184 23 143 160 9 160 24 177 158 165 192 128 47 104 192 128 53 116 210 199 34 52 163 158 21 12 37 73 60 54 46 38 18 23 0 7 10 16 72 75 55 63 61 39 43 38 49 65 123 114 97 99 93 86 68 61 52 43 35 29 28 35 39 39 46
65 41 171 68 196 172 45 189 26 160 149 8 196 81 166 126 192 83 194 167 15 22 125 235 52 212 64 151 77 138 14 120 157 200 81 6 189 16 149 165 7 166 24 184 164 170 197 133 52 108 197 133 58 120 217 205 33 57 169 163 27 7 42 77 62 56 51 43 25 29 7 0 17 22 76 79 60 68 65 43 46 41 51 65 127 118 101 103 99 93 74 67 59 50 42 35 34 42 45 45 53
64 27 151 59 176 163 36 169 23 150 129 14 176 73 146 123 175 70 174 147 17 6 122 219 53 195 69 131 67 118 12 110 138 183 94 11 170 29 129 145 17 146 31 168 148 160 177 123 36 98 177 123 45 110 200 190 40 47 153 143 11 22 35 69 60 54 41 33 11 16 10 17 0 6 68 68 51 60 56 33 43 37 49 64 117 108 92 93 84 77 58 54 45 36 28 21 17 25 29 29 36
67 22 146 55 171 159 41 164 26 147 124 19 171 68 141 121 170 66 169 142 23 2 121 214 56 190 72 126 63 113 17 107 132 178 97 18 164 34 124 140 22 141 36 163 143 156 172 119 31 95 172 119 40 107 195 185 43 43 147 138 6 28 32 64 63 57 37 29 6 10 16 22 6 0 63 64 46 54 51 30 45 42 52 67 114 105 88 90 79 72 53 50 41 32 23 16 12 20 24 23 31
78 69 154 12 179 112 88 172 59 100 131 68 179 7 149 84 130 23 177 150 81 65 79 176 75 139 84 134 12 121 63 66 140 138 125 75 172 75 131 148 80 148 73 124 113 110 180 73 77 48 180 73 71 60 155 146 73 28 118 146 64 80 45 8 69 68 26 35 57 52 72 76 68 63 0 17 18 8 14 38 61 55 66 78 67 58 41 36 28 33 26 24 28 37 43 49 61 65 62 53 42
88 66 148 16 173 120 86 166 64 108 126 71 173 13 143 92 115 6 171 144 85 66 87 160 83 124 94 128 6 115 66 74 135 123 131 78 167 80 126 142 84 143 79 109 98 118 175 81 75 56 175 81 65 68 140 131 78 35 102 141 61 83 51 10 80 77 32 41 57 55 75 79 68 64 17 0 24 20 17 44 66 60 74 88 75 66 50 39 21 18 20 18 26 34 42 48 59 63 60 51 40
66 52 146 9 171 124 72 164 43 112 123 52 171 23 141 91 138 28 169 142 68 48 85 183 61 147 72 125 20 113 47 72 132 146 110 58 164 59 123 140 63 140 57 132 121 121 172 84 61 60 172 84 62 72 163 154 57 12 125 138 47 64 29 19 57 56 9 19 40 35 55 60 51 46 18 24 0 9 7 22 45 39 52 66 79 70 53 51 41 41 29 24 18 20 26 32 45 49 46 37 30
71 62 149 6 174 115 81 167 50 102 127 60 174 16 144 85 135 27 172 145 73 56 81 181 68 144 77 129 16 116 55 68 135 143 117 67 168 66 127 143 71 144 65 130 118 112 175 75 70 50 175 75 72 62 160 151 64 20 123 141 56 72 37 12 62 61 17 27 49 44 63 68 60 54 8 20 9 0 7 30 52 46 59 71 69 60 44 41 34 39 29 26 23 30 35 41 54 58 55 46 39
71 57 143 3 168 122 76 161 48 110 121 57 168 20 138 91 131 22 166 139 73 53 83 177 66 140 78 123 15 110 52 70 130 140 115 64 162 64 121 138 68 138 63 126 114 120 170 82 65 58 170 82 60 70 156 148 62 19 119 136 52 69 35 14 64 61 16 25 45 40 61 65 56 51 14 17 7 7 0 28 50 44 57 71 77 68 51 49 37 35 22 19 17 25 32 38 49 53 50 41 34
44 46 155 30 180 134 65 173 22 121 133 35 180 44 150 94 158 49 178 151 48 32 93 204 37 167 51 135 41 122 30 81 142 166 89 42 174 38 133 149 46 150 35 152 143 131 182 94 54 69 182 94 58 81 183 174 37 18 147 148 35 47 9 39 40 34 13 3 23 18 39 43 33 30 38 44 22 30 28 0 23 17 30 44 88 79 63 64 61 61 46 39 33 24 21 20 34 41 42 33 31
21 67 177 52 202 140 77 195 20 127 154 40 202 66 171 83 180 71 200 172 52 46 82 226 14 189 27 156 63 144 37 79 163 188 67 46 195 30 154 171 49 171 26 175 164 137 203 90 76 82 203 90 85 84 205 197 21 41 169 169 51 47 15 62 18 12 35 24 42 36 43 46 43 45 61 66 45 52 50 23 0 6 6 21 98 89 76 78 84 84 68 61 54 46 42 43 57 65 63 54 53
27 62 171 46 196 140 72 189 15 128 148 34 196 60 166 86 174 65 194 166 47 41 85 220 20 183 34 150 57 138 32 79 157 183 73 41 189 30 148 165 44 165 24 169 158 137 197 90 71 76 197 90 80 84 199 191 22 35 163 163 46 44 9 56 23 17 29 18 36 30 38 41 37 42 55 60 39 46 44 17 6 0 13 27 95 86 69 71 78 78 62 55 48 40 36 37 50 57 57 48 47
15 74 187 60 212 139 84 205 26 126 165 46 212 73 182 82 187 78 210 183 59 52 81 233 10 196 21 167 71 154 43 79 173 196 65 52 206 36 165 181 55 182 29 182 175 136 213 89 82 86 213 89 92 83 213 204 23 45 179 179 57 50 21 69 12 6 42 31 49 43 49 51 49 52 66 74 52 59 57 30 6 13 0 15 97 88 80 82 88 91 78 71 64 56 53 50 64 70 73 65 63
0 89 201 74 226 139 99 219 41 126 179 60 226 86 196 82 202 92 224 197 74 67 81 247 15 211 7 181 85 168 59 79 188 210 58 67 220 46 179 195 69 196 38 196 189 136 228 89 97 90 228 89 107 83 227 218 33 59 193 194 72 64 36 82 9 13 56 45 63 57 65 65 64 67 78 88 66 71 71 44 21 27 15 0 97 88 84 86 100 105 92 85 79 70 67 64 79 84 88 79 77
97 126 219 76 244 46 146 237 107 34 197 119 245 66 214 48 174 80 242 215 132 116 40 220 105 183 104 199 73 186 114 30 206 182 134 126 238 125 197 214 130 214 118 115 157 44 246 21 134 26 246 21 138 16 199 157 117 74 162 212 121 131 93 72 89 92 77 86 108 102 123 127 117 114 67 75 79 69 77 88 98 95 97 97 0 9 28 41 67 77 92 89 92 99 99 105 118 122 120 111 105
88 117 211 67 235 55 137 229 98 42 188 110 236 57 205 43 165 71 233 206 123 107 36 211 96 174 95 190 64 178 105 23 197 173 125 117 229 116 188 205 122 205 109 117 148 52 237 18 125 20 237 18 129 10 190 159 108 65 153 203 112 122 84 63 80 83 68 77 99 93 114 118 108 105 58 66 70 60 68 79 89 86 88 88 9 0 20 32 58 69 83 80 83 90 90 96 109 114 111 102 96
84 101 194 50 219 74 120 212 81 61 171 94 219 41 189 48 149 54 217 190 106 90 43 195 89 158 90 174 47 161 88 30 180 157 121 100 212 100 171 188 105 188 93 122 132 71 220 36 109 7 220 36 112 23 174 164 92 48 137 186 95 106 68 46 76 82 51 60 82 76 97 101 92 88 41 50 53 44 51 63 76 69 80 84 28 20 0 16 42 53 66 64 67 73 74 79 93 97 94 85 79
86 102 185 46 210 86 121 203 83 73 162 95 210 33 180 59 135 44 208 181 108 92 54 181 91 144 93 165 38 152 90 41 171 143 132 102 203 101 162 179 106 179 95 123 118 83 211 47 110 19 211 47 102 35 160 151 94 50 123 177 96 107 69 37 78 84 53 62 84 78 99 103 93 90 36 39 51 41 49 64 78 71 82 86 41 32 16 0 28 39 53 55 63 71 75 81 94 98 95 86 77
100 79 161 34 186 112 99 179 82 100 139 91 186 23 156 86 108 20 184 157 96 80 80 153 97 117 106 141 26 128 86 67 148 116 148 96 180 98 139 155 101 156 96 102 91 110 188 74 87 45 188 74 78 62 133 124 96 50 95 153 74 103 68 24 91 90 48 58 75 72 93 99 84 79 28 21 41 34 37 61 84 78 88 100 67 58 42 28 0 11 26 32 42 51 60 66 72 76 73 64 53
105 72 154 34 179 123 92 172 82 110 132 86 179 28 149 96 97 17 177 150 89 73 91 143 100 106 112 134 24 121 81 78 141 106 149 89 173 98 132 148 93 149 94 92 80 120 180 84 80 55 180 84 71 72 122 114 96 53 85 146 67 97 68 28 98 95 50 58 68 65 86 93 77 72 33 18 41 39 35 61 84 78 91 105 77 69 53 39 11 0 19 25 35 44 53 59 65 69 66 57 46
92 54 135 22 160 137 73 153 65 124 113 67 160 27 130 109 115 23 158 131 70 54 104 161 81 124 99 115 19 102 62 91 122 124 134 70 154 82 113 129 75 130 76 110 98 134 162 97 62 73 162 97 52 85 140 132 81 42 103 128 48 79 53 22 86 82 37 44 50 47 68 74 58 53 26 20 29 29 22 46 68 62 78 92 92 83 66 53 26 19 0 7 15 23 34 41 46 50 47 38 27
85 50 132 19 157 134 70 150 58 122 110 60 157 24 127 106 122 20 155 128 70 51 101 168 74 131 92 112 16 99 55 88 119 130 127 63 151 75 110 126 70 127 69 116 105 132 159 95 58 70 159 95 49 82 147 138 74 36 110 125 45 72 47 19 80 75 31 37 43 40 61 67 54 50 24 18 24 26 19 39 61 55 71 85 89 80 64 55 32 25 7 0 10 19 27 34 43 47 44 35 24
79 41 128 17 153 138 61 146 51 125 105 52 153 33 123 107 132 28 151 124 62 42 98 178 67 141 85 108 25 95 47 85 114 140 120 55 146 67 105 122 61 122 62 126 110 135 154 98 49 73 154 98 45 85 157 148 67 30 115 120 36 63 40 27 73 68 24 30 34 32 52 59 45 41 28 26 18 23 17 33 54 48 64 79 92 83 67 63 42 35 15 10 0 9 19 25 34 38 35 26 15
70 33 132 25 157 144 52 150 43 132 109 43 157 41 126 109 140 36 155 127 53 33 105 186 59 150 77 111 33 99 38 92 118 149 112 46 150 58 109 126 52 126 54 135 119 142 158 105 41 80 158 105 43 92 166 157 59 28 124 124 28 54 32 35 65 60 21 22 25 23 43 50 36 32 37 34 20 30 25 24 46 40 56 70 99 90 73 71 51 44 23 19 9 0 10 16 25 29 26 17 10
67 34 141 33 166 145 54 159 37 132 118 35 166 48 136 110 149 44 164 137 44 25 105 195 55 158 73 121 40 108 30 92 127 158 107 38 159 50 118 135 44 135 49 144 129 142 167 105 42 80 167 105 44 93 174 166 53 27 134 133 24 47 28 44 61 56 20 18 18 15 35 42 28 23 43 42 26 35 32 21 42 36 53 67 99 90 74 75 60 53 34 27 19 10 0 9 22 30 27 18 16
64 27 149 39 174 150 47 167 31 138 127 30 174 55 144 112 155 50 172 145 38 18 111 201 58 165 71 129 47 116 25 98 136 164 102 31 168 44 127 143 37 144 43 150 135 148 176 110 36 86 176 110 46 98 181 172 48 34 140 142 17 38 26 50 60 54 26 20 9 9 29 35 21 16 49 48 32 41 38 20 43 37 50 64 105 96 79 81 66 59 41 34 25 16 9 0 15 22 27 25 22
79 13 134 49 159 164 32 152 38 151 111 31 159 65 129 126 158 61 157 130 30 13 124 206 68 178 84 114 57 101 29 111 120 166 109 29 152 46 111 128 34 128 48 156 130 161 160 124 21 99 160 124 31 111 183 177 55 48 135 126 7 40 40 60 75 69 40 34 13 16 28 34 17 12 61 59 45 54 49 34 57 50 64 79 118 109 93 94 72 65 46 43 34 25 22 15 0 8 12 15 24
84 5 128 53 153 168 24 146 45 155 106 39 153 69 123 133 152 65 151 124 34 21 128 201 76 172 92 108 61 95 36 115 114 160 116 36 146 54 106 122 40 123 56 160 125 165 154 128 13 103 154 128 23 116 177 181 62 52 129 120 14 47 47 64 79 73 44 42 20 23 35 42 25 20 65 63 49 58 53 41 65 57 70 84 122 114 97 98 76 69 50 47 38 29 30 22 8 0 6 14 20
88 10 122 51 147 165 27 140 49 152 100 43 147 66 117 130 146 62 145 118 41 25 125 195 80 166 94 102 58 89 40 112 109 155 120 40 141 58 100 116 46 117 60 157 119 162 149 125 15 100 149 125 26 113 171 179 66 49 124 115 18 51 49 61 82 77 41 39 25 27 39 45 29 24 62 60 46 55 50 42 63 57 73 88 120 111 94 95 73 66 47 44 35 26 27 27 12 6 0 8 14
79 18 126 42 151 156 34 144 46 144 104 42 152 57 121 122 149 53 149 122 41 24 117 197 68 169 85 106 49 93 40 104 113 157 117 40 145 58 104 121 45 121 59 148 121 153 153 116 23 92 153 116 29 104 174 170 63 41 126 119 17 51 40 52 73 68 32 30 23 25 39 45 29 23 53 51 37 46 41 33 54 48 65 79 111 102 85 86 64 57 38 35 26 17 18 25 15 14 8 0 7
77 25 130 30 155 150 41 148 50 138 107 49 155 47 124 116 143 43 153 125 48 32 111 188 66 163 84 109 39 97 44 98 116 151 119 47 148 63 107 124 53 124 61 137 116 148 156 111 30 86 156 111 33 98 168 159 66 35 121 122 26 58 38 42 72 67 27 29 29 28 46 53 36 31 42 40 30 39 34 31 53 47 63 77 105 96 79 77 53 46 27 24 15 10 16 22 24 20 14 7 0