0 196 12 48 125 18 181 13 114 218 78 143 196 71 114 134 69 201 38 7 202 39 177 46 186 57 90 234 148 206 23 76 143 55 130 46 180 163 55 55 201 34 143 206 9 38 251 175 63 225 44 55 185 43 196 37 226 194 95 196 105 64 36 82 9 13 56 45 63 57 65 65 64 67 78 88 66 71 71 44 21 27 15 0 97 88 84 86 100 105 92 85 79 70 67 64 79 84 88 79 77
196 0 207 177 149 181 150 186 112 256 156 184 0 140 234 254 159 6 190 197 142 187 27 173 154 243 125 107 237 244 175 161 184 212 171 154 218 248 149 203 6 172 183 244 187 169 124 33 139 168 165 212 190 182 1 173 98 6 188 69 164 169 157 144 190 185 144 147 142 144 160 166 146 141 148 143 140 144 138 150 171 165 182 196 214 205 188 179 156 149 130 127 122 126 135 144 128 123 117 121 124
12 207 0 46 137 30 192 24 125 230 79 155 207 78 121 141 70 213 45 16 214 45 189 50 198 58 97 246 154 218 33 74 155 46 142 58 192 170 67 58 213 42 154 218 20 50 263 186 75 237 51 46 197 41 207 42 237 205 107 208 115 62 47 93 20 25 68 57 72 69 67 66 71 74 90 99 78 83 83 56 32 39 26 12 104 95 91 98 110 117 104 97 90 82 78 76 86 94 98 90 89
48 177 46 0 118 32 180 40 110 210 32 136 177 40 145 165 25 182 68 41 195 71 159 9 176 100 59 215 172 198 27 28 136 41 123 31 173 188 40 85 182 18 135 198 41 43 232 156 55 217 16 41 175 8 177 15 207 175 110 177 106 16 32 75 46 40 49 39 39 39 25 19 31 37 74 80 59 66 64 38 31 29 34 48 125 116 99 101 97 97 79 72 65 57 52 46 49 56 60 60 64
125 149 137 118 0 111 59 116 67 119 113 49 149 88 118 138 114 155 101 127 81 98 131 111 63 158 79 188 101 107 109 118 49 153 35 87 81 111 82 115 155 104 49 107 117 99 133 128 64 104 102 153 65 123 149 108 179 147 59 150 35 118 89 48 118 115 70 79 88 86 107 113 97 92 54 39 62 59 55 82 104 98 111 125 98 89 73 59 32 21 39 46 56 64 73 79 85 89 86 77 67
18 181 30 32 111 0 166 10 99 203 61 129 181 54 114 134 53 187 38 15 188 39 163 29 172 75 73 220 148 191 7 62 129 51 116 29 166 169 39 55 187 18 128 191 10 24 237 160 48 210 28 51 171 36 181 21 211 179 90 182 93 48 19 68 15 9 42 29 48 40 49 49 47 50 65 73 52 59 57 28 5 11 3 18 97 88 79 81 87 91 78 71 64 56 52 48 62 70 73 64 63
181 150 192 180 59 166 0 171 113 174 162 104 150 143 174 193 166 156 156 182 27 153 132 172 4 214 126 99 157 162 164 167 104 214 90 148 136 166 143 171 156 167 104 162 172 154 80 129 119 60 164 214 6 186 150 170 90 148 114 118 90 175 144 103 173 171 125 141 145 143 159 165 149 144 109 94 117 114 111 144 159 154 167 181 153 144 128 114 87 77 95 101 112 120 130 137 132 126 120 122 117
13 186 24 40 116 10 171 0 104 208 70 134 186 61 112 132 61 192 36 14 193 36 168 38 177 70 80 225 145 196 15 70 134 58 121 36 171 161 46 52 192 27 133 196 4 29 242 165 53 215 35 58 176 42 186 29 216 184 95 187 97 56 26 73 7 2 47 36 53 47 55 57 55 57 70 78 57 63 62 35 13 18 7 13 95 86 84 86 92 96 83 76 69 61 57 55 69 74 78 69 68
114 112 125 110 67 99 113 104 0 174 81 101 112 65 155 175 84 117 110 115 140 107 93 106 109 161 50 150 154 162 94 86 101 137 88 72 136 166 67 123 117 91 100 162 105 87 167 90 60 173 97 137 108 115 112 94 141 109 108 112 81 94 75 65 109 104 64 66 67 67 85 91 78 73 69 63 61 64 58 68 89 83 100 114 134 125 109 100 76 65 50 47 43 47 54 61 54 56 42 47 39
218 256 230 210 119 203 174 208 174 0 206 99 256 181 159 172 206 262 194 219 194 190 238 204 178 251 186 232 118 55 201 210 99 246 111 180 75 117 175 208 262 197 104 55 209 191 160 235 156 156 195 246 180 216 256 200 223 254 144 257 120 210 181 140 210 208 162 171 181 178 199 205 190 185 146 131 154 151 148 174 197 191 204 218 157 159 164 151 124 114 132 138 148 157 166 172 177 181 179 170 159
78 156 79 32 113 61 162 70 81 206 0 131 156 26 157 177 8 162 96 66 189 94 138 33 159 133 38 195 183 194 57 7 131 60 118 43 168 198 49 112 162 45 130 194 71 65 211 135 66 223 35 60 158 40 156 43 186 154 121 157 108 17 51 86 75 69 60 52 32 37 14 14 22 24 85 89 72 77 77 52 58 53 63 78 136 127 111 112 100 93 74 75 66 53 49 42 34 38 45 45 52
143 184 155 136 49 129 104 134 101 99 131 0 184 106 84 104 132 189 116 145 126 113 165 129 108 173 112 222 61 87 127 136 0 171 14 105 38 65 100 114 189 122 4 87 135 117 178 163 82 148 120 171 110 141 184 126 214 181 64 184 39 136 107 66 136 133 88 97 106 104 125 131 115 110 72 57 80 77 73 100 122 116 129 143 82 82 67 68 47 39 57 64 74 82 91 97 103 107 104 95 85
196 0 207 177 149 181 150 186 112 256 156 184 0 140 234 254 159 6 190 197 142 187 27 173 154 243 125 107 237 244 175 161 184 212 171 154 218 248 149 203 6 172 183 244 187 169 124 33 139 168 165 212 190 182 1 173 98 6 188 69 164 169 157 144 190 185 144 147 142 144 160 166 146 141 148 143 140 144 138 150 171 165 182 196 214 205 188 179 156 149 130 127 122 126 135 144 128 123 117 121 124
71 140 78 40 88 54 143 61 65 181 26 106 140 0 138 158 26 145 83 65 170 82 122 37 139 128 23 178 156 169 49 33 106 74 93 28 143 173 26 104 145 36 105 169 62 50 195 119 42 188 29 74 138 46 140 37 170 138 102 140 84 31 36 63 66 60 43 33 9 14 19 26 9 4 64 62 48 57 52 33 49 44 55 71 117 108 92 93 75 68 49 46 37 28 23 16 11 18 23 21 27
114 234 121 145 118 114 174 112 155 159 157 84 234 138 0 29 151 240 80 120 195 78 216 139 177 120 148 273 60 147 119 160 84 164 88 117 95 75 116 76 240 126 87 147 111 113 290 213 103 218 131 164 180 151 235 129 264 232 54 235 80 152 114 92 106 109 98 106 128 123 143 148 138 134 88 96 99 90 97 109 115 115 114 114 22 30 49 61 88 98 112 110 113 120 120 126 139 143 140 131 126
134 254 141 165 138 134 193 132 175 172 177 104 254 158 29 0 171 260 100 139 215 97 236 159 197 140 167 293 55 160 139 179 104 183 108 137 108 67 136 96 260 146 107 160 130 133 310 233 123 238 150 183 199 171 254 149 284 252 74 255 100 172 133 112 126 129 117 126 148 142 163 167 158 154 107 115 119 110 117 128 134 135 134 134 41 50 69 81 107 118 132 129 132 139 140 145 158 163 160 151 145
69 159 70 25 114 53 166 61 84 206 8 132 159 26 151 171 0 165 88 58 193 86 141 24 162 125 40 198 177 194 48 9 132 54 119 38 169 199 42 104 165 36 131 194 62 57 214 138 56 213 27 54 161 34 159 35 189 157 115 160 109 11 45 81 66 61 54 46 27 32 9 7 17 22 80 84 63 71 68 46 49 44 55 69 130 122 105 106 101 93 75 70 61 52 44 37 34 40 46 45 53
201 6 213 182 155 187 156 192 117 262 162 189 6 145 240 260 165 0 196 202 148 192 33 179 159 248 131 112 243 250 181 166 189 218 176 159 224 254 155 208 0 178 188 250 193 174 129 39 145 173 171 218 196 188 7 179 104 11 194 74 170 174 162 150 196 191 149 153 147 150 166 171 151 146 154 148 146 149 143 155 177 171 187 201 220 211 194 185 161 154 135 132 128 132 141 149 134 128 122 127 130
38 190 45 68 101 38 156 36 110 194 96 116 190 83 80 100 88 196 0 43 178 4 172 69 160 67 97 229 113 182 43 97 116 87 103 62 156 129 61 26 196 55 115 182 34 42 245 169 56 201 61 87 162 75 190 58 220 188 66 190 75 88 50 59 30 33 53 52 74 68 81 84 81 80 51 67 54 48 54 52 39 44 38 38 63 54 50 57 69 81 74 71 69 72 68 70 84 92 89 80 79
7 197 16 41 127 15 182 14 115 219 66 145 197 65 120 139 58 202 43 0 203 44 179 38 187 59 84 235 153 207 18 69 145 48 131 45 181 169 56 60 202 29 144 207 10 39 252 176 64 226 39 48 186 37 197 32 227 195 101 197 108 57 37 84 14 14 57 46 60 56 55 54 59 61 81 89 67 74 73 45 19 28 15 7 103 94 89 92 103 106 93 86 80 71 68 65 74 81 85 80 78
202 142 214 195 81 188 27 193 140 194 189 126 142 170 195 215 193 148 178 203 0 175 124 188 31 235 153 91 178 184 185 194 126 230 112 164 158 188 159 192 148 181 126 184 194 175 72 121 140 52 179 230 33 200 142 185 82 140 136 110 111 202 166 125 195 192 147 156 172 163 186 192 176 171 131 115 138 136 132 159 181 175 188 202 175 166 150 136 108 98 116 123 133 141 150 156 159 153 147 149 144
39 187 45 71 98 39 153 36 107 190 94 113 187 82 78 97 86 192 4 44 175 0 168 67 157 67 95 225 111 178 43 95 113 88 100 60 153 127 59 23 192 53 112 178 35 40 242 166 53 197 59 88 159 76 187 57 217 185 62 187 71 86 49 56 31 33 49 50 72 66 80 82 79 78 47 64 50 44 50 50 40 42 38 39 61 52 48 54 66 77 71 67 66 68 67 69 82 90 88 79 75
177 27 189 159 131 163 132 168 93 238 138 165 27 122 216 236 141 33 172 179 124 168 0 155 135 225 107 89 219 226 157 142 165 194 152 135 200 230 131 185 33 154 165 226 169 151 105 15 121 149 147 194 172 164 27 155 80 25 170 50 146 151 139 126 172 167 125 129 123 126 142 147 127 122 130 124 122 125 120 131 153 147 163 177 196 187 170 161 137 130 112 108 104 108 117 125 110 104 99 103 106
46 173 50 9 111 29 172 38 106 204 33 129 173 37 139 159 24 179 69 38 188 67 155 0 169 103 56 212 165 192 25 33 129 49 116 25 166 182 33 83 179 14 128 192 38 38 229 152 48 211 10 49 167 15 174 11 203 171 103 174 99 23 27 69 43 37 42 32 32 32 21 20 25 33 68 74 52 59 57 31 27 24 31 46 118 109 93 94 91 91 72 66 61 52 44 39 45 53 57 54 58
186 154 198 176 63 172 4 177 109 178 159 108 154 139 177 197 162 159 160 187 31 157 135 169 0 217 122 102 160 166 166 163 108 210 94 144 140 170 140 174 159 163 108 166 178 159 83 132 125 64 160 210 2 182 154 166 94 151 118 122 93 172 147 107 181 176 132 138 141 139 155 162 145 140 113 97 126 118 114 140 162 156 172 186 157 148 132 118 91 80 98 105 108 117 127 133 128 122 116 119 113
57 243 58 100 158 75 214 70 161 251 133 173 243 128 120 140 125 248 67 59 235 67 225 103 217 0 147 281 152 239 80 128 173 104 160 103 194 168 112 53 248 91 172 239 66 95 298 222 110 258 101 104 220 95 243 94 273 241 106 243 132 116 92 116 66 70 103 102 120 114 121 121 121 124 108 124 109 105 111 101 78 84 72 57 101 93 93 104 126 138 132 128 126 118 114 121 136 141 135 126 124
90 125 97 59 79 73 126 80 50 186 38 112 125 23 148 167 40 131 97 84 153 95 107 56 122 147 0 164 161 174 68 43 112 93 98 47 148 178 39 114 131 55 111 174 81 66 181 104 48 186 48 93 121 65 125 56 155 123 112 126 89 47 55 69 85 80 48 47 28 29 38 42 28 23 70 67 53 62 58 47 68 63 75 90 127 118 101 103 80 73 54 51 42 34 35 28 14 5 9 17 24
234 107 246 215 188 220 99 225 150 232 195 222 107 178 273 293 198 112 229 235 91 225 89 212 102 281 164 0 276 283 214 199 222 251 209 192 257 287 188 241 112 211 221 283 226 207 72 86 178 116 204 251 105 221 107 212 31 105 227 75 203 208 195 183 229 224 182 186 180 183 199 204 184 179 187 181 179 182 176 188 210 204 220 234 253 244 227 218 194 187 168 165 161 165 174 182 167 161 155 160 163
148 237 154 172 101 148 157 145 154 118 183 61 237 156 60 55 177 243 113 153 178 111 219 165 160 152 161 276 0 106 152 186 61 197 72 144 55 25 136 108 243 152 64 106 144 140 292 216 117 201 157 197 163 177 237 156 267 235 69 237 69 178 140 95 140 142 119 133 150 145 170 174 164 156 98 97 111 104 107 135 148 142 147 148 58 60 73 77 81 86 103 112 120 129 136 142 153 157 154 145 135
206 244 218 198 107 191 162 196 162 55 194 87 244 169 147 160 194 250 182 207 184 178 226 192 166 239 174 283 106 0 189 198 87 234 99 168 63 93 163 196 250 185 92 0 197 179 191 223 144 187 183 234 168 204 244 188 274 242 132 245 108 198 169 128 199 196 151 159 169 166 187 193 178 173 134 119 142 139 136 162 185 179 192 206 145 147 152 139 112 102 120 126 136 145 154 160 166 169 167 158 147
23 175 33 27 109 7 164 15 94 201 57 127 175 49 119 139 48 181 43 18 185 43 157 25 166 80 68 214 152 189 0 57 127 51 113 29 163 169 38 59 181 13 126 189 16 25 231 154 46 208 23 51 165 32 176 16 205 173 90 176 93 43 19 66 20 14 39 29 44 40 45 44 43 45 65 71 49 56 55 28 5 10 8 23 102 93 80 81 88 88 72 65 58 50 46 47 58 65 69 59 57
76 161 74 28 118 62 167 70 86 210 7 136 161 33 160 179 9 166 97 69 194 95 142 33 163 128 43 199 186 198 57 0 136 56 123 46 173 203 52 113 166 45 135 198 71 66 216 139 65 227 36 56 162 36 161 44 191 158 124 161 113 13 54 89 76 70 63 55 34 40 17 13 24 30 88 92 72 80 77 55 59 53 64 76 139 130 114 115 105 98 79 77 69 60 51 45 38 42 50 49 57
143 184 155 136 49 129 104 134 101 99 131 0 184 106 84 104 132 189 116 145 126 113 165 129 108 173 112 222 61 87 127 136 0 171 14 105 38 65 100 114 189 122 4 87 135 117 178 163 82 148 120 171 110 141 184 126 214 181 64 184 39 136 107 66 136 133 88 97 106 104 125 131 115 110 72 57 80 77 73 100 122 116 129 143 82 82 67 68 47 39 57 64 74 82 91 97 103 107 104 95 85
55 212 46 41 153 51 214 58 137 246 60 171 212 74 164 183 54 218 87 48 230 88 194 49 210 104 93 251 197 234 51 56 171 0 158 68 208 217 77 104 218 49 170 234 54 73 268 191 91 253 54 0 209 35 212 47 242 210 139 213 141 44 64 111 58 58 84 75 73 74 55 50 65 70 110 115 94 101 99 74 55 59 54 55 147 138 128 130 132 133 119 112 104 95 87 81 82 90 93 93 101
130 171 142 123 35 116 90 121 88 111 118 14 171 93 88 108 119 176 103 131 112 100 152 116 94 160 98 209 72 99 113 123 14 158 0 92 49 76 87 111 176 109 13 99 122 103 226 149 68 135 107 158 96 128 171 113 200 168 51 171 26 122 94 53 123 120 75 84 93 91 111 118 102 97 59 43 66 64 60 87 109 103 116 130 83 77 62 54 34 26 44 51 61 69 78 84 90 94 91 82 72
46 154 58 31 87 29 148 36 72 180 43 105 154 28 117 137 38 159 62 45 164 60 135 25 144 103 47 192 144 168 29 46 105 68 92 0 142 160 11 79 159 20 105 168 37 24 209 132 25 187 17 68 143 37 154 23 183 151 82 154 78 38 10 47 42 36 20 12 18 13 30 34 27 24 46 51 30 38 36 11 25 19 32 46 97 88 71 73 69 67 50 43 36 28 24 20 32 39 44 37 35
180 218 192 173 81 166 136 171 136 75 168 38 218 143 95 108 169 224 156 181 158 153 200 166 140 194 148 257 55 63 163 173 38 208 49 142 0 47 137 148 224 159 42 63 172 153 211 197 118 181 157 208 142 178 219 163 248 216 97 219 79 172 144 103 173 170 125 134 143 141 161 168 152 147 109 93 116 114 110 137 159 153 166 180 94 96 101 107 87 76 94 101 111 119 128 134 140 144 141 132 122
163 248 170 188 111 169 166 161 166 117 198 65 248 173 75 67 199 254 129 169 188 127 230 182 170 168 178 287 25 93 169 203 65 217 76 160 47 0 153 124 254 169 68 93 160 156 240 227 134 211 174 217 172 194 248 172 278 246 85 249 76 195 157 111 156 158 135 149 173 170 191 198 182 177 114 123 128 120 124 152 165 158 169 163 74 76 89 94 85 106 124 130 141 149 158 164 170 174 171 162 151
55 149 67 40 82 39 143 46 67 175 49 100 149 26 116 136 42 155 61 56 159 59 131 33 140 112 39 188 136 163 38 52 100 77 87 11 137 153 0 78 155 29 99 163 47 31 205 128 20 182 25 77 139 45 149 32 179 147 80 150 75 43 17 44 51 45 18 11 17 12 35 39 28 23 43 46 27 35 32 11 34 28 41 55 95 86 70 71 66 62 45 38 32 24 17 13 26 33 38 32 31
55 203 58 85 115 55 171 52 123 208 112 114 203 104 76 96 104 208 26 60 192 23 185 83 174 53 114 241 108 196 59 113 114 104 111 79 148 124 78 0 208 70 123 196 51 59 258 182 69 215 77 104 177 92 203 73 233 201 60 203 87 104 69 72 47 49 65 68 96 90 98 100 97 100 63 80 66 60 66 69 56 60 54 55 57 48 47 58 85 95 87 83 82 84 85 87 101 108 106 97 91
201 6 213 182 155 187 156 192 117 262 162 189 6 145 240 260 165 0 196 202 148 192 33 179 159 248 131 112 243 250 181 166 189 218 176 159 224 254 155 208 0 178 188 250 193 174 129 39 145 173 171 218 196 188 7 179 104 11 194 74 170 174 162 150 196 191 149 153 147 150 166 171 151 146 154 148 146 149 143 155 177 171 187 201 220 211 194 185 161 154 135 132 128 132 141 149 134 128 122 127 130
34 172 42 18 104 18 167 27 91 197 45 122 172 36 126 146 36 178 55 29 181 53 154 14 163 91 55 211 152 185 13 45 122 49 109 20 159 169 29 70 178 0 122 185 28 25 228 151 42 204 9 49 162 24 173 3 202 170 91 173 93 36 15 62 32 26 35 26 31 30 30 33 29 32 61 67 45 52 50 25 13 11 20 34 106 97 80 82 84 84 69 62 55 47 42 38 44 52 56 53 54
143 183 154 135 49 128 104 133 100 104 130 4 183 105 87 107 131 188 115 144 126 112 165 128 108 172 111 221 64 92 126 135 4 170 13 105 42 68 99 123 188 122 0 92 134 116 238 162 81 149 119 170 110 140 183 125 213 181 63 183 39 135 106 65 135 132 87 96 106 103 124 130 114 109 71 56 79 76 72 99 121 115 129 143 86 85 70 67 46 38 56 63 73 82 90 97 102 106 103 94 84
206 244 218 198 107 191 162 196 162 55 194 87 244 169 147 160 194 250 182 207 184 178 226 192 166 239 174 283 106 0 189 198 87 234 99 168 63 93 163 196 250 185 92 0 197 179 191 223 144 187 183 234 168 204 244 188 274 242 132 245 108 198 169 128 199 196 151 159 169 166 187 193 178 173 134 119 142 139 136 162 185 179 192 206 145 147 152 139 112 102 120 126 136 145 154 160 166 169 167 158 147
9 187 20 41 117 10 172 4 105 209 71 135 187 62 111 130 62 193 34 10 194 35 169 38 178 66 81 226 144 197 16 71 135 54 122 37 172 160 47 51 193 28 134 197 0 30 243 166 54 216 36 54 176 42 187 30 217 185 92 188 99 57 27 74 5 5 48 37 54 48 56 58 56 58 71 79 57 65 63 36 14 19 7 9 94 85 80 83 93 96 84 77 70 62 58 56 70 75 79 70 69
38 169 50 43 99 24 154 29 87 191 65 117 169 50 113 133 57 174 42 39 175 40 151 38 159 95 66 207 140 179 25 66 117 73 103 24 153 156 31 59 174 25 116 179 30 0 224 148 36 198 30 73 158 49 169 29 199 167 78 169 80 57 15 56 33 28 29 23 41 35 51 53 50 47 53 61 39 47 45 23 20 14 24 38 93 84 67 69 75 78 65 58 52 44 40 40 53 60 61 52 50
251 124 263 232 133 237 80 242 167 160 211 178 124 195 290 310 214 129 245 252 72 242 105 229 83 298 181 72 292 191 231 216 178 268 226 209 211 240 205 258 129 228 238 191 243 224 0 102 195 106 221 268 86 238 124 229 64 121 243 92 220 224 212 200 246 241 199 203 197 200 216 221 201 196 204 198 196 199 193 205 227 221 237 251 269 260 244 235 211 204 185 182 178 182 191 199 184 178 172 176 180
175 33 186 156 128 160 129 165 90 235 135 163 33 119 213 233 138 39 169 176 121 166 15 152 132 222 104 86 216 223 154 139 163 191 149 132 197 227 128 182 39 151 162 223 166 148 102 0 118 146 144 191 169 161 33 152 77 31 167 48 143 148 136 123 169 164 122 126 121 123 139 144 124 119 127 122 119 122 117 129 150 144 160 175 193 184 167 158 135 127 109 106 101 105 114 123 107 101 96 100 103
63 139 75 55 64 48 119 53 60 156 66 82 139 42 103 123 56 145 56 64 140 53 121 48 125 110 48 178 117 144 46 65 82 91 68 25 118 134 20 69 145 42 81 144 54 36 195 118 0 163 39 91 124 60 139 45 169 137 66 140 56 57 26 25 58 53 8 16 34 29 52 53 45 40 24 27 7 15 12 19 42 36 49 63 83 74 57 57 46 43 30 23 17 18 20 26 39 43 40 32 25
225 168 237 217 104 210 60 215 173 156 223 148 168 188 218 238 213 173 201 226 52 197 149 211 64 258 186 116 201 187 208 227 148 253 135 187 181 211 182 215 173 204 149 187 216 198 106 146 163 0 202 253 66 223 168 207 108 165 159 136 134 217 188 147 218 215 170 178 188 185 206 212 197 192 153 138 161 158 155 181 204 198 211 225 197 188 172 158 131 121 139 145 155 164 173 179 185 186 180 183 166
44 165 51 16 102 28 164 35 97 195 35 120 165 29 131 150 27 171 61 39 179 59 147 10 160 101 48 204 157 183 23 36 120 54 107 17 157 174 25 77 171 9 119 183 36 30 221 144 39 202 0 54 159 22 165 10 195 163 95 166 90 27 18 60 40 34 33 24 23 23 20 23 22 25 59 65 43 50 48 23 23 17 29 44 110 101 84 86 82 82 64 57 53 44 36 30 37 45 48 46 50
55 212 46 41 153 51 214 58 137 246 60 171 212 74 164 183 54 218 87 48 230 88 194 49 210 104 93 251 197 234 51 56 171 0 158 68 208 217 77 104 218 49 170 234 54 73 268 191 91 253 54 0 209 35 212 47 242 210 139 213 141 44 64 111 58 58 84 75 73 74 55 50 65 70 110 115 94 101 99 74 55 59 54 55 147 138 128 130 132 133 119 112 104 95 87 81 82 90 93 93 101
185 190 197 175 65 171 6 176 108 180 158 110 190 138 180 199 161 196 162 186 33 159 172 167 2 220 121 105 163 168 165 162 110 209 96 143 142 172 139 177 196 162 110 168 176 158 86 169 124 66 159 209 0 181 191 165 96 188 120 124 96 171 146 109 180 175 131 137 140 138 154 161 144 139 115 100 125 120 116 139 160 154 171 185 159 150 134 120 93 95 100 113 107 115 126 132 127 121 115 118 112
43 182 41 8 123 36 186 42 115 216 40 141 182 46 151 171 34 188 75 37 200 76 164 15 182 95 65 221 177 204 32 36 141 35 128 37 178 194 45 92 188 24 140 204 42 49 238 161 60 223 22 35 181 0 183 21 212 180 115 183 112 24 38 81 46 41 54 45 44 45 30 27 37 42 80 86 64 71 70 44 35 34 38 43 130 122 105 106 103 103 85 78 71 63 58 52 54 62 66 65 70
196 1 207 177 149 181 150 186 112 256 156 184 1 140 235 254 159 7 190 197 142 187 27 174 154 243 125 107 237 244 176 161 184 212 171 154 219 248 149 203 7 173 183 244 187 169 124 33 139 168 165 212 191 183 0 174 98 6 188 69 164 169 157 144 191 186 144 148 142 144 160 166 146 141 149 143 140 144 138 150 171 165 182 196 214 205 188 180 156 149 130 127 123 126 135 144 128 123 117 121 124
37 173 42 15 108 21 170 29 94 200 43 126 173 37 129 149 35 179 58 32 185 57 155 11 166 94 56 212 156 188 16 44 126 47 113 23 163 172 32 73 179 3 125 188 30 29 229 152 45 207 10 47 165 21 174 0 203 171 94 174 96 34 19 65 35 29 39 29 32 31 29 31 30 33 64 70 49 56 54 28 15 14 23 37 109 100 83 85 87 88 72 66 59 51 45 39 45 53 57 54 57
226 98 237 207 179 211 90 216 141 223 186 214 98 170 264 284 189 104 220 227 82 217 80 203 94 273 155 31 267 274 205 191 214 242 200 183 248 278 179 233 104 202 213 274 217 199 64 77 169 108 195 242 96 212 98 203 0 96 218 66 194 199 187 174 220 215 173 177 172 174 190 195 176 170 178 173 170 174 168 180 201 195 212 226 244 235 218 209 186 179 160 157 152 156 165 174 158 152 147 151 154
194 6 205 175 147 179 148 184 109 254 154 181 6 138 232 252 157 11 188 195 140 185 25 171 151 241 123 105 235 242 173 158 181 210 168 151 216 246 147 201 11 170 181 242 185 167 121 31 137 165 163 210 188 180 6 171 96 0 186 67 162 167 155 142 188 183 141 145 140 142 158 163 143 138 146 141 138 141 136 148 169 163 179 194 212 203 186 177 153 146 128 125 120 124 133 142 126 120 115 119 122
95 188 107 110 59 90 114 95 108 144 121 64 188 102 54 74 115 194 66 101 136 62 170 103 118 106 112 227 69 132 90 124 64 139 51 82 97 85 80 60 194 91 63 132 92 78 243 167 66 159 95 139 120 115 188 94 218 186 0 189 27 116 78 46 86 93 62 71 92 87 107 112 102 98 45 48 60 50 58 73 87 80 91 95 34 28 13 10 37 47 62 63 72 80 84 89 103 107 104 95 86
196 69 208 177 150 182 118 187 112 257 157 184 69 140 235 255 160 74 190 197 110 187 50 174 122 243 126 75 237 245 176 161 184 213 171 154 219 249 150 203 74 173 183 245 188 169 92 48 140 136 166 213 124 183 69 174 66 67 189 0 165 169 157 145 191 186 144 148 142 145 161 166 146 141 149 143 141 144 138 150 172 166 182 196 215 206 189 180 156 149 130 127 123 127 136 144 129 123 117 121 125
105 164 115 106 35 93 90 97 81 120 108 39 164 84 80 100 109 170 75 108 111 71 146 99 93 132 89 203 69 108 93 113 39 141 26 78 79 76 75 87 170 93 39 108 99 80 220 143 56 134 90 141 96 112 164 96 194 162 27 165 0 113 77 33 96 95 57 67 84 81 102 108 92 87 36 34 49 42 46 70 89 82 93 105 60 53 39 31 11 17 34 41 51 60 68 75 80 84 81 72 62
64 169 62 16 118 48 175 56 94 210 17 136 169 31 152 172 11 174 88 57 202 86 151 23 172 116 47 208 178 198 43 13 136 44 122 38 172 195 43 104 174 36 135 198 57 57 224 148 57 217 27 44 171 24 169 34 199 167 116 169 113 0 45 81 62 56 55 47 30 34 12 7 22 28 80 83 64 72 69 47 47 44 50 64 131 122 106 107 103 97 79 72 63 54 47 38 40 47 51 51 58
36 157 47 32 89 19 144 26 75 181 51 107 157 36 114 133 45 162 50 37 166 49 139 27 147 92 55 195 140 169 19 54 107 64 94 10 144 157 17 69 162 15 106 169 27 15 212 136 26 188 18 64 146 38 157 19 187 155 78 157 77 45 0 46 31 25 20 10 26 21 37 42 35 32 45 51 29 37 35 9 15 9 21 36 93 84 68 69 68 68 53 47 40 32 28 26 40 47 49 40 38
82 144 93 75 48 68 103 73 65 140 86 66 144 63 92 112 81 150 59 84 125 56 126 69 107 116 69 183 95 128 66 89 66 111 53 47 103 111 44 72 150 62 65 128 74 56 200 123 25 147 60 111 109 81 144 65 174 142 46 145 33 81 46 0 73 72 27 36 58 53 73 77 69 64 8 10 19 12 14 39 62 56 69 82 72 63 46 37 24 28 22 19 27 35 44 50 60 64 61 52 42
9 190 20 46 118 15 173 7 109 210 75 136 190 66 106 126 66 196 30 14 195 31 172 43 181 66 85 229 140 199 20 76 136 58 123 42 173 156 51 47 196 32 135 199 5 33 246 169 58 218 40 58 180 46 191 35 220 188 86 191 96 62 31 73 0 6 51 45 58 53 60 62 60 63 69 80 57 62 64 40 18 23 12 9 89 80 76 78 91 98 86 80 73 65 61 60 75 79 82 73 72
13 185 25 40 115 9 171 2 104 208 69 133 185 60 109 129 61 191 33 14 192 33 167 37 176 70 80 224 142 196 14 70 133 58 120 36 170 158 45 49 191 26 132 196 5 28 241 164 53 215 34 58 175 41 186 29 215 183 93 186 95 56 25 72 6 0 46 35 52 47 54 56 54 57 68 77 56 61 61 34 12 17 6 13 92 83 82 84 90 95 82 75 68 60 56 54 69 73 77 68 67
56 144 68 49 70 42 125 47 64 162 60 88 144 43 98 117 54 149 53 57 147 49 125 42 132 103 48 182 119 151 39 63 88 84 75 20 125 135 18 65 149 35 87 151 48 29 199 122 8 170 33 84 131 54 144 39 173 141 62 144 57 55 20 27 51 46 0 10 31 27 46 51 41 37 26 32 9 17 16 13 35 29 42 56 77 68 51 53 48 50 37 31 24 21 20 26 40 44 41 32 27
45 147 57 39 79 29 141 36 66 171 52 97 147 33 106 126 46 153 52 46 156 50 129 32 138 102 47 186 133 159 29 55 97 75 84 12 134 149 11 68 153 26 96 159 37 23 203 126 16 178 24 75 137 45 148 29 177 145 71 148 67 47 10 36 45 35 10 0 23 18 38 43 33 29 35 41 19 27 25 3 24 18 31 45 86 77 60 62 58 58 44 37 30 22 18 20 34 42 39 30 29
63 142 72 39 88 48 145 53 67 181 32 106 142 9 128 148 27 147 74 60 172 72 123 32 141 120 28 180 150 169 44 34 106 73 93 18 143 173 17 96 147 31 106 169 54 41 197 121 34 188 23 73 140 44 142 32 172 140 92 142 84 30 26 58 58 52 31 23 0 5 18 25 11 6 57 57 40 49 45 23 42 36 49 63 108 99 82 84 75 68 50 43 34 25 18 9 13 20 25 23 29
57 144 69 39 86 40 143 47 67 178 37 104 144 14 123 142 32 150 68 56 163 66 126 32 139 114 29 183 145 166 40 40 104 74 91 13 141 170 12 90 150 30 103 166 48 35 200 123 29 185 23 74 138 45 144 31 174 142 87 145 81 34 21 53 53 47 27 18 5 0 23 29 16 10 52 55 35 44 40 18 36 30 43 57 102 93 76 78 72 65 47 40 32 23 15 9 16 23 27 25 28
65 160 67 25 107 49 159 55 85 199 14 125 160 19 143 163 9 166 81 55 186 80 142 21 155 121 38 199 170 187 45 17 125 55 111 30 161 191 35 98 166 30 124 187 56 51 216 139 52 206 20 55 154 30 160 29 190 158 107 161 102 12 37 73 60 54 46 38 18 23 0 7 10 16 72 75 55 63 61 39 43 38 49 65 123 114 97 99 93 86 68 61 52 43 35 29 28 35 39 39 46
65 166 66 19 113 49 165 57 91 205 14 131 166 26 148 167 7 171 84 54 192 82 147 20 162 121 42 204 174 193 44 13 131 50 118 34 168 198 39 100 171 33 130 193 58 53 221 144 53 212 23 50 161 27 166 31 195 163 112 166 108 7 42 77 62 56 51 43 25 29 7 0 17 22 76 79 60 68 65 43 46 41 51 65 127 118 101 103 99 93 74 67 59 50 42 35 34 42 45 45 53
64 146 71 31 97 47 149 55 78 190 22 115 146 9 138 158 17 151 81 59 176 79 127 25 145 121 28 184 164 178 43 24 115 65 102 27 152 182 28 97 151 29 114 178 56 50 201 124 45 197 22 65 144 37 146 30 176 143 102 146 92 22 35 69 60 54 41 33 11 16 10 17 0 6 68 68 51 60 56 33 43 37 49 64 117 108 92 93 84 77 58 54 45 36 28 21 17 25 29 29 36
67 141 74 37 92 50 144 57 73 185 24 110 141 4 134 154 22 146 80 61 171 78 122 33 140 124 23 179 156 173 45 30 110 70 97 24 147 177 23 100 146 32 109 173 58 47 196 119 40 192 25 70 139 42 141 33 170 138 98 141 87 28 32 64 63 57 37 29 6 10 16 22 6 0 63 64 46 54 51 30 45 42 52 67 114 105 88 90 79 72 53 50 41 32 23 16 12 20 24 23 31
78 148 90 74 54 65 109 70 69 146 85 72 148 64 88 107 80 154 51 81 131 47 130 68 113 108 70 187 98 134 65 88 72 110 59 46 109 114 43 63 154 61 71 134 71 53 204 127 24 153 59 110 115 80 149 64 178 146 45 149 36 80 45 8 69 68 26 35 57 52 72 76 68 63 0 17 18 8 14 38 61 55 66 78 67 58 41 36 28 33 26 24 28 37 43 49 61 65 62 53 42
88 143 99 80 39 73 94 78 63 131 89 57 143 62 96 115 84 148 67 89 115 64 124 74 97 124 67 181 97 119 71 92 57 115 43 51 93 123 46 80 148 67 56 119 79 61 198 122 27 138 65 115 100 86 143 70 173 141 48 143 34 83 51 10 80 77 32 41 57 55 75 79 68 64 17 0 24 20 17 44 66 60 74 88 75 66 50 39 21 18 20 18 26 34 42 48 59 63 60 51 40
66 140 78 59 62 52 117 57 61 154 72 80 140 48 99 119 63 146 54 67 138 50 122 52 126 109 53 179 111 142 49 72 80 94 66 30 116 128 27 66 146 45 79 142 57 39 196 119 7 161 43 94 125 64 140 49 170 138 60 141 49 64 29 19 57 56 9 19 40 35 55 60 51 46 18 24 0 9 7 22 45 39 52 66 79 70 53 51 41 41 29 24 18 20 26 32 45 49 46 37 30
71 144 83 66 59 59 114 63 64 151 77 77 144 57 90 110 71 149 48 74 136 44 125 59 118 105 62 182 104 139 56 80 77 101 64 38 114 120 35 60 149 52 76 139 65 47 199 122 15 158 50 101 120 71 144 56 174 141 50 144 42 72 37 12 62 61 17 27 49 44 63 68 60 54 8 20 9 0 7 30 52 46 59 71 69 60 44 41 34 39 29 26 23 30 35 41 54 58 55 46 39
71 138 83 64 55 57 111 62 58 148 77 73 138 52 97 117 68 143 54 73 132 50 120 57 114 111 58 176 107 136 55 77 73 99 60 36 110 124 32 66 143 50 72 136 63 45 193 117 12 155 48 99 116 70 138 54 168 136 58 138 46 69 35 14 64 61 16 25 45 40 61 65 56 51 14 17 7 7 0 28 50 44 57 71 77 68 51 49 37 35 22 19 17 25 32 38 49 53 50 41 34
44 150 56 38 82 28 144 35 68 174 52 100 150 33 109 128 46 155 52 45 159 50 131 31 140 101 47 188 135 162 28 55 100 74 87 11 137 152 11 69 155 25 99 162 36 23 205 129 19 181 23 74 139 44 150 28 180 148 73 150 70 47 9 39 40 34 13 3 23 18 39 43 33 30 38 44 22 30 28 0 23 17 30 44 88 79 63 64 61 61 46 39 33 24 21 20 34 41 42 33 31
21 171 32 31 104 5 159 13 89 197 58 122 171 49 115 134 49 177 39 19 181 40 153 27 162 78 68 210 148 185 5 59 122 55 109 25 159 165 34 56 177 13 121 185 14 20 227 150 42 204 23 55 160 35 171 15 201 169 87 172 89 47 15 62 18 12 35 24 42 36 43 46 43 45 61 66 45 52 50 23 0 6 6 21 98 89 76 78 84 84 68 61 54 46 42 43 57 65 63 54 53
27 165 39 29 98 11 154 18 83 191 53 116 165 44 115 135 44 171 44 28 175 42 147 24 156 84 63 204 142 179 10 53 116 59 103 19 153 158 28 60 171 11 115 179 19 14 221 144 36 198 17 59 154 34 165 14 195 163 80 166 82 44 9 56 23 17 29 18 36 30 38 41 37 42 55 60 39 46 44 17 6 0 13 27 95 86 69 71 78 78 62 55 48 40 36 37 50 57 57 48 47
15 182 26 34 111 3 167 7 100 204 63 129 182 55 114 134 55 187 38 15 188 38 163 31 172 72 75 220 147 192 8 64 129 54 116 32 166 169 41 54 187 20 129 192 7 24 237 160 49 211 29 54 171 38 182 23 212 179 91 182 93 50 21 69 12 6 42 31 49 43 49 51 49 52 66 74 52 59 57 30 6 13 0 15 97 88 80 82 88 91 78 71 64 56 53 50 64 70 73 65 63
0 196 12 48 125 18 181 13 114 218 78 143 196 71 114 134 69 201 38 7 202 39 177 46 186 57 90 234 148 206 23 76 143 55 130 46 180 163 55 55 201 34 143 206 9 38 251 175 63 225 44 55 185 43 196 37 226 194 95 196 105 64 36 82 9 13 56 45 63 57 65 65 64 67 78 88 66 71 71 44 21 27 15 0 97 88 84 86 100 105 92 85 79 70 67 64 79 84 88 79 77
97 214 104 125 98 97 153 95 134 157 136 82 214 117 22 41 130 220 63 103 175 61 196 118 157 101 127 253 58 145 102 139 82 147 83 97 94 74 95 57 220 106 86 145 94 93 269 193 83 197 110 147 159 130 214 109 244 212 34 215 60 131 93 72 89 92 77 86 108 102 123 127 117 114 67 75 79 69 77 88 98 95 97 97 0 9 28 41 67 77 92 89 92 99 99 105 118 122 120 111 105
88 205 95 116 89 88 144 86 125 159 127 82 205 108 30 50 122 211 54 94 166 52 187 109 148 93 118 244 60 147 93 130 82 138 77 88 96 76 86 48 211 97 85 147 85 84 260 184 74 188 101 138 150 122 205 100 235 203 28 206 53 122 84 63 80 83 68 77 99 93 114 118 108 105 58 66 70 60 68 79 89 86 88 88 9 0 20 32 58 69 83 80 83 90 90 96 109 114 111 102 96
84 188 91 99 73 79 128 84 109 164 111 67 188 92 49 69 105 194 50 89 150 48 170 93 132 93 101 227 73 152 80 114 67 128 62 71 101 89 70 47 194 80 70 152 80 67 244 167 57 172 84 128 134 105 188 83 218 186 13 189 39 106 68 46 76 82 51 60 82 76 97 101 92 88 41 50 53 44 51 63 76 69 80 84 28 20 0 16 42 53 66 64 67 73 74 79 93 97 94 85 79
86 179 98 101 59 81 114 86 100 151 112 68 179 93 61 81 106 185 57 92 136 54 161 94 118 104 103 218 77 139 81 115 68 130 54 73 107 94 71 58 185 82 67 139 83 69 235 158 57 158 86 130 120 106 180 85 209 177 10 180 31 107 69 37 78 84 53 62 84 78 99 103 93 90 36 39 51 41 49 64 78 71 82 86 41 32 16 0 28 39 53 55 63 71 75 81 94 98 95 86 77
100 156 110 97 32 87 87 92 76 124 100 47 156 75 88 107 101 161 69 103 108 66 137 91 91 126 80 194 81 112 88 105 47 132 34 69 87 85 66 85 161 84 46 112 93 75 211 135 46 131 82 132 93 103 156 87 186 153 37 156 11 103 68 24 91 90 48 58 75 72 93 99 84 79 28 21 41 34 37 61 84 78 88 100 67 58 42 28 0 11 26 32 42 51 60 66 72 76 73 64 53
105 149 117 97 21 91 77 96 65 114 93 39 149 68 98 118 93 154 81 106 98 77 130 91 80 138 73 187 86 102 88 98 39 133 26 67 76 106 62 95 154 84 38 102 96 78 204 127 43 121 82 133 95 103 149 88 179 146 47 149 17 97 68 28 98 95 50 58 68 65 86 93 77 72 33 18 41 39 35 61 84 78 91 105 77 69 53 39 11 0 19 25 35 44 53 59 65 69 66 57 46
92 130 104 79 39 78 95 83 50 132 74 57 130 49 112 132 75 135 74 93 116 71 112 72 98 132 54 168 103 120 72 79 57 119 44 50 94 124 45 87 135 69 56 120 84 65 185 109 30 139 64 119 100 85 130 72 160 128 62 130 34 79 53 22 86 82 37 44 50 47 68 74 58 53 26 20 29 29 22 46 68 62 78 92 92 83 66 53 26 19 0 7 15 23 34 41 46 50 47 38 27
85 127 97 72 46 71 101 76 47 138 75 64 127 46 110 129 70 132 71 86 123 67 108 66 105 128 51 165 112 126 65 77 64 112 51 43 101 130 38 83 132 62 63 126 77 58 182 106 23 145 57 112 113 78 127 66 157 125 63 127 41 72 47 19 80 75 31 37 43 40 61 67 54 50 24 18 24 26 19 39 61 55 71 85 89 80 64 55 32 25 7 0 10 19 27 34 43 47 44 35 24
79 122 90 65 56 64 112 69 43 148 66 74 122 37 113 132 61 128 69 80 133 66 104 61 108 126 42 161 120 136 58 69 74 104 61 36 111 141 32 82 128 55 73 136 70 52 178 101 17 155 53 104 107 71 123 59 152 120 72 123 51 63 40 27 73 68 24 30 34 32 52 59 45 41 28 26 18 23 17 33 54 48 64 79 92 83 67 63 42 35 15 10 0 9 19 25 34 38 35 26 15
70 126 82 57 64 56 120 61 47 157 53 82 126 28 120 139 52 132 72 71 141 68 108 52 117 118 34 165 129 145 50 60 82 95 69 28 119 149 24 84 132 47 82 145 62 44 182 105 18 164 44 95 115 63 126 51 156 124 80 127 60 54 32 35 65 60 21 22 25 23 43 50 36 32 37 34 20 30 25 24 46 40 56 70 99 90 73 71 51 44 23 19 9 0 10 16 25 29 26 17 10
67 135 78 52 73 52 130 57 54 166 49 91 135 23 120 140 44 141 68 68 150 67 117 44 127 114 35 174 136 154 46 51 91 87 78 24 128 158 17 85 141 42 90 154 58 40 191 114 20 173 36 87 126 58 135 45 165 133 84 136 68 47 28 44 61 56 20 18 18 15 35 42 28 23 43 42 26 35 32 21 42 36 53 67 99 90 74 75 60 53 34 27 19 10 0 9 22 30 27 18 16
64 144 76 46 79 48 137 55 61 172 42 97 144 16 126 145 37 149 70 65 156 69 125 39 133 121 28 182 142 160 47 45 97 81 84 20 134 164 13 87 149 38 97 160 56 40 199 123 26 179 30 81 132 52 144 39 174 142 89 144 75 38 26 50 60 54 26 20 9 9 29 35 21 16 49 48 32 41 38 20 43 37 50 64 105 96 79 81 66 59 41 34 25 16 9 0 15 22 27 25 22
79 128 86 49 85 62 132 69 54 177 34 103 128 11 139 158 34 134 84 74 159 82 110 45 128 136 14 167 153 166 58 38 103 82 90 32 140 170 26 101 134 44 102 166 70 53 184 107 39 185 37 82 127 54 128 45 158 126 103 129 80 40 40 60 75 69 40 34 13 16 28 34 17 12 61 59 45 54 49 34 57 50 64 79 118 109 93 94 72 65 46 43 34 25 22 15 0 8 12 15 24
84 123 94 56 89 70 126 74 56 181 38 107 123 18 143 163 40 128 92 81 153 90 104 53 122 141 5 161 157 169 65 42 107 90 94 39 144 174 33 108 128 52 106 169 75 60 178 101 43 186 45 90 121 62 123 53 152 120 107 123 84 47 47 64 79 73 44 42 20 23 35 42 25 20 65 63 49 58 53 41 65 57 70 84 122 114 97 98 76 69 50 47 38 29 30 22 8 0 6 14 20
88 117 98 60 86 73 120 78 42 179 45 104 117 23 140 160 46 122 89 85 147 88 99 57 116 135 9 155 154 167 69 50 104 93 91 44 141 171 38 106 122 56 103 167 79 61 172 96 40 180 48 93 115 66 117 57 147 115 104 117 81 51 49 61 82 77 41 39 25 27 39 45 29 24 62 60 46 55 50 42 63 57 73 88 120 111 94 95 73 66 47 44 35 26 27 27 12 6 0 8 14
79 121 90 60 77 64 122 69 47 170 45 95 121 21 131 151 45 127 80 80 149 79 103 54 119 126 17 160 145 158 59 49 95 93 82 37 132 162 32 97 127 53 94 158 70 52 176 100 32 183 46 93 118 65 121 54 151 119 95 121 72 51 40 52 73 68 32 30 23 25 39 45 29 23 53 51 37 46 41 33 54 48 65 79 111 102 85 86 64 57 38 35 26 17 18 25 15 14 8 0 7
77 124 89 64 67 63 117 68 39 159 52 85 124 27 126 145 53 130 79 78 144 75 106 58 113 124 24 163 135 147 57 57 85 101 72 35 122 151 31 91 130 54 84 147 69 50 180 103 25 166 50 101 112 70 124 57 154 122 86 125 62 58 38 42 72 67 27 29 29 28 46 53 36 31 42 40 30 39 34 31 53 47 63 77 105 96 79 77 53 46 27 24 15 10 16 22 24 20 14 7 0