0 33 151 36 198 79 66 226 17 39 188 177 119 84 180 21 204 126 46 227 70 37 136 186 86 150 74 134 63 44 137 151 196 67 148 128 211 179 102 150 38 150 36 72 148 40 204 43 188 106 188 60 188 78 78 142 60 163 68 189 228 64 36 82 9 13 56 45 63 57 65 65 64 67 78 88 66 71 71 44 21 27 15 0 97 88 84 86 100 105 92 85 79 70 67 64 79 84 88 79 77
33 0 145 64 188 101 36 217 35 21 178 168 121 95 170 15 198 153 20 221 41 13 163 177 109 144 43 128 32 19 131 145 186 46 167 122 201 169 104 144 13 144 19 45 142 26 198 14 178 108 178 31 178 48 101 136 31 184 41 180 218 32 30 77 36 28 50 41 44 44 37 36 43 46 76 82 60 67 65 40 24 26 27 33 121 112 95 97 99 99 84 77 70 62 57 51 58 66 69 67 69
151 145 0 168 191 117 140 220 138 163 181 171 53 90 173 142 130 117 137 153 142 133 127 180 105 6 145 25 140 132 24 0 189 118 73 33 204 172 53 6 140 6 126 172 16 121 130 149 181 49 181 131 181 139 116 26 157 71 130 111 221 143 114 73 144 141 95 104 114 111 132 138 123 118 79 64 87 84 81 107 130 124 137 151 106 100 85 77 57 47 65 71 81 90 99 105 111 114 112 103 92
36 64 168 0 234 59 98 263 53 67 224 214 130 76 216 57 221 116 82 244 103 73 125 222 74 167 106 148 96 80 151 168 232 103 135 142 247 215 113 167 77 167 72 98 162 76 221 75 224 117 224 95 224 112 55 156 89 151 104 202 264 95 72 101 45 49 93 81 99 93 101 100 100 103 92 109 90 89 95 80 57 64 51 36 85 76 77 88 111 122 116 112 115 107 103 100 115 120 124 115 113
198 188 191 234 0 215 169 101 186 207 12 29 182 190 30 187 148 249 176 161 163 176 259 24 205 190 164 176 173 171 179 191 9 143 239 170 33 20 169 190 179 190 171 204 189 164 148 185 12 166 12 162 12 158 215 184 188 251 160 156 103 171 159 146 193 188 146 150 144 146 163 168 148 143 151 145 142 146 140 152 173 167 184 198 216 207 191 182 158 151 132 129 125 128 138 146 131 125 119 123 126
79 101 117 59 215 0 121 243 70 112 205 195 84 30 197 86 176 61 105 199 125 94 70 203 21 116 132 97 118 101 100 117 213 108 82 91 228 196 67 116 104 116 90 144 102 92 176 114 205 71 205 113 205 132 6 98 129 98 117 157 245 123 86 70 71 73 70 79 101 95 117 120 110 107 66 74 72 68 70 81 79 79 79 79 30 23 30 41 67 78 91 88 85 92 92 98 111 115 112 104 98
66 36 140 98 169 121 0 198 59 39 159 149 125 103 151 42 206 162 21 219 7 31 171 157 117 139 13 123 5 23 126 140 167 24 176 117 182 150 106 139 24 139 35 36 138 35 206 26 159 110 159 10 159 15 121 131 20 200 14 166 199 4 43 79 63 57 52 44 27 31 9 3 19 24 78 81 61 69 67 45 45 42 51 66 129 120 103 105 101 95 76 69 61 52 44 37 36 44 47 47 55
226 217 220 263 101 243 198 0 215 235 91 81 210 218 83 215 87 277 204 100 191 204 287 89 233 219 193 205 202 200 208 220 99 172 268 199 114 82 197 219 207 219 199 232 217 192 87 213 91 195 91 190 91 187 243 212 216 279 188 94 19 200 188 175 221 216 174 178 172 175 191 196 176 171 179 173 171 174 168 180 202 196 212 226 245 236 219 210 186 179 160 157 153 157 166 174 159 153 147 152 155
17 35 138 53 186 70 59 215 0 46 176 166 104 77 168 19 190 118 40 213 62 30 128 175 77 137 69 120 56 36 124 138 184 56 139 114 199 167 87 137 37 137 26 75 135 29 190 46 176 91 176 50 176 69 70 128 63 155 58 177 216 61 25 67 9 6 45 38 52 47 54 57 54 57 63 74 51 56 58 34 12 17 11 17 89 80 77 79 85 92 80 74 67 59 55 54 69 73 76 67 66
39 21 163 67 207 112 39 235 46 0 196 186 140 112 188 27 216 160 34 239 44 32 169 195 119 163 47 146 38 36 149 163 205 60 181 140 219 187 122 163 25 163 37 30 161 44 216 19 196 127 196 43 196 53 112 154 25 201 52 202 237 36 49 95 42 40 69 59 62 61 48 42 55 60 94 100 79 86 84 58 39 43 38 39 130 121 112 114 117 118 101 94 87 79 74 69 72 80 84 83 86
188 178 181 224 12 205 159 91 176 196 0 19 171 179 18 177 138 239 165 151 153 165 248 12 195 180 154 166 163 161 169 181 10 133 229 160 24 12 159 180 168 180 160 194 179 154 138 174 0 156 0 151 1 148 205 174 177 240 150 146 92 161 149 136 182 177 136 139 134 136 152 157 138 133 140 135 132 136 130 142 163 157 174 188 206 197 180 171 148 141 122 119 114 118 127 136 120 114 109 113 116
177 168 171 214 29 195 149 81 166 186 19 0 161 169 2 166 128 228 155 141 142 155 238 13 184 170 144 156 153 151 159 171 27 123 219 150 42 24 148 170 158 170 150 183 168 144 128 164 19 146 19 141 19 138 194 164 167 230 139 135 82 151 139 126 172 167 125 129 123 126 142 147 127 122 130 124 122 125 120 131 153 147 163 177 196 187 170 161 137 130 112 108 104 108 117 125 110 104 99 103 106
119 121 53 130 182 84 125 210 104 140 171 161 0 57 163 113 128 86 113 151 127 110 96 170 72 52 130 31 122 109 34 53 180 103 60 25 195 163 20 52 118 52 102 154 45 97 128 125 171 20 171 113 171 124 84 39 139 67 115 109 212 128 90 47 110 109 71 81 99 96 117 123 108 103 50 47 63 56 60 84 103 96 107 119 72 67 52 45 25 33 50 56 66 75 84 90 96 99 97 88 77
84 95 90 76 190 30 103 218 77 112 179 169 57 0 171 86 150 61 93 173 106 83 71 178 17 89 113 70 102 88 74 90 187 90 73 65 202 170 40 89 93 89 76 134 73 74 150 105 179 44 179 93 179 111 30 69 119 90 98 130 220 106 67 45 76 82 51 60 82 76 97 101 92 88 41 49 53 43 51 62 76 69 80 84 29 20 3 14 41 51 65 63 66 73 74 79 92 97 94 85 79
180 170 173 216 30 197 151 83 168 188 18 2 163 171 0 169 130 231 157 143 145 157 240 11 187 172 146 158 155 153 161 173 27 125 221 152 41 26 151 172 160 172 152 185 170 146 130 166 18 148 18 143 17 140 197 166 169 232 142 138 84 153 141 128 174 169 128 131 126 128 144 149 130 124 132 127 124 128 122 134 155 149 166 180 198 189 172 163 140 133 114 111 106 110 119 128 112 106 101 105 108
21 15 142 57 187 86 42 215 19 27 177 166 113 86 169 0 195 134 27 218 46 18 143 175 93 141 53 125 39 25 128 142 185 48 159 119 200 168 96 141 18 141 19 57 140 24 195 28 177 101 177 36 177 53 86 133 45 176 46 178 217 39 26 74 21 15 48 38 47 44 42 41 46 49 73 79 57 65 63 37 11 17 11 21 104 96 86 88 96 96 81 74 67 59 56 51 61 68 72 68 66
204 198 130 221 148 176 206 87 190 216 138 128 128 150 130 195 0 209 189 23 206 186 219 136 165 129 207 117 209 185 120 130 146 183 179 111 161 129 116 129 193 129 179 242 127 174 0 201 138 112 138 183 138 201 176 124 226 189 195 42 88 214 167 126 196 193 148 157 167 164 198 204 188 183 132 117 140 137 133 160 182 176 189 204 176 167 151 137 110 99 117 124 134 143 151 158 170 165 159 161 156
126 153 117 116 249 61 162 277 118 160 239 228 86 61 231 134 209 0 151 232 165 142 9 237 45 114 172 104 161 147 99 117 247 148 72 99 262 230 89 114 151 114 135 193 101 133 209 163 239 93 239 151 239 169 66 98 177 70 157 190 279 164 126 104 119 121 110 119 140 135 156 160 150 147 100 108 112 102 110 121 127 128 126 126 34 42 61 73 100 110 124 122 125 132 132 138 151 155 152 144 138
46 20 137 82 176 105 21 204 40 34 165 155 113 93 157 27 189 151 0 213 25 11 161 164 107 136 32 119 18 4 123 137 174 33 165 114 189 157 96 136 8 136 17 45 134 18 189 15 165 100 165 15 165 33 105 127 30 182 25 171 206 23 27 69 43 37 42 32 32 32 21 20 25 33 68 74 52 59 57 31 27 24 31 46 118 109 93 94 91 91 72 66 61 52 44 39 45 53 57 54 58
227 221 153 244 161 199 219 100 213 239 151 141 151 173 143 218 23 232 213 0 219 209 242 149 188 152 220 140 222 208 143 153 159 196 203 134 174 142 140 152 216 152 202 254 151 197 23 225 151 136 151 214 151 214 199 148 239 212 208 55 101 227 190 149 219 217 171 180 196 187 211 217 200 195 155 140 163 160 157 183 205 200 213 227 199 190 174 160 133 123 141 147 157 166 175 181 183 177 172 174 168
70 41 142 103 163 125 7 191 62 44 153 142 127 106 145 46 206 165 25 219 0 36 175 151 121 141 8 124 11 28 128 142 161 24 179 119 176 144 109 141 29 141 39 41 139 38 206 32 153 111 153 14 152 8 125 132 25 201 13 166 193 8 47 82 67 62 56 48 29 34 11 6 19 25 81 87 65 73 70 48 51 46 56 70 132 123 106 108 103 96 77 72 64 55 46 39 36 42 48 47 55
37 13 133 73 176 94 31 204 30 32 165 155 110 83 157 18 186 142 11 209 36 0 152 164 98 133 43 116 28 8 119 133 174 33 156 110 188 156 92 133 10 133 7 51 131 15 186 21 165 97 165 24 165 43 94 124 36 172 32 169 206 34 19 65 35 29 39 29 32 31 29 31 30 33 64 70 49 56 54 28 15 14 23 37 109 100 83 85 87 88 72 66 59 51 45 39 45 53 57 54 57
136 163 127 125 259 70 171 287 128 169 248 238 96 71 240 143 219 9 161 242 175 152 0 247 55 124 182 114 170 157 109 127 257 158 58 108 272 240 99 124 161 124 145 203 111 143 219 173 248 103 248 161 248 179 76 108 187 67 166 199 289 174 136 114 128 131 120 128 150 145 165 170 160 156 110 118 121 112 120 131 137 137 136 136 44 52 71 83 110 120 134 132 135 142 142 148 161 165 162 153 148
186 177 180 222 24 203 157 89 175 195 12 13 170 178 11 175 136 237 164 149 151 164 247 0 193 179 153 164 162 160 168 180 22 132 227 159 36 24 157 179 167 179 159 192 177 152 136 173 12 154 12 150 12 146 203 172 176 239 148 144 91 159 147 135 181 176 134 138 132 135 151 156 136 131 139 133 131 134 128 140 162 156 172 186 204 195 179 170 146 139 120 117 113 117 126 134 119 113 107 111 115
86 109 105 74 205 21 117 233 77 119 195 184 72 17 187 93 165 45 107 188 121 98 55 193 0 104 128 85 116 103 89 105 203 104 63 80 218 186 55 104 107 104 91 149 89 89 165 119 195 59 195 107 194 125 26 86 133 78 113 146 235 120 82 60 78 81 66 75 96 91 111 116 106 102 56 64 67 58 66 77 86 83 86 86 12 3 17 29 56 66 80 78 81 88 88 94 107 111 108 99 94
150 144 6 167 190 116 139 219 137 163 180 170 52 89 172 141 129 114 136 152 141 133 124 179 104 0 144 24 139 131 22 6 188 117 68 31 203 171 52 0 139 0 125 172 13 120 129 148 180 48 180 130 180 138 116 23 156 67 129 110 220 142 113 72 143 140 95 103 113 110 131 137 122 117 78 63 86 83 80 106 129 123 136 150 100 99 84 77 56 46 64 70 80 89 98 104 110 114 111 102 91
74 43 145 106 164 132 13 193 69 47 154 144 130 113 146 53 207 172 32 220 8 43 182 153 128 144 0 127 17 35 131 145 162 30 186 122 177 145 116 144 36 144 46 44 142 45 207 35 154 114 154 21 154 8 131 135 28 204 19 167 194 11 54 89 74 68 63 55 35 40 17 12 25 30 88 92 72 80 77 55 58 53 63 74 139 130 113 115 106 99 80 78 69 60 52 45 39 43 51 50 58
134 128 25 148 176 97 123 205 120 146 166 156 31 70 158 125 117 104 119 140 124 116 114 164 85 24 127 0 123 115 5 25 174 101 70 10 189 157 33 24 123 24 109 155 16 104 117 132 166 29 166 114 166 121 97 10 140 74 113 97 206 126 97 56 126 123 78 87 97 94 115 121 105 100 62 47 70 67 63 90 112 106 120 134 87 80 66 58 38 29 47 54 64 73 81 88 93 97 94 85 75
63 32 140 96 173 118 5 202 56 38 163 153 122 102 155 39 209 161 18 222 11 28 170 162 116 139 17 123 0 21 126 140 171 27 175 117 186 154 105 139 22 139 32 35 138 32 209 24 163 110 163 9 163 19 118 131 19 191 17 169 203 7 40 78 60 54 51 43 30 31 11 6 22 27 77 80 60 68 66 43 42 39 48 63 128 119 102 104 100 94 76 69 61 52 44 38 39 47 50 50 58
44 19 132 80 171 101 23 200 36 36 161 151 109 88 153 25 185 147 4 208 28 8 157 160 103 131 35 115 21 0 118 132 169 29 161 109 184 152 92 131 10 131 14 49 130 14 185 19 161 96 161 15 161 35 100 123 34 178 23 167 202 26 22 65 42 36 38 28 27 27 19 23 22 29 64 69 48 55 53 27 23 20 30 44 114 105 88 90 86 87 68 61 57 48 40 34 41 49 52 50 54
137 131 24 151 179 100 126 208 124 149 169 159 34 74 161 128 120 99 123 143 128 119 109 168 89 22 131 5 126 118 0 24 177 104 64 13 192 160 37 22 126 22 112 158 11 107 120 135 169 33 169 117 169 125 100 5 143 68 116 101 209 129 100 59 130 127 81 90 100 97 118 124 109 104 65 50 73 70 67 93 116 110 123 137 85 84 69 61 41 33 51 57 67 76 85 91 97 100 98 89 78
151 145 0 168 191 117 140 220 138 163 181 171 53 90 173 142 130 117 137 153 142 133 127 180 105 6 145 25 140 132 24 0 189 118 73 33 204 172 53 6 140 6 126 172 16 121 130 149 181 49 181 131 181 139 116 26 157 71 130 111 221 143 114 73 144 141 95 104 114 111 132 138 123 118 79 64 87 84 81 107 130 124 137 151 106 100 85 77 57 47 65 71 81 90 99 105 111 114 112 103 92
196 186 189 232 9 213 167 99 184 205 10 27 180 187 27 185 146 247 174 159 161 174 257 22 203 188 162 174 171 169 177 189 0 141 237 168 31 18 167 188 176 188 169 202 187 162 146 182 10 164 10 159 10 156 213 182 186 248 158 154 101 169 157 144 191 186 144 147 142 144 160 166 146 141 149 143 140 144 138 150 171 165 182 196 214 205 188 180 156 149 130 127 122 126 135 144 128 123 117 121 124
67 46 118 103 143 108 24 172 56 60 133 123 103 90 125 48 183 148 33 196 24 33 158 132 104 117 30 101 27 29 104 118 141 0 162 95 156 124 90 117 36 117 33 59 116 29 183 42 133 88 133 19 133 23 108 109 43 177 12 143 173 27 34 67 62 56 39 31 7 14 15 22 5 1 66 66 49 58 54 31 45 40 51 67 115 106 90 91 79 72 53 50 41 33 24 17 13 20 24 24 31
148 167 73 135 239 82 176 268 139 181 229 219 60 73 221 159 179 72 165 203 179 156 58 227 63 68 186 70 175 161 64 73 237 162 0 72 252 220 74 68 165 68 149 207 65 147 179 177 229 73 229 165 229 183 88 62 191 25 171 160 269 178 140 95 140 142 119 133 150 145 170 174 164 156 98 97 111 104 107 135 148 142 147 148 58 60 73 77 81 86 103 112 120 129 136 142 153 157 154 145 135
128 122 33 142 170 91 117 199 114 140 160 150 25 65 152 119 111 99 114 134 119 110 108 159 80 31 122 10 117 109 13 33 168 95 72 0 183 151 28 31 117 31 103 149 24 98 111 126 160 24 160 108 160 116 91 18 134 83 107 92 200 120 91 50 120 118 72 81 91 88 109 115 100 95 56 41 64 61 58 84 107 101 114 128 81 75 60 52 32 24 42 48 58 67 76 82 87 91 89 80 69
211 201 204 247 33 228 182 114 199 219 24 42 195 202 41 200 161 262 189 174 176 188 272 36 218 203 177 189 186 184 192 204 31 156 252 183 0 33 182 203 191 203 183 217 202 177 161 197 24 179 24 174 24 171 228 197 200 263 173 169 115 184 172 159 205 200 159 162 157 159 175 181 161 156 163 158 155 159 153 165 186 180 197 211 229 220 203 194 171 164 145 142 137 141 150 159 143 138 132 136 139
179 169 172 215 20 196 150 82 167 187 12 24 163 170 26 168 129 230 157 142 144 156 240 24 186 171 145 157 154 152 160 172 18 124 220 151 33 0 150 171 159 171 151 185 170 145 129 165 12 147 12 142 12 139 196 165 168 231 141 137 83 152 140 127 173 168 127 130 125 127 143 149 129 124 131 126 123 127 121 133 154 148 165 179 197 188 171 162 139 132 113 110 105 109 118 127 111 106 100 104 107
102 104 53 113 169 67 106 197 87 122 159 148 20 40 151 96 116 89 96 140 109 92 99 157 55 52 116 33 105 92 37 53 167 90 74 28 182 150 0 52 101 52 85 137 48 80 116 108 159 7 159 96 159 111 66 41 122 81 103 97 199 108 73 29 93 92 54 63 85 80 100 104 96 90 33 32 46 39 42 66 86 79 90 102 56 50 35 27 12 21 37 43 54 62 71 77 83 87 84 75 64
150 144 6 167 190 116 139 219 137 163 180 170 52 89 172 141 129 114 136 152 141 133 124 179 104 0 144 24 139 131 22 6 188 117 68 31 203 171 52 0 139 0 125 172 13 120 129 148 180 48 180 130 180 138 116 23 156 67 129 110 220 142 113 72 143 140 95 103 113 110 131 137 122 117 78 63 86 83 80 106 129 123 136 150 100 99 84 77 56 46 64 70 80 89 98 104 110 114 111 102 91
38 13 140 77 179 104 24 207 37 25 168 158 118 93 160 18 193 151 8 216 29 10 161 167 107 139 36 123 22 10 126 140 176 36 165 117 191 159 101 139 0 139 17 43 138 22 193 12 168 106 168 19 168 36 104 131 28 182 29 172 209 23 27 74 41 35 48 36 36 36 24 24 31 36 73 79 57 65 63 35 26 24 29 38 118 109 93 95 96 94 76 69 62 54 49 43 48 56 60 59 61
150 144 6 167 190 116 139 219 137 163 180 170 52 89 172 141 129 114 136 152 141 133 124 179 104 0 144 24 139 131 22 6 188 117 68 31 203 171 52 0 139 0 125 172 13 120 129 148 180 48 180 130 180 138 116 23 156 67 129 110 220 142 113 72 143 140 95 103 113 110 131 137 122 117 78 63 86 83 80 106 129 123 136 150 100 99 84 77 56 46 64 70 80 89 98 104 110 114 111 102 91
36 19 126 72 171 90 35 199 26 37 160 150 102 76 152 19 179 135 17 202 39 7 145 159 91 125 46 109 32 14 112 126 169 33 149 103 183 151 85 125 17 125 0 58 124 7 179 28 160 89 160 26 160 45 89 117 43 166 34 161 201 37 11 58 31 25 31 22 33 27 31 34 30 35 57 63 41 49 47 21 14 10 21 36 102 93 77 78 80 80 65 58 51 43 39 34 45 53 57 52 50
72 45 172 98 204 144 36 232 75 30 194 183 154 134 185 57 242 193 45 254 41 51 203 192 149 172 44 155 35 49 158 172 202 59 207 149 217 185 137 172 43 172 58 0 170 61 242 34 194 142 194 42 193 50 144 163 16 223 49 202 234 33 68 110 75 70 84 76 62 63 45 39 54 59 109 112 93 101 98 76 68 65 67 72 160 151 134 136 132 127 108 101 93 84 76 71 71 79 83 82 90
148 142 16 162 189 102 138 217 135 161 179 168 45 73 170 140 127 101 134 151 139 131 111 177 89 13 142 16 138 130 11 16 187 116 65 24 202 170 48 13 138 13 124 170 0 119 127 146 179 44 179 128 178 136 102 11 154 64 127 108 219 141 112 71 141 138 93 102 111 109 130 136 120 115 77 62 85 82 78 105 127 121 134 148 87 87 72 72 52 44 62 69 79 87 96 102 108 112 109 100 90
40 26 121 76 164 92 35 192 29 44 154 144 97 74 146 24 174 133 18 197 38 15 143 152 89 120 45 104 32 14 107 121 162 29 147 98 177 145 80 120 22 120 7 61 119 0 174 30 154 84 154 24 154 42 92 112 46 164 32 155 194 37 10 53 35 29 26 17 24 20 29 33 27 29 52 58 36 44 42 16 19 13 26 40 100 91 74 76 75 75 58 51 45 36 31 27 37 44 48 45 43
204 198 130 221 148 176 206 87 190 216 138 128 128 150 130 195 0 209 189 23 206 186 219 136 165 129 207 117 209 185 120 130 146 183 179 111 161 129 116 129 193 129 179 242 127 174 0 201 138 112 138 183 138 201 176 124 226 189 195 42 88 214 167 126 196 193 148 157 167 164 198 204 188 183 132 117 140 137 133 160 182 176 189 204 176 167 151 137 110 99 117 124 134 143 151 158 170 165 159 161 156
43 14 149 75 185 114 26 213 46 19 174 164 125 105 166 28 201 163 15 225 32 21 173 173 119 148 35 132 24 19 135 149 182 42 177 126 197 165 108 148 12 148 28 34 146 30 201 0 174 112 174 25 174 40 114 139 19 194 35 184 215 24 38 81 46 41 54 45 44 45 30 27 37 42 80 86 64 71 70 44 35 34 38 43 130 122 105 106 103 103 85 78 71 63 58 52 54 62 66 65 70
188 178 181 224 12 205 159 91 176 196 0 19 171 179 18 177 138 239 165 151 153 165 248 12 195 180 154 166 163 161 169 181 10 133 229 160 24 12 159 180 168 180 160 194 179 154 138 174 0 156 0 151 1 148 205 174 177 240 150 146 92 161 149 136 182 177 136 139 134 136 152 157 138 133 140 135 132 136 130 142 163 157 174 188 206 197 180 171 148 141 122 119 114 118 127 136 120 114 109 113 116
106 108 49 117 166 71 110 195 91 127 156 146 20 44 148 101 112 93 100 136 111 97 103 154 59 48 114 29 110 96 33 49 164 88 73 24 179 147 7 48 106 48 89 142 44 84 112 112 156 0 156 100 156 108 71 37 126 80 99 93 196 112 78 34 97 96 58 68 83 81 101 108 92 87 37 33 50 43 47 71 90 83 94 106 60 54 39 32 12 17 34 41 51 59 68 74 80 84 81 72 62
188 178 181 224 12 205 159 91 176 196 0 19 171 179 18 177 138 239 165 151 153 165 248 12 195 180 154 166 163 161 169 181 10 133 229 160 24 12 159 180 168 180 160 194 179 154 138 174 0 156 0 151 1 148 205 174 177 240 150 146 92 161 149 136 182 177 136 139 134 136 152 157 138 133 140 135 132 136 130 142 163 157 174 188 206 197 180 171 148 141 122 119 114 118 127 136 120 114 109 113 116
60 31 131 95 162 113 10 190 50 43 151 141 113 93 143 36 183 151 15 214 14 24 161 150 107 130 21 114 9 15 117 131 159 19 165 108 174 142 96 130 19 130 26 42 128 24 183 25 151 100 151 0 151 20 112 121 26 182 11 161 192 13 33 68 56 50 42 34 21 22 7 9 14 19 67 70 51 59 56 34 39 33 45 60 118 109 93 94 90 85 67 60 51 42 35 29 31 39 43 42 48
188 178 181 224 12 205 159 91 176 196 1 19 171 179 17 177 138 239 165 151 152 165 248 12 194 180 154 166 163 161 169 181 10 133 229 160 24 12 159 180 168 180 160 193 178 154 138 174 1 156 1 151 0 148 204 174 177 240 150 146 92 161 149 136 182 177 135 139 134 136 152 157 138 132 140 135 132 135 130 142 163 157 173 188 206 197 180 171 148 141 122 119 114 118 127 136 120 114 109 113 116
78 48 139 112 158 132 15 187 69 53 148 138 124 111 140 53 201 169 33 214 8 43 179 146 125 138 8 121 19 35 125 139 156 23 183 116 171 139 111 138 36 138 45 50 136 42 201 40 148 108 148 20 148 0 131 129 34 198 16 161 188 17 51 86 75 69 60 52 32 37 14 14 22 24 85 89 72 77 77 52 58 53 63 78 136 127 111 112 100 93 74 75 66 53 49 42 34 38 45 45 52
78 101 116 55 215 6 121 243 70 112 205 194 84 30 197 86 176 66 105 199 125 94 76 203 26 116 131 97 118 100 100 116 213 108 88 91 228 196 66 116 104 116 89 144 102 92 176 114 205 71 205 112 204 131 0 98 129 104 117 157 245 123 86 70 71 73 70 79 100 95 117 119 110 106 66 74 71 68 70 81 79 79 78 78 36 29 30 41 67 78 90 88 85 92 92 98 111 115 112 103 98
142 136 26 156 184 98 131 212 128 154 174 164 39 69 166 133 124 98 127 148 132 124 108 172 86 23 135 10 131 123 5 26 182 109 62 18 197 165 41 23 131 23 117 163 11 112 124 139 174 37 174 121 174 129 98 0 148 66 121 105 214 134 105 64 134 131 86 95 105 102 123 129 113 108 70 55 78 75 71 98 120 114 127 142 84 83 68 66 45 37 55 62 72 81 89 96 101 105 102 93 83
60 31 157 89 188 129 20 216 63 25 177 167 139 119 169 45 226 177 30 239 25 36 187 176 133 156 28 140 19 34 143 157 186 43 191 134 200 168 122 156 28 156 43 16 154 46 226 19 177 126 177 26 177 34 129 148 0 208 33 186 218 17 53 95 63 58 68 60 46 48 29 23 39 44 94 96 77 85 82 60 52 50 54 60 144 135 119 120 116 111 93 86 77 68 61 55 56 63 67 67 74
163 184 71 151 251 98 200 279 155 201 240 230 67 90 232 176 189 70 182 212 201 172 67 239 78 67 204 74 191 178 68 71 248 177 25 83 263 231 81 67 182 67 166 223 64 164 189 194 240 80 240 182 240 198 104 66 208 0 189 170 281 195 157 111 156 158 135 149 173 170 191 198 182 177 114 123 128 120 124 152 165 158 169 163 74 76 89 94 85 106 124 130 141 149 158 164 170 174 171 162 151
68 41 130 104 160 117 14 188 58 52 150 139 115 98 142 46 195 157 25 208 13 32 166 148 113 129 19 113 17 23 116 130 158 12 171 107 173 141 103 129 29 129 34 49 127 32 195 35 150 99 150 11 150 16 117 121 33 189 0 155 190 17 41 76 64 58 47 40 17 22 5 11 7 13 75 75 58 66 63 40 47 41 53 68 124 115 98 100 91 84 65 60 52 43 34 27 25 32 36 36 43
189 180 111 202 156 157 166 94 177 202 146 135 109 130 138 178 42 190 171 55 166 169 199 144 146 110 167 97 169 167 101 111 154 143 160 92 169 137 97 110 172 110 161 202 108 155 42 184 146 93 146 161 146 161 157 105 186 170 155 0 96 174 150 107 183 178 129 140 144 142 158 164 148 143 113 98 121 118 114 143 164 158 175 189 157 148 132 118 91 80 98 105 110 119 129 135 130 125 119 121 116
228 218 221 264 103 245 199 19 216 237 92 82 212 220 84 217 88 279 206 101 193 206 289 91 235 220 194 206 203 202 209 221 101 173 269 200 115 83 199 220 209 220 201 234 219 194 88 215 92 196 92 192 92 188 245 214 218 281 190 96 0 201 189 176 223 218 176 180 174 176 193 198 178 173 181 175 172 176 170 182 203 197 214 228 246 237 221 212 188 181 162 159 155 158 168 176 161 155 149 153 156
64 32 143 95 171 123 4 200 61 36 161 151 128 106 153 39 214 164 23 227 8 34 174 159 120 142 11 126 7 26 129 143 169 27 178 120 184 152 108 142 23 142 37 33 141 37 214 24 161 112 161 13 161 17 123 134 17 195 17 174 201 0 45 81 62 56 55 47 30 34 12 7 22 28 80 83 64 72 69 47 47 44 50 64 131 122 106 107 103 97 79 72 63 54 47 38 40 47 51 51 58
36 30 114 72 159 86 43 188 25 49 149 139 90 67 141 26 167 126 27 190 47 19 136 147 82 113 54 97 40 22 100 114 157 34 140 91 172 140 73 113 27 113 11 68 112 10 167 38 149 78 149 33 149 51 86 105 53 157 41 150 189 45 0 46 31 25 20 10 26 21 37 42 35 32 45 51 29 37 35 9 15 9 21 36 93 84 68 69 68 68 53 47 40 32 28 26 40 47 49 40 38
82 77 73 101 146 70 79 175 67 95 136 126 47 45 128 74 126 104 69 149 82 65 114 135 60 72 89 56 78 65 59 73 144 67 95 50 159 127 29 72 74 72 58 110 71 53 126 81 136 34 136 68 136 86 70 64 95 111 76 107 176 81 46 0 73 72 27 36 58 53 73 77 69 64 8 10 19 12 14 39 62 56 69 82 72 63 46 37 24 28 22 19 27 35 44 50 60 64 61 52 42
9 36 144 45 193 71 63 221 9 42 182 172 110 76 174 21 196 119 43 219 67 35 128 181 78 143 74 126 60 42 130 144 191 62 140 120 205 173 93 143 41 143 31 75 141 35 196 46 182 97 182 56 182 75 71 134 63 156 64 183 223 62 31 73 0 6 51 45 58 53 60 62 60 63 69 80 57 62 64 40 18 23 12 9 89 80 76 78 91 98 86 80 73 65 61 60 75 79 82 73 72
13 28 141 49 188 73 57 216 6 40 177 167 109 82 169 15 193 121 37 217 62 29 131 176 81 140 68 123 54 36 127 141 186 56 142 118 200 168 92 140 35 140 25 70 138 29 193 41 177 96 177 50 177 69 73 131 58 158 58 178 218 56 25 72 6 0 46 35 52 47 54 56 54 57 68 77 56 61 61 34 12 17 6 13 92 83 82 84 90 95 82 75 68 60 56 54 69 73 77 68 67
56 50 95 93 146 70 52 174 45 69 136 125 71 51 128 48 148 110 42 171 56 39 120 134 66 95 63 78 51 38 81 95 144 39 119 72 159 127 54 95 48 95 31 84 93 26 148 54 136 58 136 42 135 60 70 86 68 135 47 129 176 55 20 27 51 46 0 10 31 27 46 51 41 37 26 32 9 17 16 13 35 29 42 56 77 68 51 53 48 50 37 31 24 21 20 26 40 44 41 32 27
45 41 104 81 150 79 44 178 38 59 139 129 81 60 131 38 157 119 32 180 48 29 128 138 75 103 55 87 43 28 90 104 147 31 133 81 162 130 63 103 36 103 22 76 102 17 157 45 139 68 139 34 139 52 79 95 60 149 40 140 180 47 10 36 45 35 10 0 23 18 38 43 33 29 35 41 19 27 25 3 24 18 31 45 86 77 60 62 58 58 44 37 30 22 18 20 34 42 39 30 29
63 44 114 99 144 101 27 172 52 62 134 123 99 82 126 47 167 140 32 196 29 32 150 132 96 113 35 97 30 27 100 114 142 7 150 91 157 125 85 113 36 113 33 62 111 24 167 44 134 83 134 21 134 32 100 105 46 173 17 144 174 30 26 58 58 52 31 23 0 5 18 25 11 6 57 57 40 49 45 23 42 36 49 63 108 99 82 84 75 68 50 43 34 25 18 9 13 20 25 23 29
57 44 111 93 146 95 31 175 47 61 136 126 96 76 128 44 164 135 32 187 34 31 145 135 91 110 40 94 31 27 97 111 144 14 145 88 159 127 80 110 36 110 27 63 109 20 164 45 136 81 136 22 136 37 95 102 48 170 22 142 176 34 21 53 53 47 27 18 5 0 23 29 16 10 52 55 35 44 40 18 36 30 43 57 102 93 76 78 72 65 47 40 32 23 15 9 16 23 27 25 28
65 37 132 101 163 117 9 191 54 48 152 142 117 97 144 42 198 156 21 211 11 29 165 151 111 131 17 115 11 19 118 132 160 15 170 109 175 143 100 131 24 131 31 45 130 29 198 30 152 101 152 7 152 14 117 123 29 191 5 158 193 12 37 73 60 54 46 38 18 23 0 7 10 16 72 75 55 63 61 39 43 38 49 65 123 114 97 99 93 86 68 61 52 43 35 29 28 35 39 39 46
65 36 138 100 168 120 3 196 57 42 157 147 123 101 149 41 204 160 20 217 6 31 170 156 116 137 12 121 6 23 124 138 166 22 174 115 181 149 104 137 24 137 34 39 136 33 204 27 157 108 157 9 157 14 119 129 23 198 11 164 198 7 42 77 62 56 51 43 25 29 7 0 17 22 76 79 60 68 65 43 46 41 51 65 127 118 101 103 99 93 74 67 59 50 42 35 34 42 45 45 53
64 43 123 100 148 110 19 176 54 55 138 127 108 92 130 46 188 150 25 200 19 30 160 136 106 122 25 105 22 22 109 123 146 5 164 100 161 129 96 122 31 122 30 54 120 27 188 37 138 92 138 14 138 22 110 113 39 182 7 148 178 22 35 69 60 54 41 33 11 16 10 17 0 6 68 68 51 60 56 33 43 37 49 64 117 108 92 93 84 77 58 54 45 36 28 21 17 25 29 29 36
67 46 118 103 143 107 24 171 57 60 133 122 103 88 124 49 183 147 33 195 25 33 156 131 102 117 30 100 27 29 104 118 141 1 156 95 156 124 90 117 36 117 35 59 115 29 183 42 133 87 133 19 132 24 106 108 44 177 13 143 173 28 32 64 63 57 37 29 6 10 16 22 6 0 63 64 46 54 51 30 45 42 52 67 114 105 88 90 79 72 53 50 41 32 23 16 12 20 24 23 31
78 76 79 92 151 66 78 179 63 94 140 130 50 41 132 73 132 100 68 155 81 64 110 139 56 78 88 62 77 64 65 79 149 66 98 56 163 131 33 78 73 78 57 109 77 52 132 80 140 37 140 67 140 85 66 70 94 114 75 113 181 80 45 8 69 68 26 35 57 52 72 76 68 63 0 17 18 8 14 38 61 55 66 78 67 58 41 36 28 33 26 24 28 37 43 49 61 65 62 53 42
88 82 64 109 145 74 81 173 74 100 135 124 47 49 127 79 117 108 74 140 87 70 118 133 64 63 92 47 80 69 50 64 143 66 97 41 158 126 32 63 79 63 63 112 62 58 117 86 135 33 135 70 135 89 74 55 96 123 75 98 175 83 51 10 80 77 32 41 57 55 75 79 68 64 17 0 24 20 17 44 66 60 74 88 75 66 50 39 21 18 20 18 26 34 42 48 59 63 60 51 40
66 60 87 90 142 72 61 171 51 79 132 122 63 53 124 57 140 112 52 163 65 49 121 131 67 86 72 70 60 48 73 87 140 49 111 64 155 123 46 86 57 86 41 93 85 36 140 64 132 50 132 51 132 72 71 78 77 128 58 121 172 64 29 19 57 56 9 19 40 35 55 60 51 46 18 24 0 9 7 22 45 39 52 66 79 70 53 51 41 41 29 24 18 20 26 32 45 49 46 37 30
71 67 84 89 146 68 69 174 56 86 136 125 56 43 128 65 137 102 59 160 73 56 112 134 58 83 80 67 68 55 70 84 144 58 104 61 159 127 39 83 65 83 49 101 82 44 137 71 136 43 136 59 135 77 68 75 85 120 66 118 176 72 37 12 62 61 17 27 49 44 63 68 60 54 8 20 9 0 7 30 52 46 59 71 69 60 44 41 34 39 29 26 23 30 35 41 54 58 55 46 39
71 65 81 95 140 70 67 168 58 84 130 120 60 51 122 63 133 110 57 157 70 54 120 128 66 80 77 63 66 53 67 81 138 54 107 58 153 121 42 80 63 80 47 98 78 42 133 70 130 47 130 56 130 77 70 71 82 124 63 114 170 69 35 14 64 61 16 25 45 40 61 65 56 51 14 17 7 7 0 28 50 44 57 71 77 68 51 49 37 35 22 19 17 25 32 38 49 53 50 41 34
44 40 107 80 152 81 45 180 34 58 142 131 84 62 134 37 160 121 31 183 48 28 131 140 77 106 55 90 43 27 93 107 150 31 135 84 165 133 66 106 35 106 21 76 105 16 160 44 142 71 142 34 142 52 81 98 60 152 40 143 182 47 9 39 40 34 13 3 23 18 39 43 33 30 38 44 22 30 28 0 23 17 30 44 88 79 63 64 61 61 46 39 33 24 21 20 34 41 42 33 31
21 24 130 57 173 79 45 202 12 39 163 153 103 76 155 11 182 127 27 205 51 15 137 162 86 129 58 112 42 23 116 130 171 45 148 107 186 154 86 129 26 129 14 68 127 19 182 35 163 90 163 39 163 58 79 120 52 165 47 164 203 47 15 62 18 12 35 24 42 36 43 46 43 45 61 66 45 52 50 23 0 6 6 21 98 89 76 78 84 84 68 61 54 46 42 43 57 65 63 54 53
27 26 124 64 167 79 42 196 17 43 157 147 96 69 149 17 176 128 24 200 46 14 137 156 83 123 53 106 39 20 110 124 165 40 142 101 180 148 79 123 24 123 10 65 121 13 176 34 157 83 157 33 157 53 79 114 50 158 41 158 197 44 9 56 23 17 29 18 36 30 38 41 37 42 55 60 39 46 44 17 6 0 13 27 95 86 69 71 78 78 62 55 48 40 36 37 50 57 57 48 47
15 27 137 51 184 79 51 212 11 38 174 163 107 80 166 11 189 126 31 213 56 23 136 172 86 136 63 120 48 30 123 137 182 51 147 114 197 165 90 136 29 136 21 67 134 26 189 38 174 94 174 45 173 63 78 127 54 169 53 175 214 50 21 69 12 6 42 31 49 43 49 51 49 52 66 74 52 59 57 30 6 13 0 15 97 88 80 82 88 91 78 71 64 56 53 50 64 70 73 65 63
0 33 151 36 198 79 66 226 17 39 188 177 119 84 180 21 204 126 46 227 70 37 136 186 86 150 74 134 63 44 137 151 196 67 148 128 211 179 102 150 38 150 36 72 148 40 204 43 188 106 188 60 188 78 78 142 60 163 68 189 228 64 36 82 9 13 56 45 63 57 65 65 64 67 78 88 66 71 71 44 21 27 15 0 97 88 84 86 100 105 92 85 79 70 67 64 79 84 88 79 77
97 121 106 85 216 30 129 245 89 130 206 196 72 29 198 104 176 34 118 199 132 109 44 204 12 100 139 87 128 114 85 106 214 115 58 81 229 197 56 100 118 100 102 160 87 100 176 130 206 60 206 118 206 136 36 84 144 74 124 157 246 131 93 72 89 92 77 86 108 102 123 127 117 114 67 75 79 69 77 88 98 95 97 97 0 9 28 41 67 77 92 89 92 99 99 105 118 122 120 111 105
88 112 100 76 207 23 120 236 80 121 197 187 67 20 189 96 167 42 109 190 123 100 52 195 3 99 130 80 119 105 84 100 205 106 60 75 220 188 50 99 109 99 93 151 87 91 167 122 197 54 197 109 197 127 29 83 135 76 115 148 237 122 84 63 80 83 68 77 99 93 114 118 108 105 58 66 70 60 68 79 89 86 88 88 9 0 20 32 58 69 83 80 83 90 90 96 109 114 111 102 96
84 95 85 77 191 30 103 219 77 112 180 170 52 3 172 86 151 61 93 174 106 83 71 179 17 84 113 66 102 88 69 85 188 90 73 60 203 171 35 84 93 84 77 134 72 74 151 105 180 39 180 93 180 111 30 68 119 89 98 132 221 106 68 46 76 82 51 60 82 76 97 101 92 88 41 50 53 44 51 63 76 69 80 84 28 20 0 16 42 53 66 64 67 73 74 79 93 97 94 85 79
86 97 77 88 182 41 105 210 79 114 171 161 45 14 163 88 137 73 94 160 108 85 83 170 29 77 115 58 104 90 61 77 180 91 77 52 194 162 27 77 95 77 78 136 72 76 137 106 171 32 171 94 171 112 41 66 120 94 100 118 212 107 69 37 78 84 53 62 84 78 99 103 93 90 36 39 51 41 49 64 78 71 82 86 41 32 16 0 28 39 53 55 63 71 75 81 94 98 95 86 77
100 99 57 111 158 67 101 186 85 117 148 137 25 41 140 96 110 100 91 133 103 87 110 146 56 56 106 38 100 86 41 57 156 79 81 32 171 139 12 56 96 56 80 132 52 75 110 103 148 12 148 90 148 100 67 45 116 85 91 91 188 103 68 24 91 90 48 58 75 72 93 99 84 79 28 21 41 34 37 61 84 78 88 100 67 58 42 28 0 11 26 32 42 51 60 66 72 76 73 64 53
105 99 47 122 151 78 95 179 92 118 141 130 33 51 133 96 99 110 91 123 96 88 120 139 66 46 99 29 94 87 33 47 149 72 86 24 164 132 21 46 94 46 80 127 44 75 99 103 141 17 141 85 141 93 78 37 111 106 84 80 181 97 68 28 98 95 50 58 68 65 86 93 77 72 33 18 41 39 35 61 84 78 91 105 77 69 53 39 11 0 19 25 35 44 53 59 65 69 66 57 46
92 84 65 116 132 91 76 160 80 101 122 112 50 65 114 81 117 124 72 141 77 72 134 120 80 64 80 47 76 68 51 65 130 53 103 42 145 113 37 64 76 64 65 108 62 58 117 85 122 34 122 67 122 74 90 55 93 124 65 98 162 79 53 22 86 82 37 44 50 47 68 74 58 53 26 20 29 29 22 46 68 62 78 92 92 83 66 53 26 19 0 7 15 23 34 41 46 50 47 38 27
85 77 71 112 129 88 69 157 74 94 119 108 56 63 111 74 124 122 66 147 72 66 132 117 78 70 78 54 69 61 57 71 127 50 112 48 142 110 43 70 69 70 58 101 69 51 124 78 119 41 119 60 119 75 88 62 86 130 60 105 159 72 47 19 80 75 31 37 43 40 61 67 54 50 24 18 24 26 19 39 61 55 71 85 89 80 64 55 32 25 7 0 10 19 27 34 43 47 44 35 24
79 70 81 115 125 85 61 153 67 87 114 104 66 66 106 67 134 125 61 157 64 59 135 113 81 80 69 64 61 57 67 81 122 41 120 58 137 105 54 80 62 80 51 93 79 45 134 71 114 51 114 51 114 66 85 72 77 141 52 110 155 63 40 27 73 68 24 30 34 32 52 59 45 41 28 26 18 23 17 33 54 48 64 79 92 83 67 63 42 35 15 10 0 9 19 25 34 38 35 26 15
70 62 90 107 128 92 52 157 59 79 118 108 75 73 110 59 143 132 52 166 55 51 142 117 88 89 60 73 52 48 76 90 126 33 129 67 141 109 62 89 54 89 43 84 87 36 143 63 118 59 118 42 118 53 92 81 68 149 43 119 158 54 32 35 65 60 21 22 25 23 43 50 36 32 37 34 20 30 25 24 46 40 56 70 99 90 73 71 51 44 23 19 9 0 10 16 25 29 26 17 10
67 57 99 103 138 92 44 166 55 74 127 117 84 74 119 56 151 132 44 175 46 45 142 126 88 98 52 81 44 40 85 99 135 24 136 76 150 118 71 98 49 98 39 76 96 31 151 58 127 68 127 35 127 49 92 89 61 158 34 129 168 47 28 44 61 56 20 18 18 15 35 42 28 23 43 42 26 35 32 21 42 36 53 67 99 90 74 75 60 53 34 27 19 10 0 9 22 30 27 18 16
64 51 105 100 146 98 37 174 54 69 136 125 90 79 128 51 158 138 39 181 39 39 148 134 94 104 45 88 38 34 91 105 144 17 142 82 159 127 77 104 43 104 34 71 102 27 158 52 136 74 136 29 136 42 98 96 55 164 27 135 176 38 26 50 60 54 26 20 9 9 29 35 21 16 49 48 32 41 38 20 43 37 50 64 105 96 79 81 66 59 41 34 25 16 9 0 15 22 27 25 22
79 58 111 115 131 111 36 159 69 72 120 110 96 92 112 61 170 151 45 183 36 45 161 119 107 110 39 93 39 41 97 111 128 13 153 87 143 111 83 110 48 110 45 71 108 37 170 54 120 80 120 31 120 34 111 101 56 170 25 130 161 40 40 60 75 69 40 34 13 16 28 34 17 12 61 59 45 54 49 34 57 50 64 79 118 109 93 94 72 65 46 43 34 25 22 15 0 8 12 15 24
84 66 114 120 125 115 44 153 73 80 114 104 99 97 106 68 165 155 53 177 42 53 165 113 111 114 43 97 47 49 100 114 123 20 157 91 138 106 87 114 56 114 53 79 112 44 165 62 114 84 114 39 114 38 115 105 63 174 32 125 155 47 47 64 79 73 44 42 20 23 35 42 25 20 65 63 49 58 53 41 65 57 70 84 122 114 97 98 76 69 50 47 38 29 30 22 8 0 6 14 20
88 69 112 124 119 112 47 147 76 84 109 99 97 94 101 72 159 152 57 172 48 57 162 107 108 111 51 94 50 52 98 112 117 24 154 89 132 100 84 111 60 111 57 83 109 48 159 66 109 81 109 43 109 45 112 102 67 171 36 119 149 51 49 61 82 77 41 39 25 27 39 45 29 24 62 60 46 55 50 42 63 57 73 88 120 111 94 95 73 66 47 44 35 26 27 27 12 6 0 8 14
79 67 103 115 123 104 47 152 67 83 113 103 88 85 105 68 161 144 54 174 47 54 153 111 99 102 50 85 50 50 89 103 121 24 145 80 136 104 75 102 59 102 52 82 100 45 161 65 113 72 113 42 113 45 103 93 67 162 36 121 153 51 40 52 73 68 32 30 23 25 39 45 29 23 53 51 37 46 41 33 54 48 65 79 111 102 85 86 64 57 38 35 26 17 18 25 15 14 8 0 7
77 69 92 113 126 98 55 155 66 86 116 106 77 79 108 66 156 138 58 168 55 57 148 115 94 91 58 75 58 54 78 92 124 31 135 69 139 107 64 91 61 91 50 90 90 43 156 70 116 62 116 48 116 52 98 83 74 151 43 116 156 58 38 42 72 67 27 29 29 28 46 53 36 31 42 40 30 39 34 31 53 47 63 77 105 96 79 77 53 46 27 24 15 10 16 22 24 20 14 7 0