0 38 191 199 89 63 106 198 72 77 198 81 193 66 181 193 28 109 8 52 114 229 193 87 206 63 228 82 201 207 196 199 186 226 41 67 181 191 91 200 125 241 79 191 98 70 196 92 228 226 60 67 177 119 177 43 226 88 58 197 89 64 36 82 9 13 56 45 63 57 65 65 64 67 78 88 66 71 71 44 21 27 15 0 97 88 84 86 100 105 92 85 79 70 67 64 79 84 88 79 77
38 0 191 191 72 29 138 198 37 78 189 113 184 40 172 184 33 108 30 84 120 220 184 104 206 33 219 83 193 207 187 191 186 218 16 35 180 183 124 191 126 233 74 183 95 36 187 92 219 218 35 36 169 127 169 8 218 85 52 188 87 30 36 83 41 36 56 47 48 48 35 35 42 47 82 87 66 73 71 46 32 33 33 38 127 118 101 103 104 105 89 82 75 67 61 55 59 67 70 70 74
191 191 0 137 142 195 185 7 219 118 136 157 131 167 119 131 164 113 199 166 129 41 131 138 173 177 76 114 140 174 134 137 153 74 177 187 147 130 161 138 81 54 121 130 100 187 134 103 76 74 173 176 116 116 116 189 74 109 235 135 107 191 155 114 184 181 136 145 161 152 175 182 165 160 120 104 127 125 121 148 170 164 177 191 164 155 139 125 98 87 105 112 122 130 139 145 148 142 136 139 133
199 191 137 0 126 176 237 141 205 147 1 209 7 151 20 7 168 110 207 198 115 105 7 191 247 165 104 149 2 249 5 0 228 102 178 168 222 9 215 3 134 117 130 9 140 168 4 148 103 102 157 163 31 183 31 186 102 131 247 2 133 172 160 148 194 189 147 151 145 148 164 169 149 144 152 146 144 147 141 153 175 169 185 199 217 208 192 183 159 152 133 130 126 130 139 147 132 126 120 124 128
89 72 142 126 0 56 146 149 85 65 125 118 120 33 108 120 62 43 94 104 49 156 120 103 173 43 155 68 129 174 123 126 153 153 60 49 148 119 124 127 61 169 46 119 60 52 123 69 155 153 39 42 105 103 105 68 153 51 122 124 53 53 53 68 85 79 48 46 26 29 41 47 31 26 69 66 52 61 57 47 71 63 75 89 126 117 101 102 79 72 53 50 41 33 34 28 14 7 7 15 22
63 29 195 176 56 0 153 201 31 79 174 125 169 22 157 169 44 93 55 97 97 205 169 110 201 13 204 83 178 202 172 176 181 203 24 7 175 168 131 176 114 218 69 168 88 10 172 88 204 203 22 15 154 128 154 23 203 77 73 173 79 4 46 83 61 55 57 49 33 37 15 10 25 31 82 85 66 74 71 49 46 45 49 63 133 124 108 109 105 100 81 75 66 57 49 41 43 50 54 54 61
106 138 185 237 146 153 0 191 171 91 236 36 230 138 219 230 106 149 113 54 154 267 230 53 176 142 266 89 239 177 233 237 130 264 127 150 125 229 32 238 133 279 108 229 108 154 233 99 265 264 136 145 215 98 215 141 264 106 139 235 108 151 113 91 98 100 97 105 127 121 142 146 137 133 87 95 98 89 96 108 106 106 106 106 36 33 50 61 88 98 111 109 112 118 119 124 138 142 139 130 124
198 198 7 141 149 201 191 0 226 124 140 164 135 174 123 135 170 120 206 173 136 45 135 144 179 184 80 121 143 181 138 141 160 78 183 194 154 133 168 142 88 57 128 133 107 194 138 110 80 78 180 183 119 122 119 196 78 116 242 139 114 198 161 120 191 188 143 151 168 158 182 188 172 167 126 111 134 131 128 154 177 171 184 198 170 161 145 132 104 94 112 118 128 137 146 152 154 149 143 145 140
72 37 219 205 85 31 171 226 0 105 204 152 198 52 187 198 66 122 64 118 127 235 198 137 227 43 234 110 207 229 202 205 208 232 45 37 202 197 158 206 138 247 95 197 114 40 201 115 233 232 48 44 183 154 183 34 232 104 67 203 106 33 68 110 75 70 84 76 62 63 45 39 54 59 109 112 93 101 98 76 68 65 67 72 160 151 134 136 132 127 108 101 93 84 76 71 71 79 83 82 90
77 78 118 147 65 79 91 124 105 0 146 63 141 66 129 141 50 59 84 59 64 177 141 47 132 68 176 5 150 134 144 147 113 174 64 76 107 140 69 148 67 190 21 140 27 80 144 20 176 174 62 71 126 49 126 76 174 17 122 145 18 77 41 6 68 67 22 32 53 48 68 72 64 59 5 13 14 7 11 35 57 51 64 77 72 63 46 40 27 32 22 19 25 33 39 46 57 61 58 49 38
198 189 136 1 125 174 236 140 204 146 0 208 5 150 19 5 167 109 205 197 114 104 5 190 246 164 103 148 3 248 4 1 227 101 177 167 221 8 214 3 133 116 129 8 139 167 2 147 102 101 156 162 29 182 29 185 101 130 245 1 132 171 159 146 193 188 146 150 144 146 163 168 148 143 151 145 142 146 140 152 173 167 184 198 216 207 191 182 158 151 132 129 125 128 138 146 131 125 119 123 126
81 113 157 209 118 125 36 164 152 63 208 0 202 110 191 202 82 121 89 30 126 239 202 25 157 115 238 61 211 159 206 209 112 236 102 122 107 201 13 210 106 251 80 201 80 126 206 72 238 236 109 118 187 77 187 122 236 78 119 207 80 123 85 63 74 76 69 78 99 94 114 119 109 105 59 67 70 61 69 80 82 82 81 81 17 11 22 34 60 71 83 81 84 91 91 97 110 114 111 103 97
193 184 131 7 120 169 230 135 198 141 5 202 0 144 14 0 161 103 200 192 108 98 0 185 241 159 97 143 9 242 3 7 221 95 171 161 216 2 208 7 127 111 123 2 134 161 3 142 97 95 150 156 24 176 24 179 95 124 240 4 126 166 154 141 187 182 140 144 138 141 157 162 142 137 145 140 137 140 135 147 168 162 178 193 211 202 185 176 152 145 127 124 119 123 132 141 125 119 114 118 121
66 40 167 151 33 22 138 174 52 66 150 110 144 0 133 144 39 68 66 91 80 181 144 96 181 9 180 70 153 183 148 151 161 178 28 16 156 143 116 152 86 193 49 143 68 20 147 71 179 178 6 9 129 111 129 35 178 58 92 149 60 19 36 70 62 56 42 34 12 17 7 13 2 8 69 70 52 61 58 34 44 39 51 66 119 110 93 94 87 80 60 55 47 38 29 22 19 27 31 30 38
181 172 119 20 108 157 219 123 187 129 19 191 14 133 0 14 150 92 188 180 97 87 14 173 229 147 86 131 22 231 17 20 209 84 160 150 204 12 197 21 116 99 112 12 122 150 17 130 85 84 139 145 12 165 12 168 84 113 228 18 115 154 142 129 176 171 129 133 127 129 146 151 131 126 134 128 125 129 123 135 156 150 167 181 199 190 174 165 141 134 115 112 108 111 121 129 114 108 102 106 109
193 184 131 7 120 169 230 135 198 141 5 202 0 144 14 0 161 103 200 192 108 98 0 185 241 159 97 143 9 242 3 7 221 95 171 161 216 2 208 7 127 111 123 2 134 161 3 142 97 95 150 156 24 176 24 179 95 124 240 4 126 166 154 141 187 182 140 144 138 141 157 162 142 137 145 140 137 140 135 147 168 162 178 193 211 202 185 176 152 145 127 124 119 123 132 141 125 119 114 118 121
28 33 164 168 62 44 106 170 66 50 167 82 161 39 150 161 0 78 35 52 83 198 161 72 178 37 197 55 170 179 165 168 158 195 21 43 153 160 92 169 94 210 47 160 67 48 165 65 197 195 33 40 146 96 146 35 195 60 74 166 61 44 8 55 24 18 29 18 35 30 37 40 37 41 54 60 38 46 44 17 7 0 14 28 95 86 69 71 77 77 61 54 48 39 36 37 49 56 57 48 46
109 108 113 110 43 93 149 120 122 59 109 121 103 68 92 103 78 0 116 110 22 140 103 103 146 82 139 61 112 147 107 110 126 137 95 85 121 102 127 111 32 152 42 102 52 85 106 60 138 137 74 80 88 91 88 103 137 43 150 108 45 89 70 59 104 99 59 60 62 62 81 86 66 61 64 58 56 59 53 63 84 78 95 109 129 120 104 95 70 59 45 42 38 41 49 56 49 43 37 41 34
8 30 199 207 94 55 113 206 64 84 205 89 200 66 188 200 35 116 0 59 121 236 200 94 213 59 235 89 209 215 203 207 194 234 40 60 188 199 99 207 132 249 86 199 106 62 203 100 235 234 61 62 185 126 185 35 234 95 51 205 97 56 43 89 16 21 64 53 67 64 61 61 66 69 85 95 74 78 79 52 28 35 22 8 105 96 91 94 107 113 100 93 86 78 74 72 81 88 92 86 85
52 84 166 198 104 97 54 173 118 59 197 30 192 91 180 192 52 110 59 0 115 228 192 35 181 90 227 63 200 182 195 198 139 225 73 96 133 190 40 199 115 240 70 190 85 100 195 78 227 225 85 93 177 86 177 87 225 74 89 196 76 97 59 64 44 47 57 60 82 77 90 93 90 88 55 72 59 52 58 61 53 53 52 52 45 36 32 43 70 80 79 75 74 76 77 79 93 100 98 89 83
114 120 129 115 49 97 154 136 127 64 114 126 108 80 97 108 83 22 121 115 0 145 108 108 162 87 144 66 117 163 112 115 142 142 106 90 136 107 132 116 48 157 47 107 57 90 112 65 143 142 86 85 93 96 93 115 142 48 155 113 50 94 75 65 109 104 64 66 67 67 85 91 78 73 69 63 61 64 58 68 89 83 100 114 134 125 109 100 76 65 50 47 43 47 54 61 54 56 42 47 39
229 220 41 105 156 205 267 45 235 177 104 239 98 181 87 98 198 140 236 228 145 0 98 221 205 195 44 179 107 214 101 105 194 42 208 198 189 97 245 106 164 12 160 97 170 198 101 178 43 42 187 193 83 213 83 216 42 161 276 103 163 202 190 177 224 219 177 181 175 177 194 199 179 174 182 176 173 177 171 183 204 198 215 229 247 238 222 213 189 182 163 160 156 159 169 177 162 156 150 154 157
193 184 131 7 120 169 230 135 198 141 5 202 0 144 14 0 161 103 200 192 108 98 0 185 241 159 97 143 9 242 3 7 221 95 171 161 216 2 208 7 127 111 123 2 134 161 3 142 97 95 150 156 24 176 24 179 95 124 240 4 126 166 154 141 187 182 140 144 138 141 157 162 142 137 145 140 137 140 135 147 168 162 178 193 211 202 185 176 152 145 127 124 119 123 132 141 125 119 114 118 121
87 104 138 191 103 110 53 144 137 47 190 25 185 96 173 185 72 103 94 35 108 221 185 0 152 100 220 44 193 154 188 191 110 218 91 107 104 183 29 192 87 233 68 183 61 112 188 54 220 218 94 103 169 57 169 107 218 60 124 189 62 108 70 45 79 84 54 63 85 79 100 104 94 91 44 49 58 49 56 65 79 72 83 87 31 22 6 15 41 52 65 63 71 79 76 82 95 99 97 88 82
206 206 173 247 173 201 176 179 227 132 246 157 241 181 229 241 178 146 213 181 162 205 241 152 0 188 276 129 250 10 244 247 68 274 191 197 52 240 145 248 127 193 136 240 115 199 244 118 276 274 182 190 226 122 226 204 274 124 249 245 122 198 169 128 199 196 150 159 169 166 187 193 178 173 134 119 142 139 136 162 185 179 192 206 145 147 152 139 112 102 120 126 136 145 154 160 166 169 167 158 147
63 33 177 165 43 13 142 184 43 68 164 115 159 9 147 159 37 82 59 90 87 195 159 100 188 0 194 73 168 189 162 165 168 192 23 9 162 158 120 166 96 208 55 158 75 13 162 78 194 192 8 3 144 118 144 28 192 64 85 163 66 10 37 73 60 54 46 38 20 24 3 5 12 18 72 76 55 64 61 39 43 38 49 63 123 114 97 99 94 87 68 62 53 44 36 28 30 37 41 41 48
228 219 76 104 155 204 266 80 234 176 103 238 97 180 86 97 197 139 235 227 144 44 97 220 276 194 0 178 106 278 100 104 257 19 207 197 251 96 244 105 163 56 159 96 169 197 100 177 20 18 186 192 82 212 82 215 18 160 275 102 162 201 189 176 223 218 176 180 174 176 193 198 178 173 181 175 172 176 170 182 203 197 214 228 246 237 221 212 188 181 162 159 155 158 168 176 161 155 149 153 156
82 83 114 149 68 83 89 121 110 5 148 61 143 70 131 143 55 61 89 63 66 179 143 44 129 73 178 0 151 130 146 149 109 176 68 80 104 142 67 150 63 191 24 142 25 85 146 17 178 176 67 76 128 45 128 81 176 18 126 147 20 81 46 2 73 71 27 36 58 53 73 77 69 64 6 12 19 12 15 39 62 56 69 82 70 61 44 35 22 28 24 21 28 36 44 50 61 65 62 53 44
201 193 140 2 129 178 239 143 207 150 3 211 9 153 22 9 170 112 209 200 117 107 9 193 250 168 106 151 0 251 6 2 230 104 180 170 224 11 217 5 136 119 132 11 142 170 6 151 106 104 159 165 33 185 33 188 104 133 249 4 135 174 162 150 196 191 149 153 147 150 166 171 151 146 154 148 146 149 143 155 177 171 187 201 220 211 194 185 161 154 135 132 128 132 141 149 134 128 122 127 130
207 207 174 249 174 202 177 181 229 134 248 159 242 183 231 242 179 147 215 182 163 214 242 154 10 189 278 130 251 0 245 249 70 276 192 198 54 241 146 249 128 202 137 241 116 201 245 119 277 276 183 191 227 123 227 205 276 125 251 247 123 199 170 130 200 197 152 161 170 167 188 195 179 174 136 120 143 141 137 164 186 180 193 207 146 148 153 141 113 103 121 128 138 146 155 161 167 171 168 159 148
196 187 134 5 123 172 233 138 202 144 4 206 3 148 17 3 165 107 203 195 112 101 3 188 244 162 100 146 6 245 0 5 224 99 174 165 219 5 211 6 130 114 127 5 137 165 3 145 100 99 154 159 27 179 27 182 99 127 243 3 129 169 157 144 190 185 144 147 142 144 160 166 146 141 148 143 140 144 138 150 171 165 182 196 214 205 188 179 156 149 130 127 122 126 135 144 128 123 117 121 124
199 191 137 0 126 176 237 141 205 147 1 209 7 151 20 7 168 110 207 198 115 105 7 191 247 165 104 149 2 249 5 0 228 102 178 168 222 9 215 3 134 117 130 9 140 168 4 148 103 102 157 163 31 183 31 186 102 131 247 2 133 172 160 148 194 189 147 151 145 148 164 169 149 144 152 146 144 147 141 153 175 169 185 199 217 208 192 183 159 152 133 130 126 130 139 147 132 126 120 124 128
186 186 153 228 153 181 130 160 208 113 227 112 221 161 209 221 158 126 194 139 142 194 221 110 68 168 257 109 230 70 224 228 0 255 171 177 28 220 99 228 107 207 116 220 95 179 224 98 256 255 162 170 206 82 206 184 255 104 230 226 102 178 149 109 179 176 131 140 149 146 167 174 158 153 114 99 122 120 116 142 165 159 172 186 99 102 107 113 92 82 100 106 117 125 134 140 146 150 147 138 127
226 218 74 102 153 203 264 78 232 174 101 236 95 178 84 95 195 137 234 225 142 42 95 218 274 192 19 176 104 276 99 102 255 0 205 195 249 94 242 103 161 54 157 94 167 195 98 176 3 1 184 190 80 210 80 213 1 158 274 100 160 199 187 175 221 216 174 178 172 175 191 196 176 171 179 173 171 174 168 180 202 196 212 226 244 235 219 210 186 179 160 157 153 157 166 174 159 153 147 151 155
41 16 177 178 60 24 127 183 45 64 177 102 171 28 160 171 21 95 40 73 106 208 171 91 191 23 207 68 180 192 174 178 171 205 0 27 166 170 112 179 105 220 59 170 78 32 174 78 206 205 23 26 156 113 156 15 205 68 68 176 70 27 23 68 38 32 42 32 32 32 25 24 30 34 67 73 51 59 57 31 20 20 26 41 114 105 88 90 90 90 72 65 58 50 45 40 46 54 58 55 57
67 35 187 168 49 7 150 194 37 76 167 122 161 16 150 161 43 85 60 96 90 198 161 107 197 9 197 80 170 198 165 168 177 195 27 0 171 160 128 169 106 210 64 160 83 6 165 86 197 195 17 7 146 127 146 28 195 73 78 166 75 4 45 80 65 59 54 46 28 33 10 3 18 25 79 82 63 71 68 46 47 44 53 67 130 121 105 106 103 96 77 70 62 53 45 38 35 43 47 46 54
181 180 147 222 148 175 125 154 202 107 221 107 216 156 204 216 153 121 188 133 136 189 216 104 52 162 251 104 224 54 219 222 28 249 166 171 0 214 94 223 101 201 111 214 90 174 219 92 251 249 157 164 201 76 201 179 249 98 224 220 97 173 144 103 173 170 125 134 144 141 162 168 152 147 109 94 117 114 110 137 159 153 167 181 94 97 101 107 87 76 94 101 111 120 128 135 140 144 141 132 122
191 183 130 9 119 168 229 133 197 140 8 201 2 143 12 2 160 102 199 190 107 97 2 183 240 158 96 142 11 241 5 9 220 94 170 160 214 0 207 10 126 109 122 0 132 160 5 141 96 94 149 155 23 175 23 178 94 123 239 7 125 165 153 140 186 181 139 143 137 140 156 161 141 136 144 138 136 139 134 145 167 161 177 191 210 201 184 175 151 144 126 122 118 122 131 139 124 118 112 117 120
91 124 161 215 124 131 32 168 158 69 214 13 208 116 197 208 92 127 99 40 132 245 208 29 145 120 244 67 217 146 211 215 99 242 112 128 94 207 0 216 110 257 86 207 85 132 211 77 243 242 115 124 193 72 193 128 242 84 129 213 86 129 91 69 84 86 75 83 105 100 120 125 115 111 65 73 76 67 74 86 92 92 91 91 5 7 26 38 65 75 89 87 90 97 97 103 116 120 117 108 103
200 191 138 3 127 176 238 142 206 148 3 210 7 152 21 7 169 111 207 199 116 106 7 192 248 166 105 150 5 249 6 3 228 103 179 169 223 10 216 0 134 118 131 10 141 169 4 149 104 103 158 164 31 184 31 187 103 132 247 3 133 173 161 148 195 190 148 151 146 148 164 170 150 145 153 147 144 148 142 154 175 169 186 200 218 209 192 184 160 153 134 131 127 130 139 148 132 127 121 125 128
125 126 81 134 61 114 133 88 138 67 133 106 127 86 116 127 94 32 132 115 48 164 127 87 127 96 163 63 136 128 130 134 107 161 105 106 101 126 110 134 0 176 51 126 49 106 130 52 162 161 92 95 112 70 112 121 161 54 166 132 56 110 86 63 120 115 71 77 80 78 94 100 84 79 68 53 65 74 70 79 100 94 111 125 112 104 88 74 46 35 54 53 47 55 65 72 67 61 55 57 52
241 233 54 117 169 218 279 57 247 190 116 251 111 193 99 111 210 152 249 240 157 12 111 233 193 208 56 191 119 202 114 117 207 54 220 210 201 109 257 118 176 0 172 109 182 210 114 191 56 54 199 205 95 225 95 228 54 173 289 115 175 214 202 190 236 231 189 193 187 190 206 211 191 186 194 188 186 189 183 195 217 211 227 241 260 251 234 225 201 194 175 172 168 172 181 189 174 168 162 166 170
79 74 121 130 46 69 108 128 95 21 129 80 123 49 112 123 47 42 86 70 47 160 123 68 136 55 159 24 132 137 127 130 116 157 59 64 111 122 86 131 51 172 0 122 23 69 127 24 159 157 50 57 108 66 108 72 157 12 119 128 14 66 39 23 73 68 23 29 37 34 55 61 48 44 25 22 17 19 13 32 53 47 65 79 88 79 63 59 40 35 17 10 6 14 21 28 38 42 39 30 19
191 183 130 9 119 168 229 133 197 140 8 201 2 143 12 2 160 102 199 190 107 97 2 183 240 158 96 142 11 241 5 9 220 94 170 160 214 0 207 10 126 109 122 0 132 160 5 141 96 94 149 155 23 175 23 178 94 123 239 7 125 165 153 140 186 181 139 143 137 140 156 161 141 136 144 138 136 139 134 145 167 161 177 191 210 201 184 175 151 144 126 122 118 122 131 139 124 118 112 117 120
98 95 100 140 60 88 108 107 114 27 139 80 134 68 122 134 67 52 106 85 57 170 134 61 115 75 169 25 142 116 137 140 95 167 78 83 90 132 85 141 49 182 23 132 0 88 137 25 169 167 69 76 118 45 118 91 167 12 140 138 9 85 60 24 92 88 43 50 56 53 74 80 67 60 31 21 34 34 28 52 74 68 84 98 87 78 62 48 21 14 7 13 23 32 40 47 53 57 54 45 34
70 36 187 168 52 10 154 194 40 80 167 126 161 20 150 161 48 85 62 100 90 198 161 112 199 13 197 85 170 201 165 168 179 195 32 6 174 160 132 169 106 210 69 160 88 0 164 91 196 195 21 11 146 129 146 30 195 77 81 166 79 7 49 85 70 64 58 50 32 37 14 8 22 27 84 89 67 75 73 50 53 48 58 70 135 126 109 110 105 98 80 75 66 57 49 42 39 45 50 50 58
196 187 134 4 123 172 233 138 201 144 2 206 3 147 17 3 165 106 203 195 112 101 3 188 244 162 100 146 6 245 3 4 224 98 174 165 219 5 211 4 130 114 127 5 137 164 0 145 100 98 153 159 27 179 27 182 98 127 243 1 129 169 157 144 190 185 143 147 142 144 160 165 146 140 148 143 140 144 138 150 171 165 182 196 214 205 188 179 156 149 130 127 122 126 135 144 128 122 117 121 124
92 92 103 148 69 88 99 110 115 20 147 72 142 71 130 142 65 60 100 78 65 178 142 54 118 78 177 17 151 119 145 148 98 176 78 86 92 141 77 149 52 191 24 141 25 91 145 0 177 176 72 79 127 46 127 90 176 18 136 146 19 86 56 17 86 82 37 46 59 56 77 83 70 66 23 6 28 27 22 49 71 65 78 92 80 71 54 44 20 17 23 20 28 36 44 50 61 65 62 53 43
228 219 76 103 155 204 265 80 233 176 102 238 97 179 85 97 197 138 235 227 143 43 97 220 276 194 20 178 106 277 100 103 256 3 206 197 251 96 243 104 162 56 159 96 169 196 100 177 0 2 185 191 82 211 82 214 2 159 275 101 161 201 189 176 222 217 175 179 174 176 192 197 177 172 180 175 172 175 170 182 203 197 213 228 246 237 220 211 188 180 162 159 154 158 167 176 160 154 149 153 156
226 218 74 102 153 203 264 78 232 174 101 236 95 178 84 95 195 137 234 225 142 42 95 218 274 192 18 176 104 276 99 102 255 1 205 195 249 94 242 103 161 54 157 94 167 195 98 176 2 0 184 190 80 210 80 213 0 158 274 100 160 199 187 175 221 216 174 178 172 175 191 196 176 171 179 173 171 174 168 180 202 196 212 226 244 235 219 210 186 179 160 157 153 157 166 174 159 153 147 151 155
60 35 173 157 39 22 136 180 48 62 156 109 150 6 139 150 33 74 61 85 86 187 150 94 182 8 186 67 159 183 154 157 162 184 23 17 157 149 115 158 92 199 50 149 69 21 153 72 185 184 0 10 135 112 135 30 184 58 86 155 60 18 31 67 55 50 41 33 15 18 7 14 8 13 66 70 49 58 55 33 38 33 45 60 117 108 91 93 88 81 63 56 47 38 31 22 25 33 37 36 44
67 36 176 163 42 15 145 183 44 71 162 118 156 9 145 156 40 80 62 93 85 193 156 103 190 3 192 76 165 191 159 163 170 190 26 7 164 155 124 164 95 205 57 155 76 11 159 79 191 190 10 0 141 120 141 31 190 66 86 161 68 11 40 76 63 57 50 42 21 26 3 6 11 18 75 78 58 67 64 42 46 41 52 67 126 117 100 102 96 89 70 63 55 46 38 31 29 36 40 40 47
177 169 116 31 105 154 215 119 183 126 29 187 24 129 12 24 146 88 185 177 93 83 24 169 226 144 82 128 33 227 27 31 206 80 156 146 201 23 193 31 112 95 108 23 118 146 27 127 82 80 135 141 0 161 0 164 80 109 225 29 111 151 139 126 172 167 125 129 123 126 142 147 127 122 130 124 122 125 120 131 153 147 163 177 196 187 170 161 137 130 112 108 104 108 117 125 110 104 99 103 106
119 127 116 183 103 128 98 122 154 49 182 77 176 111 165 176 96 91 126 86 96 213 176 57 122 118 212 45 185 123 179 183 82 210 113 127 76 175 72 184 70 225 66 175 45 129 179 46 211 210 112 120 161 0 161 125 210 54 171 181 52 128 90 47 110 109 71 81 99 96 117 123 108 103 50 47 63 56 60 84 103 96 107 119 72 67 52 45 25 33 50 56 66 75 84 90 96 99 97 88 77
177 169 116 31 105 154 215 119 183 126 29 187 24 129 12 24 146 88 185 177 93 83 24 169 226 144 82 128 33 227 27 31 206 80 156 146 201 23 193 31 112 95 108 23 118 146 27 127 82 80 135 141 0 161 0 164 80 109 225 29 111 151 139 126 172 167 125 129 123 126 142 147 127 122 130 124 122 125 120 131 153 147 163 177 196 187 170 161 137 130 112 108 104 108 117 125 110 104 99 103 106
43 8 189 186 68 23 141 196 34 76 185 122 179 35 168 179 35 103 35 87 115 216 179 107 204 28 215 81 188 205 182 186 184 213 15 28 179 178 128 187 121 228 72 178 91 30 182 90 214 213 30 31 164 125 164 0 213 80 58 184 82 24 38 81 46 41 54 45 44 45 30 27 37 42 80 86 64 71 70 44 35 34 38 43 130 122 105 106 103 103 85 78 71 63 58 52 54 62 66 65 70
226 218 74 102 153 203 264 78 232 174 101 236 95 178 84 95 195 137 234 225 142 42 95 218 274 192 18 176 104 276 99 102 255 1 205 195 249 94 242 103 161 54 157 94 167 195 98 176 2 0 184 190 80 210 80 213 0 158 274 100 160 199 187 175 221 216 174 178 172 175 191 196 176 171 179 173 171 174 168 180 202 196 212 226 244 235 219 210 186 179 160 157 153 157 166 174 159 153 147 151 155
88 85 109 131 51 77 106 116 104 17 130 78 124 58 113 124 60 43 95 74 48 161 124 60 124 64 160 18 133 125 127 131 104 158 68 73 98 123 84 132 54 173 12 123 12 77 127 18 159 158 58 66 109 54 109 80 158 0 129 129 4 74 49 17 81 77 32 40 45 43 63 70 56 51 21 15 24 24 17 42 66 60 74 88 87 78 61 52 30 23 7 3 13 21 30 36 43 47 45 36 25
58 52 235 247 122 73 139 242 67 122 245 119 240 92 228 240 74 150 51 89 155 276 240 124 249 85 275 126 249 251 243 247 230 274 68 78 224 239 129 247 166 289 119 239 140 81 243 136 275 274 86 86 225 171 225 58 274 129 0 244 131 75 80 126 64 64 100 90 95 95 87 81 94 97 125 131 110 117 115 89 67 73 65 58 134 125 121 132 148 149 134 127 120 112 107 102 109 116 120 117 119
197 188 135 2 124 173 235 139 203 145 1 207 4 149 18 4 166 108 205 196 113 103 4 189 245 163 102 147 4 247 3 2 226 100 176 166 220 7 213 3 132 115 128 7 138 166 1 146 101 100 155 161 29 181 29 184 100 129 244 0 131 170 158 145 192 187 145 149 143 146 162 167 147 142 150 144 142 145 139 151 172 166 183 197 215 206 190 181 157 150 131 128 124 127 137 145 130 124 118 122 125
89 87 107 133 53 79 108 114 106 18 132 80 126 60 115 126 61 45 97 76 50 163 126 62 122 66 162 20 135 123 129 133 102 160 70 75 97 125 86 133 56 175 14 125 9 79 129 19 161 160 60 68 111 52 111 82 160 4 131 131 0 76 52 18 83 79 34 42 47 45 65 72 58 52 23 17 25 25 19 44 68 62 75 89 88 79 62 54 28 21 4 5 15 23 32 38 45 49 46 37 27
64 30 191 172 53 4 151 198 33 77 171 123 166 19 154 166 44 89 56 97 94 202 166 108 198 10 201 81 174 199 169 172 178 199 27 4 173 165 129 173 110 214 66 165 85 7 169 86 201 199 18 11 151 128 151 24 199 74 75 170 76 0 45 81 62 56 55 47 30 34 12 7 22 28 80 83 64 72 69 47 47 44 50 64 131 122 106 107 103 97 79 72 63 54 47 38 40 47 51 51 58
36 36 155 160 53 46 113 161 68 41 159 85 154 36 142 154 8 70 43 59 75 190 154 70 169 37 189 46 162 170 157 160 149 187 23 45 144 153 91 161 86 202 39 153 60 49 157 56 189 187 31 40 139 90 139 38 187 49 80 158 52 45 0 46 31 25 20 10 26 21 37 42 35 32 45 51 29 37 35 9 15 9 21 36 93 84 68 69 68 68 53 47 40 32 28 26 40 47 49 40 38
82 83 114 148 68 83 91 120 110 6 146 63 141 70 129 141 55 59 89 64 65 177 141 45 128 73 176 2 150 130 144 148 109 175 68 80 103 140 69 148 63 190 23 140 24 85 144 17 176 175 67 76 126 47 126 81 175 17 126 145 18 81 46 0 73 72 27 36 58 53 73 77 69 64 8 10 19 12 14 39 62 56 69 82 72 63 46 37 24 28 22 19 27 35 44 50 60 64 61 52 42
9 41 184 194 85 61 98 191 75 68 193 74 187 62 176 187 24 104 16 44 109 224 187 79 199 60 223 73 196 200 190 194 179 221 38 65 173 186 84 195 120 236 73 186 92 70 190 86 222 221 55 63 172 110 172 46 221 81 64 192 83 62 31 73 0 6 51 45 58 53 60 62 60 63 69 80 57 62 64 40 18 23 12 9 89 80 76 78 91 98 86 80 73 65 61 60 75 79 82 73 72
13 36 181 189 79 55 100 188 70 67 188 76 182 56 171 182 18 99 21 47 104 219 182 84 196 54 218 71 191 197 185 189 176 216 32 59 170 181 86 190 115 231 68 181 88 64 185 82 217 216 50 57 167 109 167 41 216 77 64 187 79 56 25 72 6 0 46 35 52 47 54 56 54 57 68 77 56 61 61 34 12 17 6 13 92 83 82 84 90 95 82 75 68 60 56 54 69 73 77 68 67
56 56 136 147 48 57 97 143 84 22 146 69 140 42 129 140 29 59 64 57 64 177 140 54 150 46 176 27 149 152 144 147 131 174 42 54 125 139 75 148 71 189 23 139 43 58 143 37 175 174 41 50 125 71 125 54 174 32 100 145 34 55 20 27 51 46 0 10 31 27 46 51 41 37 26 32 9 17 16 13 35 29 42 56 77 68 51 53 48 50 37 31 24 21 20 26 40 44 41 32 27
45 47 145 151 46 49 105 151 76 32 150 78 144 34 133 144 18 60 53 60 66 181 144 63 159 38 180 36 153 161 147 151 140 178 32 46 134 143 83 151 77 193 29 143 50 50 147 46 179 178 33 42 129 81 129 45 178 40 90 149 42 47 10 36 45 35 10 0 23 18 38 43 33 29 35 41 19 27 25 3 24 18 31 45 86 77 60 62 58 58 44 37 30 22 18 20 34 42 39 30 29
63 48 161 145 26 33 127 168 62 53 144 99 138 12 127 138 35 62 67 82 67 175 138 85 169 20 174 58 147 170 142 145 149 172 32 28 144 137 105 146 80 187 37 137 56 32 142 59 174 172 15 21 123 99 123 44 172 45 95 143 47 30 26 58 58 52 31 23 0 5 18 25 11 6 57 57 40 49 45 23 42 36 49 63 108 99 82 84 75 68 50 43 34 25 18 9 13 20 25 23 29
57 48 152 148 29 37 121 158 63 48 146 94 141 17 129 141 30 62 64 77 67 177 141 79 166 24 176 53 150 167 144 148 146 175 32 33 141 140 100 148 78 190 34 140 53 37 144 56 176 175 18 26 126 96 126 45 175 43 95 146 45 34 21 53 53 47 27 18 5 0 23 29 16 10 52 55 35 44 40 18 36 30 43 57 102 93 76 78 72 65 47 40 32 23 15 9 16 23 27 25 28
65 35 175 164 41 15 142 182 45 68 163 114 157 7 146 157 37 81 61 90 85 194 157 100 187 3 193 73 166 188 160 164 167 191 25 10 162 156 120 164 94 206 55 156 74 14 160 77 192 191 7 3 142 117 142 30 191 63 87 162 65 12 37 73 60 54 46 38 18 23 0 7 10 16 72 75 55 63 61 39 43 38 49 65 123 114 97 99 93 86 68 61 52 43 35 29 28 35 39 39 46
65 35 182 169 47 10 146 188 39 72 168 119 162 13 151 162 40 86 61 93 91 199 162 104 193 5 198 77 171 195 166 169 174 196 24 3 168 161 125 170 100 211 61 161 80 8 165 83 197 196 14 6 147 123 147 27 196 70 81 167 72 7 42 77 62 56 51 43 25 29 7 0 17 22 76 79 60 68 65 43 46 41 51 65 127 118 101 103 99 93 74 67 59 50 42 35 34 42 45 45 53
64 42 165 149 31 25 137 172 54 64 148 109 142 2 131 142 37 66 66 90 78 179 142 94 178 12 178 69 151 179 146 149 158 176 30 18 152 141 115 150 84 191 48 141 67 22 146 70 177 176 8 11 127 108 127 37 176 56 94 147 58 22 35 69 60 54 41 33 11 16 10 17 0 6 68 68 51 60 56 33 43 37 49 64 117 108 92 93 84 77 58 54 45 36 28 21 17 25 29 29 36
67 47 160 144 26 31 133 167 59 59 143 105 137 8 126 137 41 61 69 88 73 174 137 91 173 18 173 64 146 174 141 144 153 171 34 25 147 136 111 145 79 186 44 136 60 27 140 66 172 171 13 18 122 103 122 42 171 51 97 142 52 28 32 64 63 57 37 29 6 10 16 22 6 0 63 64 46 54 51 30 45 42 52 67 114 105 88 90 79 72 53 50 41 32 23 16 12 20 24 23 31
78 82 120 152 69 82 87 126 109 5 151 59 145 69 134 145 54 64 85 55 69 182 145 44 134 72 181 6 154 136 148 152 114 179 67 79 109 144 65 153 68 194 25 144 31 84 148 23 180 179 66 75 130 50 130 80 179 21 125 150 23 80 45 8 69 68 26 35 57 52 72 76 68 63 0 17 18 8 14 38 61 55 66 78 67 58 41 36 28 33 26 24 28 37 43 49 61 65 62 53 42
88 87 104 146 66 85 95 111 112 13 145 67 140 70 128 140 60 58 95 72 63 176 140 49 119 76 175 12 148 120 143 146 99 173 73 82 94 138 73 147 53 188 22 138 21 89 143 6 175 173 70 78 124 47 124 86 173 15 131 144 17 83 51 10 80 77 32 41 57 55 75 79 68 64 17 0 24 20 17 44 66 60 74 88 75 66 50 39 21 18 20 18 26 34 42 48 59 63 60 51 40
66 66 127 144 52 66 98 134 93 14 142 70 137 52 125 137 38 56 74 59 61 173 137 58 142 55 172 19 146 143 140 144 122 171 51 63 117 136 76 144 65 186 17 136 34 67 140 28 172 171 49 58 122 63 122 64 171 24 110 142 25 64 29 19 57 56 9 19 40 35 55 60 51 46 18 24 0 9 7 22 45 39 52 66 79 70 53 51 41 41 29 24 18 20 26 32 45 49 46 37 30
71 73 125 147 61 74 89 131 101 7 146 61 140 61 129 140 46 59 78 52 64 177 140 49 139 64 176 12 149 141 144 147 120 174 59 71 114 139 67 148 74 189 19 139 34 75 144 27 175 174 58 67 125 56 125 71 174 24 117 145 25 72 37 12 62 61 17 27 49 44 63 68 60 54 8 20 9 0 7 30 52 46 59 71 69 60 44 41 34 39 29 26 23 30 35 41 54 58 55 46 39
71 71 121 141 57 71 96 128 98 11 140 69 135 58 123 135 44 53 79 58 58 171 135 56 136 61 170 15 143 137 138 141 116 168 57 68 110 134 74 142 70 183 13 134 28 73 138 22 170 168 55 64 120 60 120 70 168 17 115 139 19 69 35 14 64 61 16 25 45 40 61 65 56 51 14 17 7 7 0 28 50 44 57 71 77 68 51 49 37 35 22 19 17 25 32 38 49 53 50 41 34
44 46 148 153 47 49 108 154 76 35 152 80 147 34 135 147 17 63 52 61 68 183 147 65 162 39 182 39 155 164 150 153 142 180 31 46 137 145 86 154 79 195 32 145 52 50 150 49 182 180 33 42 131 84 131 44 180 42 89 151 44 47 9 39 40 34 13 3 23 18 39 43 33 30 38 44 22 30 28 0 23 17 30 44 88 79 63 64 61 61 46 39 33 24 21 20 34 41 42 33 31
21 32 170 175 71 46 106 177 68 57 173 82 168 44 156 168 7 84 28 53 89 204 168 79 185 43 203 62 177 186 171 175 165 202 20 47 159 167 92 175 100 217 53 167 74 53 171 71 203 202 38 46 153 103 153 35 202 66 67 172 68 47 15 62 18 12 35 24 42 36 43 46 43 45 61 66 45 52 50 23 0 6 6 21 98 89 76 78 84 84 68 61 54 46 42 43 57 65 63 54 53
27 33 164 169 63 45 106 171 65 51 167 82 162 39 150 162 0 78 35 53 83 198 162 72 179 38 197 56 171 180 165 169 159 196 20 44 153 161 92 169 94 211 47 161 68 48 165 65 197 196 33 41 147 96 147 34 196 60 73 166 62 44 9 56 23 17 29 18 36 30 38 41 37 42 55 60 39 46 44 17 6 0 13 27 95 86 69 71 78 78 62 55 48 40 36 37 50 57 57 48 47
15 33 177 185 75 49 106 184 67 64 184 81 178 51 167 178 14 95 22 52 100 215 178 83 192 49 214 69 187 193 182 185 172 212 26 53 167 177 91 186 111 227 65 177 84 58 182 78 213 212 45 52 163 107 163 38 212 74 65 183 75 50 21 69 12 6 42 31 49 43 49 51 49 52 66 74 52 59 57 30 6 13 0 15 97 88 80 82 88 91 78 71 64 56 53 50 64 70 73 65 63
0 38 191 199 89 63 106 198 72 77 198 81 193 66 181 193 28 109 8 52 114 229 193 87 206 63 228 82 201 207 196 199 186 226 41 67 181 191 91 200 125 241 79 191 98 70 196 92 228 226 60 67 177 119 177 43 226 88 58 197 89 64 36 82 9 13 56 45 63 57 65 65 64 67 78 88 66 71 71 44 21 27 15 0 97 88 84 86 100 105 92 85 79 70 67 64 79 84 88 79 77
97 127 164 217 126 133 36 170 160 72 216 17 211 119 199 211 95 129 105 45 134 247 211 31 145 123 246 70 220 146 214 217 99 244 114 130 94 210 5 218 112 260 88 210 87 135 214 80 246 244 117 126 196 72 196 130 244 87 134 215 88 131 93 72 89 92 77 86 108 102 123 127 117 114 67 75 79 69 77 88 98 95 97 97 0 9 28 41 67 77 92 89 92 99 99 105 118 122 120 111 105
88 118 155 208 117 124 33 161 151 63 207 11 202 110 190 202 86 120 96 36 125 238 202 22 147 114 237 61 211 148 205 208 102 235 105 121 97 201 7 209 104 251 79 201 78 126 205 71 237 235 108 117 187 67 187 122 235 78 125 206 79 122 84 63 80 83 68 77 99 93 114 118 108 105 58 66 70 60 68 79 89 86 88 88 9 0 20 32 58 69 83 80 83 90 90 96 109 114 111 102 96
84 101 139 192 101 108 50 145 134 46 191 22 185 93 174 185 69 104 91 32 109 222 185 6 152 97 221 44 194 153 188 192 107 219 88 105 101 184 26 192 88 234 63 184 62 109 188 54 220 219 91 100 170 52 170 105 219 61 121 190 62 106 68 46 76 82 51 60 82 76 97 101 92 88 41 50 53 44 51 63 76 69 80 84 28 20 0 16 42 53 66 64 67 73 74 79 93 97 94 85 79
86 103 125 183 102 109 61 132 136 40 182 34 176 94 165 176 71 95 94 43 100 213 176 15 139 99 212 35 185 141 179 183 113 210 90 106 107 175 38 184 74 225 59 175 48 110 179 44 211 210 93 102 161 45 161 106 210 52 132 181 54 107 69 37 78 84 53 62 84 78 99 103 93 90 36 39 51 41 49 64 78 71 82 86 41 32 16 0 28 39 53 55 63 71 75 81 94 98 95 86 77
100 104 98 159 79 105 88 104 132 27 158 60 152 87 141 152 77 70 107 70 76 189 152 41 112 94 188 22 161 113 156 159 92 186 90 103 87 151 65 160 46 201 40 151 21 105 156 20 188 186 88 96 137 25 137 103 186 30 148 157 28 103 68 24 91 90 48 58 75 72 93 99 84 79 28 21 41 34 37 61 84 78 88 100 67 58 42 28 0 11 26 32 42 51 60 66 72 76 73 64 53
105 105 87 152 72 100 98 94 127 32 151 71 145 80 134 145 77 59 113 80 65 182 145 52 102 87 181 28 154 103 149 152 82 179 90 96 76 144 75 153 35 194 35 144 14 98 149 17 180 179 81 89 130 33 130 103 179 23 149 150 21 97 68 28 98 95 50 58 68 65 86 93 77 72 33 18 41 39 35 61 84 78 91 105 77 69 53 39 11 0 19 25 35 44 53 59 65 69 66 57 46
92 89 105 133 53 81 111 112 108 22 132 83 127 60 115 127 61 45 100 79 50 163 127 65 120 68 162 24 135 121 130 133 100 160 72 77 94 126 89 134 54 175 17 126 7 80 130 23 162 160 63 70 112 50 112 85 160 7 134 131 4 79 53 22 86 82 37 44 50 47 68 74 58 53 26 20 29 29 22 46 68 62 78 92 92 83 66 53 26 19 0 7 15 23 34 41 46 50 47 38 27
85 82 112 130 50 75 109 118 101 19 129 81 124 55 112 124 54 42 93 75 47 160 124 63 126 62 159 21 132 128 127 130 106 157 65 70 101 122 87 131 53 172 10 122 13 75 127 20 159 157 56 63 108 56 108 78 157 3 127 128 5 72 47 19 80 75 31 37 43 40 61 67 54 50 24 18 24 26 19 39 61 55 71 85 89 80 64 55 32 25 7 0 10 19 27 34 43 47 44 35 24
79 75 122 126 41 66 112 128 93 25 125 84 119 47 108 119 48 38 86 74 43 156 119 71 136 53 155 28 128 138 122 126 117 153 58 62 111 118 90 127 47 168 6 118 23 66 122 28 154 153 47 55 104 66 104 71 153 13 120 124 15 63 40 27 73 68 24 30 34 32 52 59 45 41 28 26 18 23 17 33 54 48 64 79 92 83 67 63 42 35 15 10 0 9 19 25 34 38 35 26 15
70 67 130 130 33 57 118 137 84 33 128 91 123 38 111 123 39 41 78 76 47 159 123 79 145 44 158 36 132 146 126 130 125 157 50 53 120 122 97 130 55 172 14 122 32 57 126 36 158 157 38 46 108 75 108 63 157 21 112 127 23 54 32 35 65 60 21 22 25 23 43 50 36 32 37 34 20 30 25 24 46 40 56 70 99 90 73 71 51 44 23 19 9 0 10 16 25 29 26 17 10
67 61 139 139 34 49 119 146 76 39 138 91 132 29 121 132 36 49 74 77 54 169 132 76 154 36 168 44 141 155 135 139 134 166 45 45 128 131 97 139 65 181 21 131 40 49 135 44 167 166 31 38 117 84 117 58 166 30 107 137 32 47 28 44 61 56 20 18 18 15 35 42 28 23 43 42 26 35 32 21 42 36 53 67 99 90 74 75 60 53 34 27 19 10 0 9 22 30 27 18 16
64 55 145 147 28 41 124 152 71 46 146 97 141 22 129 141 37 56 72 79 61 177 141 82 160 28 176 50 149 161 144 147 140 174 40 38 135 139 103 148 72 189 28 139 47 42 144 50 176 174 22 31 125 90 125 52 174 36 102 145 38 38 26 50 60 54 26 20 9 9 29 35 21 16 49 48 32 41 38 20 43 37 50 64 105 96 79 81 66 59 41 34 25 16 9 0 15 22 27 25 22
79 59 148 132 14 43 138 154 71 57 131 110 125 19 114 125 49 49 81 93 54 162 125 95 166 30 161 61 134 167 128 132 146 159 46 35 140 124 116 132 67 174 38 124 53 39 128 61 160 159 25 29 110 96 110 54 159 43 109 130 45 40 40 60 75 69 40 34 13 16 28 34 17 12 61 59 45 54 49 34 57 50 64 79 118 109 93 94 72 65 46 43 34 25 22 15 0 8 12 15 24
84 67 142 126 7 50 142 149 79 61 125 114 119 27 108 119 56 43 88 100 56 156 119 99 169 37 155 65 128 171 123 126 150 153 54 43 144 118 120 127 61 168 42 118 57 45 122 65 154 153 33 36 104 99 104 62 153 47 116 124 49 47 47 64 79 73 44 42 20 23 35 42 25 20 65 63 49 58 53 41 65 57 70 84 122 114 97 98 76 69 50 47 38 29 30 22 8 0 6 14 20
88 70 136 120 7 54 139 143 83 58 119 111 114 31 102 114 57 37 92 98 42 150 114 97 167 41 149 62 122 168 117 120 147 147 58 47 141 112 117 121 55 162 39 112 54 50 117 62 149 147 37 40 99 97 99 66 147 45 120 118 46 51 49 61 82 77 41 39 25 27 39 45 29 24 62 60 46 55 50 42 63 57 73 88 120 111 94 95 73 66 47 44 35 26 27 27 12 6 0 8 14
79 70 139 124 15 54 130 145 82 49 123 103 118 30 106 118 48 41 86 89 47 154 118 88 158 41 153 53 127 159 121 124 138 151 55 46 132 117 108 125 57 166 30 117 45 50 121 53 153 151 36 40 103 88 103 65 151 36 117 122 37 51 40 52 73 68 32 30 23 25 39 45 29 23 53 51 37 46 41 33 54 48 65 79 111 102 85 86 64 57 38 35 26 17 18 25 15 14 8 0 7
77 74 133 128 22 61 124 140 90 38 126 97 121 38 109 121 46 34 85 83 39 157 121 82 147 48 156 44 130 148 124 128 127 155 57 54 122 120 103 128 52 170 19 120 34 58 124 43 156 155 44 47 106 77 106 70 155 25 119 125 27 58 38 42 72 67 27 29 29 28 46 53 36 31 42 40 30 39 34 31 53 47 63 77 105 96 79 77 53 46 27 24 15 10 16 22 24 20 14 7 0